count	px	py	pz	xout	yout	zout
1	0.0000	0.0000	0.1302	0.0000	0.0002	0.0000
2	0.0001	0.0000	0.1308	0.0005	0.0002	0.0000
3	0.0002	0.0001	0.1284	0.0022	0.0005	0.0000
4	0.0004	0.0000	0.1296	0.0041	0.0004	0.0000
5	0.0006	0.0000	0.1302	0.0059	0.0001	0.0000
6	0.0008	0.0000	0.1296	0.0073	0.0000	0.0000
7	0.0009	0.0000	0.1296	0.0087	0.0000	0.0000
8	0.0009	0.0000	0.1296	0.0085	0.0002	0.0000
9	0.0008	0.0000	0.1290	0.0074	0.0000	0.0000
10	0.0006	0.0000	0.1302	0.0060	0.0000	0.0000
11	1.2540	1.5520	0.1296	0.0367	0.4628	12.0002
12	1.2543	1.5504	0.1296	0.0397	0.4489	12.5677
13	1.2526	1.5371	0.1308	0.0246	0.3310	12.1028
14	1.2602	1.5107	0.1302	0.0945	0.0959	12.6127
15	1.2684	1.4780	0.1296	0.1696	-0.1951	12.5905
16	1.2888	1.4406	0.1302	0.3581	-0.5287	12.9077
17	1.3312	1.4004	0.1290	0.7496	-0.8869	13.2840
18	1.3795	1.3576	0.1242	1.1958	-1.2676	14.2242
19	1.4155	1.3062	0.1290	1.5296	-1.7264	13.5035
20	1.4532	1.2462	0.1302	1.8797	-2.0000	13.6133
21	1.1763	1.4532	0.1236	-0.6683	-0.4195	14.6869
22	1.1651	1.4656	0.1302	-0.7731	-0.3086	13.9853
23	1.1332	1.4674	0.1302	-1.0684	-0.2930	14.0949
24	1.0669	1.4713	0.1302	-1.6815	-0.2588	14.5084
25	1.0155	1.4569	0.1290	-2.0000	-0.3871	14.7316
26	0.9676	1.4458	0.1242	-2.0000	-0.4861	15.6714
27	0.9258	1.4245	0.1296	-2.0000	-0.6754	14.8552
28	0.8865	1.4006	0.1315	-2.0000	-0.8886	14.1525
29	0.8665	1.3662	0.1296	-2.0000	-1.1952	15.2263
30	0.8664	1.3402	0.1302	-2.0000	-1.4274	15.5067
31	1.2633	1.5566	0.1315	0.0946	0.4985	15.3470
32	1.2596	1.5537	0.1302	0.0603	0.4733	15.8770
33	1.2587	1.5520	0.1308	0.0525	0.4583	14.9159
34	1.2586	1.5439	0.1315	0.0513	0.3865	16.1331
35	1.2695	1.5312	0.1302	0.1524	0.2736	16.4338
36	1.2661	1.5254	0.1321	0.1212	0.2214	16.4061
37	1.2858	1.4966	0.1302	0.3024	-0.0343	16.7267
38	1.3243	1.4562	0.1308	0.6582	-0.3939	16.1381
39	1.3748	1.4407	0.1230	1.1249	-0.5323	18.1551
40	1.4223	1.4360	0.1302	1.5643	-0.5748	17.3233
41	1.2596	1.5741	0.1308	0.0680	0.6545	17.1081
42	1.2747	1.5701	0.1302	0.2071	0.6197	17.6929
43	1.2974	1.5705	0.1302	0.4169	0.6232	17.8776
44	1.3007	1.5949	0.1242	0.4482	0.8407	19.0849
45	1.3108	1.5944	0.1296	0.5417	0.8369	18.2677
46	1.3428	1.5595	0.1315	0.8380	0.5265	17.3387
47	1.3810	1.5042	0.1296	1.1918	0.0344	18.4867
48	1.4220	1.4386	0.1308	1.5711	-0.5494	18.8613
49	1.4562	1.3855	0.1302	1.8896	-1.0225	18.8364
50	1.4682	1.3623	0.1315	2.0000	-1.2303	18.9076
51	1.2761	1.5456	0.1302	0.2362	0.4021	18.0875
52	1.3236	1.5160	0.1296	0.6743	0.1380	19.5680
53	1.3874	1.4901	0.1290	1.2635	-0.0924	19.3937
54	1.4694	1.4498	0.1308	2.0000	-0.4511	19.7465
55	1.5553	1.4001	0.1296	2.0000	-0.8942	19.8191
56	1.6598	1.3359	0.1302	2.0000	-1.4658	19.2354
57	1.7731	1.2719	0.1284	2.0000	-2.0000	20.4563
58	1.9026	1.1906	0.1302	2.0000	-2.0000	20.8133
59	2.0392	1.0956	0.1302	2.0000	-2.0000	20.6918
60	2.1427	1.0234	0.1333	2.0000	-2.0000	20.7405
61	1.2256	1.5800	0.1308	-0.1649	0.7013	19.9898
62	1.1899	1.6020	0.1290	-0.4945	0.8975	21.3631
63	1.1494	1.6194	0.1296	-0.8683	1.0527	21.3769
64	1.1198	1.6301	0.1315	-1.1429	1.1487	21.3501
65	1.1058	1.6373	0.1296	-1.2741	1.2133	21.7467
66	1.0813	1.6469	0.1315	-1.5017	1.2996	20.8191
67	1.0579	1.6692	0.1278	-1.7202	1.4980	22.4037
68	1.0437	1.6879	0.1284	-1.8540	1.6656	22.4940
69	1.0410	1.7012	0.1308	-1.8829	1.7850	22.2210
70	1.0467	1.7147	0.1315	-1.8329	1.9060	22.3877
71	1.2427	1.5602	0.1290	-0.0298	0.5311	22.7671
72	1.2686	1.5404	0.1302	0.2088	0.3545	22.5347
73	1.2886	1.5080	0.1284	0.3935	0.0668	23.3853
74	1.3009	1.4582	0.1230	0.5070	-0.3765	24.2651
75	1.3001	1.4211	0.1284	0.5008	-0.7071	23.5297
76	1.2836	1.3953	0.1321	0.3496	-0.9375	23.2915
77	1.2816	1.3715	0.1266	0.3309	-1.1497	24.3359
78	1.2766	1.3775	0.1308	0.2860	-1.0970	23.9306
79	1.2652	1.3860	0.1284	0.1811	-1.0214	24.4219
80	1.2557	1.3931	0.1308	0.0939	-0.9587	23.5112
81	1.0575	1.5383	0.1296	-1.7323	0.3337	24.4520
82	1.0616	1.5431	0.1272	-1.6983	0.3765	25.1700
83	1.0664	1.5384	0.1290	-1.6571	0.3351	24.9946
84	1.0682	1.5358	0.1183	-1.6430	0.3114	26.6306
85	1.0703	1.5154	0.1290	-1.6266	0.1300	25.2163
86	1.0591	1.5074	0.1302	-1.7331	0.0595	24.5372
87	1.0480	1.5062	0.1284	-1.8382	0.0482	25.9102
88	1.0358	1.4952	0.1278	-1.9540	-0.0492	26.1143
89	1.0373	1.4891	0.1278	-1.9437	-0.1039	25.9227
90	1.0423	1.5005	0.1327	-1.9004	-0.0025	25.3049
91	1.0560	1.5290	0.1315	-1.7778	0.2514	26.4428
92	1.0619	1.5051	0.1254	-1.7265	0.0385	27.4245
93	1.0570	1.4911	0.1278	-1.7745	-0.0860	27.0032
94	1.0434	1.4778	0.1278	-1.9028	-0.2039	26.9624
95	1.0389	1.4507	0.1266	-1.9481	-0.4460	27.1880
96	1.0352	1.4285	0.1345	-1.9859	-0.6434	26.6565
97	1.0294	1.3910	0.1308	-2.0000	-0.9781	27.1927
98	1.0214	1.3583	0.1302	-2.0000	-1.2692	27.7021
99	1.0070	1.3298	0.1302	-2.0000	-1.5235	26.7635
100	0.9912	1.3002	0.1296	-2.0000	-1.7875	27.0816
101	0.9682	0.9467	0.1296	-2.0000	-2.0000	27.9775
102	0.9858	0.9303	0.1290	-2.0000	-2.0000	28.7937
103	0.9873	0.9170	0.1278	-2.0000	-2.0000	28.6361
104	0.9864	0.9061	0.1333	-2.0000	-2.0000	28.4154
105	0.9909	0.8803	0.1284	-2.0000	-2.0000	28.8363
106	1.0119	0.8355	0.1290	-2.0000	-2.0000	29.6898
107	1.0297	0.7807	0.1201	-2.0000	-2.0000	30.3643
108	1.0391	0.7128	0.1248	-1.9970	-2.0000	29.9600
109	1.0414	0.6594	0.1278	-1.9790	-2.0000	29.4508
110	1.0407	0.6252	0.1278	-1.9892	-2.0000	29.8252
111	1.4280	0.8940	0.1254	1.5773	-2.0000	29.1690
112	1.4480	0.9064	0.1183	1.7643	-2.0000	31.3511
113	1.4703	0.9319	0.1284	1.9729	-2.0000	30.7111
114	1.5106	0.9558	0.1278	2.0000	-2.0000	30.5356
115	1.5529	0.9957	0.1278	2.0000	-2.0000	30.4966
116	1.5885	1.0364	0.1296	2.0000	-2.0000	30.8485
117	1.6286	1.0598	0.1230	2.0000	-2.0000	31.9197
118	1.6972	1.0615	0.1377	2.0000	-2.0000	29.0575
119	1.7643	1.0543	0.1440	2.0000	-2.0000	30.4573
120	1.8106	1.0631	0.1402	2.0000	-2.0000	32.0899
121	1.2368	1.4280	0.1447	-0.1304	-0.6979	30.6402
122	1.2291	1.4359	0.1408	-0.2018	-0.6286	31.5033
123	1.2325	1.4626	0.1308	-0.1709	-0.3905	32.5461
124	1.2504	1.4881	0.1296	-0.0061	-0.1634	31.1120
125	1.2668	1.4957	0.1260	0.1456	-0.0961	32.4605
126	1.2807	1.5053	0.1272	0.2732	-0.0107	32.8341
127	1.2858	1.5049	0.1290	0.3212	-0.0142	32.7354
128	1.2999	1.4849	0.1352	0.4518	-0.1923	32.7977
129	1.3285	1.4579	0.1408	0.7163	-0.4326	31.4740
130	1.3422	1.4449	0.1466	0.8438	-0.5483	32.7918
131	0.6410	1.2330	0.1512	-2.0000	-2.0000	32.7844
132	0.6341	1.2430	0.1614	-2.0000	-2.0000	32.4572
133	0.6361	1.2430	0.1720	-2.0000	-2.0000	31.8308
134	0.6205	1.2397	0.1779	-2.0000	-2.0000	32.6167
135	0.5972	1.2505	0.1706	-2.0000	-2.0000	33.0000
136	0.5920	1.2564	0.1720	-2.0000	-2.0000	33.0000
137	0.5903	1.2595	0.1539	-2.0000	-2.0000	33.0000
138	0.6037	1.2724	0.1440	-2.0000	-2.0000	33.0000
139	0.6403	1.2917	0.1302	-2.0000	-1.9209	33.0000
140	0.6851	1.2981	0.1315	-2.0000	-1.8652	33.0000
141	1.5653	1.2088	0.1315	2.0000	-2.0000	33.0000
142	1.5839	1.2255	0.1315	2.0000	-2.0000	33.0000
143	1.6053	1.2443	0.1345	2.0000	-2.0000	33.0000
144	1.6187	1.2616	0.1370	2.0000	-2.0000	33.0000
145	1.6477	1.2887	0.1364	2.0000	-1.9538	33.0000
146	1.6869	1.3119	0.1364	2.0000	-1.7483	33.0000
147	1.7251	1.3221	0.1389	2.0000	-1.6578	33.0000
148	1.7792	1.3224	0.1383	2.0000	-1.6563	33.0000
149	1.8526	1.3187	0.1352	2.0000	-1.6894	33.0000
150	1.9292	1.3212	0.1352	2.0000	-1.6683	33.0000
151	2.0073	1.3216	0.1284	2.0000	-1.6651	33.0000
152	2.1104	1.3040	0.1296	2.0000	-1.8222	33.0000
153	2.2163	1.2931	0.1230	2.0000	-1.9208	33.0000
154	2.3286	1.2935	0.1236	2.0000	-1.9177	33.0000
155	2.4267	1.2932	0.1260	2.0000	-1.9215	33.0000
156	2.5028	1.3063	0.1230	2.0000	-1.8051	33.0000
157	2.5900	1.3097	0.1254	2.0000	-1.7762	33.0000
158	2.6753	1.3040	0.1201	2.0000	-1.8276	33.0000
159	2.7733	1.2908	0.1284	2.0000	-1.9459	33.0000
160	2.8564	1.2828	0.1315	2.0000	-2.0000	33.0000
161	0.9230	0.8268	0.1308	-2.0000	-2.0000	33.0000
162	0.8910	0.8544	0.1321	-2.0000	-2.0000	33.0000
163	0.8377	0.8979	0.1296	-2.0000	-2.0000	33.0000
164	0.7897	0.9275	0.1296	-2.0000	-2.0000	33.0000
165	0.7546	0.9601	0.1254	-2.0000	-2.0000	33.0000
166	0.7267	0.9897	0.1236	-2.0000	-2.0000	33.0000
167	0.7097	1.0297	0.1236	-2.0000	-2.0000	33.0000
168	0.6975	1.0755	0.1248	-2.0000	-2.0000	33.0000
169	0.6944	1.1106	0.1213	-2.0000	-2.0000	33.0000
170	0.6968	1.1464	0.1248	-2.0000	-2.0000	33.0000
171	0.9249	0.9177	0.1248	-2.0000	-2.0000	33.0000
172	0.9072	0.9468	0.1213	-2.0000	-2.0000	33.0000
173	0.8935	0.9632	0.1213	-2.0000	-2.0000	33.0000
174	0.8738	0.9688	0.1213	-2.0000	-2.0000	33.0000
175	0.8508	0.9604	0.1224	-2.0000	-2.0000	33.0000
176	0.8231	0.9303	0.1272	-2.0000	-2.0000	33.0000
177	0.8076	0.8716	0.1260	-2.0000	-2.0000	33.0000
178	0.7890	0.7989	0.1254	-2.0000	-2.0000	33.0000
179	0.7710	0.7370	0.1260	-2.0000	-2.0000	33.0000
180	0.7716	0.6854	0.1272	-2.0000	-2.0000	33.0000
181	0.5279	0.5248	0.1201	-2.0000	-2.0000	33.0000
182	0.5217	0.5297	0.1278	-2.0000	-2.0000	33.0000
183	0.5282	0.5249	0.1266	-2.0000	-2.0000	33.0000
184	0.5319	0.5271	0.1248	-2.0000	-2.0000	33.0000
185	0.5371	0.5460	0.1266	-2.0000	-2.0000	33.0000
186	0.5309	0.5781	0.1201	-2.0000	-2.0000	33.0000
187	0.5107	0.6002	0.1284	-2.0000	-2.0000	33.0000
188	0.4844	0.6269	0.1284	-2.0000	-2.0000	33.0000
189	0.4620	0.6476	0.1242	-2.0000	-2.0000	33.0000
190	0.4542	0.6487	0.1278	-2.0000	-2.0000	33.0000
191	0.8226	1.2010	0.1278	-2.0000	-2.0000	33.0000
192	0.8499	1.1874	0.1272	-2.0000	-2.0000	33.0000
193	0.8743	1.1721	0.1284	-2.0000	-2.0000	33.0000
194	0.8884	1.1467	0.1284	-2.0000	-2.0000	33.0000
195	0.9104	1.1243	0.1254	-2.0000	-2.0000	33.0000
196	0.9177	1.1203	0.1230	-2.0000	-2.0000	33.0000
197	0.9187	1.1289	0.1260	-2.0000	-2.0000	33.0000
198	0.9066	1.1337	0.1272	-2.0000	-2.0000	33.0000
199	0.8896	1.1347	0.1260	-2.0000	-2.0000	33.0000
200	0.8713	1.1356	0.1254	-2.0000	-2.0000	33.0000
201	0.8780	1.1920	0.1236	-2.0000	-2.0000	33.0000
202	0.9210	1.1637	0.1248	-2.0000	-2.0000	33.0000
203	0.9783	1.1374	0.1272	-2.0000	-2.0000	33.0000
204	1.0366	1.0943	0.1266	-2.0000	-2.0000	33.0000
205	1.0921	1.0485	0.1242	-1.6345	-2.0000	33.0000
206	1.1634	1.0083	0.1207	-0.9797	-2.0000	33.0000
207	1.2445	0.9832	0.1254	-0.2334	-2.0000	33.0000
208	1.3126	0.9626	0.1272	0.3938	-2.0000	33.0000
209	1.3888	0.9272	0.1260	1.0970	-2.0000	33.0000
210	1.4381	0.8909	0.1284	1.5535	-2.0000	33.0000
211	0.9414	1.2175	0.1272	-2.0000	-2.0000	33.0000
212	0.9704	1.2180	0.1272	-2.0000	-2.0000	33.0000
213	1.0027	1.2179	0.1266	-2.0000	-2.0000	33.0000
214	1.0467	1.2176	0.1178	-2.0000	-2.0000	33.0000
215	1.0789	1.2068	0.1266	-1.7700	-2.0000	33.0000
216	1.1094	1.1973	0.1278	-1.4921	-2.0000	33.0000
217	1.1351	1.1853	0.1254	-1.2574	-2.0000	33.0000
218	1.1553	1.1439	0.1278	-1.0732	-2.0000	33.0000
219	1.1821	1.0886	0.1189	-0.8271	-2.0000	33.0000
220	1.2227	1.0464	0.1272	-0.4541	-2.0000	33.0000
221	0.1580	1.3830	0.1260	-2.0000	-1.2545	33.0000
222	0.1689	1.3853	0.1230	-2.0000	-1.2344	33.0000
223	0.1971	1.3993	0.1230	-2.0000	-1.1104	33.0000
224	0.2221	1.4269	0.1290	-2.0000	-0.8650	33.0000
225	0.2432	1.4444	0.1230	-2.0000	-0.7093	33.0000
226	0.2719	1.4721	0.1260	-2.0000	-0.4633	33.0000
227	0.3191	1.4987	0.1224	-2.0000	-0.2266	33.0000
228	0.3568	1.5189	0.1278	-2.0000	-0.0463	33.0000
229	0.4015	1.5172	0.1278	-2.0000	-0.0618	33.0000
230	0.4403	1.5094	0.1296	-2.0000	-0.1312	33.0000
231	0.9389	1.4210	0.1278	-2.0000	-0.9179	33.0000
232	0.9643	1.4214	0.1296	-2.0000	-0.9146	33.0000
233	0.9819	1.4304	0.1278	-2.0000	-0.8346	33.0000
234	0.9987	1.4357	0.1218	-2.0000	-0.7877	33.0000
235	1.0033	1.4264	0.1260	-2.0000	-0.8706	33.0000
236	1.0194	1.4091	0.1302	-2.0000	-1.0256	33.0000
237	1.0449	1.4093	0.1260	-2.0000	-1.0240	33.0000
238	1.0799	1.3875	0.1296	-1.9549	-1.2182	33.0000
239	1.0891	1.3712	0.1284	-1.8736	-1.3641	33.0000
240	1.0927	1.3525	0.1296	-1.8426	-1.5308	33.0000
241	0.8199	1.5310	0.1278	-2.0000	0.0578	33.0000
242	0.8471	1.5200	0.1290	-2.0000	-0.0400	33.0000
243	0.8696	1.4990	0.1284	-2.0000	-0.2270	33.0000
244	0.9155	1.4731	0.1218	-2.0000	-0.4573	33.0000
245	0.9635	1.4436	0.1137	-2.0000	-0.7201	33.0000
246	1.0215	1.3881	0.1302	-2.0000	-1.2148	33.0000
247	1.0681	1.3355	0.1284	-2.0000	-1.6835	33.0000
248	1.0984	1.2702	0.1278	-1.8281	-2.0000	33.0000
249	1.1374	1.1688	0.1195	-1.4716	-2.0000	33.0000
250	1.1629	1.0981	0.1296	-1.2382	-2.0000	33.0000
251	1.5097	1.7390	0.1296	1.9562	1.9045	33.0000
252	1.5221	1.7777	0.1272	2.0000	2.0000	33.0000
253	1.5349	1.8070	0.1284	2.0000	2.0000	33.0000
254	1.5525	1.8083	0.1207	2.0000	2.0000	33.0000
255	1.5821	1.8026	0.1278	2.0000	2.0000	33.0000
256	1.5999	1.8083	0.1296	2.0000	2.0000	33.0000
257	1.6277	1.8271	0.1302	2.0000	2.0000	33.0000
258	1.6534	1.8641	0.1315	2.0000	2.0000	33.0000
259	1.6741	1.9077	0.1290	2.0000	2.0000	33.0000
260	1.6909	1.9322	0.1272	2.0000	2.0000	33.0000
261	1.0930	1.8566	0.1290	-1.8289	2.0000	33.0000
262	1.0947	1.8853	0.1218	-1.8154	2.0000	33.0000
263	1.1026	1.9318	0.1266	-1.7455	2.0000	33.0000
264	1.1344	1.9755	0.1296	-1.4541	2.0000	33.0000
265	1.1934	2.0337	0.1284	-0.9125	2.0000	33.0000
266	1.2624	2.0693	0.1272	-0.2777	2.0000	33.0000
267	1.3241	2.1017	0.1218	0.2908	2.0000	33.0000
268	1.3830	2.1397	0.1290	0.8351	2.0000	33.0000
269	1.4187	2.1779	0.1302	1.1666	2.0000	33.0000
270	1.4450	2.2158	0.1296	1.4111	2.0000	33.0000
271	0.9489	1.7120	0.1296	-2.0000	1.6990	33.0000
272	0.9553	1.6971	0.1296	-2.0000	1.5672	33.0000
273	0.9626	1.6609	0.1308	-2.0000	1.2453	33.0000
274	0.9546	1.6073	0.1290	-2.0000	0.7691	33.0000
275	0.9360	1.5529	0.1284	-2.0000	0.2854	33.0000
276	0.9142	1.5144	0.1296	-2.0000	-0.0574	33.0000
277	0.8790	1.4913	0.1207	-2.0000	-0.2629	33.0000
278	0.8474	1.4585	0.1302	-2.0000	-0.5552	33.0000
279	0.8248	1.4100	0.1290	-2.0000	-0.9873	33.0000
280	0.8104	1.3823	0.1296	-2.0000	-1.2342	33.0000
281	0.9901	1.5880	0.1284	-2.0000	0.5965	33.0000
282	0.9808	1.5831	0.1302	-2.0000	0.5535	33.0000
283	0.9573	1.5855	0.1189	-2.0000	0.5748	33.0000
284	0.9193	1.5860	0.1296	-2.0000	0.5797	33.0000
285	0.8637	1.5874	0.1284	-2.0000	0.5925	33.0000
286	0.8171	1.5795	0.1296	-2.0000	0.5228	33.0000
287	0.7573	1.5768	0.1302	-2.0000	0.4987	33.0000
288	0.6990	1.5653	0.1296	-2.0000	0.3972	33.0000
289	0.6570	1.5484	0.1272	-2.0000	0.2471	33.0000
290	0.6279	1.5265	0.1302	-2.0000	0.0524	33.0000
291	1.0665	1.5696	0.1290	-2.0000	0.4362	33.0000
292	1.0556	1.5564	0.1302	-2.0000	0.3185	33.0000
293	1.0496	1.5408	0.1284	-2.0000	0.1802	33.0000
294	1.0372	1.5215	0.1308	-2.0000	0.0080	33.0000
295	1.0340	1.5240	0.1284	-2.0000	0.0303	33.0000
296	1.0565	1.5111	0.1290	-2.0000	-0.0843	33.0000
297	1.1176	1.5147	0.1296	-1.7452	-0.0522	33.0000
298	1.1823	1.4977	0.1302	-1.1507	-0.2032	33.0000
299	1.2425	1.4828	0.1290	-0.5976	-0.3360	33.0000
300	1.2895	1.4667	0.1302	-0.1641	-0.4794	33.0000
301	1.0682	1.5586	0.1339	-2.0000	0.3387	33.0000
302	1.0589	1.5582	0.1302	-2.0000	0.3355	33.0000
303	1.0622	1.5502	0.1260	-2.0000	0.2647	33.0000
304	1.0811	1.5245	0.1272	-2.0000	0.0359	33.0000
305	1.1002	1.4848	0.1172	-1.9196	-0.3177	33.0000
306	1.1047	1.4533	0.1260	-1.8811	-0.5986	33.0000
307	1.0892	1.4164	0.1248	-2.0000	-0.9266	33.0000
308	1.0590	1.3615	0.1278	-2.0000	-1.4159	33.0000
309	1.0136	1.3052	0.1260	-2.0000	-1.9180	33.0000
310	0.9821	1.2556	0.1327	-2.0000	-2.0000	33.0000
311	0.7720	1.4904	0.1290	-2.0000	-0.2706	33.0000
312	0.7737	1.4899	0.1333	-2.0000	-0.2751	33.0000
313	0.7769	1.4660	0.1302	-2.0000	-0.4876	33.0000
314	0.7951	1.4402	0.1296	-2.0000	-0.7180	33.0000
315	0.8126	1.4012	0.1236	-2.0000	-1.0656	33.0000
316	0.8365	1.3595	0.1352	-2.0000	-1.4373	33.0000
317	0.8859	1.3193	0.1321	-2.0000	-1.7953	33.0000
318	0.9354	1.2900	0.1278	-2.0000	-2.0000	33.0000
319	0.9772	1.2656	0.1195	-2.0000	-2.0000	33.0000
320	0.9973	1.2482	0.1260	-2.0000	-2.0000	33.0000
321	1.0111	1.4843	0.1308	-2.0000	-0.3300	33.0000
322	1.0412	1.4803	0.1327	-2.0000	-0.3653	33.0000
323	1.0763	1.4633	0.1296	-2.0000	-0.5173	33.0000
324	1.0947	1.4459	0.1290	-2.0000	-0.6719	33.0000
325	1.1114	1.4398	0.1260	-1.9100	-0.7267	33.0000
326	1.1165	1.4396	0.1284	-1.8657	-0.7284	33.0000
327	1.1225	1.4495	0.1284	-1.8126	-0.6410	33.0000
328	1.1187	1.4676	0.1308	-1.8494	-0.4796	33.0000
329	1.1231	1.4661	0.1290	-1.8109	-0.4931	33.0000
330	1.1297	1.4631	0.1218	-1.7525	-0.5203	33.0000
331	1.0422	1.3290	0.1302	-2.0000	-1.7139	33.0000
332	1.0570	1.3195	0.1296	-2.0000	-1.7998	33.0000
333	1.0554	1.2858	0.1260	-2.0000	-2.0000	33.0000
334	1.0490	1.2827	0.1284	-2.0000	-2.0000	33.0000
335	1.0512	1.3018	0.1272	-2.0000	-1.9593	33.0000
336	1.0479	1.3452	0.1248	-2.0000	-1.5742	33.0000
337	1.0504	1.3884	0.1284	-2.0000	-1.1902	33.0000
338	1.0547	1.4138	0.1278	-2.0000	-0.9646	33.0000
339	1.0518	1.4411	0.1248	-2.0000	-0.7212	33.0000
340	1.0626	1.4655	0.1254	-2.0000	-0.5047	33.0000
341	0.7496	1.2861	0.1266	-2.0000	-2.0000	33.0000
342	0.7594	1.2847	0.1290	-2.0000	-2.0000	33.0000
343	0.7618	1.2924	0.1183	-2.0000	-2.0000	33.0000
344	0.7478	1.3059	0.1290	-2.0000	-1.9286	33.0000
345	0.7032	1.3241	0.1339	-2.0000	-1.7674	33.0000
346	0.6512	1.3366	0.1321	-2.0000	-1.6563	33.0000
347	0.5952	1.3631	0.1166	-2.0000	-1.4212	33.0000
348	0.5287	1.3692	0.1321	-2.0000	-1.3674	33.0000
349	0.4697	1.3384	0.1315	-2.0000	-1.6423	33.0000
350	0.4374	1.2992	0.1290	-2.0000	-1.9919	33.0000
351	0.7855	1.3008	0.1266	-2.0000	-1.9786	33.0000
352	0.7854	1.2583	0.1272	-2.0000	-2.0000	33.0000
353	0.7681	1.2230	0.1278	-2.0000	-2.0000	33.0000
354	0.7346	1.1987	0.1296	-2.0000	-2.0000	33.0000
355	0.6964	1.1789	0.1321	-2.0000	-2.0000	33.0000
356	0.6594	1.1652	0.1321	-2.0000	-2.0000	33.0000
357	0.6282	1.1245	0.1315	-2.0000	-2.0000	33.0000
358	0.6032	1.0744	0.1248	-2.0000	-2.0000	33.0000
359	0.5594	1.0270	0.1358	-2.0000	-2.0000	33.0000
360	0.5305	1.0041	0.1408	-2.0000	-2.0000	33.0000
361	0.9440	1.0465	0.1396	-2.0000	-2.0000	33.0000
362	0.9577	1.0463	0.1396	-2.0000	-2.0000	33.0000
363	0.9519	1.0583	0.1278	-2.0000	-2.0000	33.0000
364	0.9439	1.0735	0.1315	-2.0000	-2.0000	33.0000
365	0.9288	1.0695	0.1290	-2.0000	-2.0000	33.0000
366	0.9177	1.0941	0.1302	-2.0000	-2.0000	33.0000
367	0.9063	1.1342	0.1339	-2.0000	-2.0000	33.0000
368	0.9164	1.1791	0.1377	-2.0000	-2.0000	33.0000
369	0.9238	1.2135	0.1364	-2.0000	-2.0000	33.0000
370	0.9323	1.2394	0.1296	-2.0000	-2.0000	33.0000
371	0.9200	1.0549	0.1278	-2.0000	-2.0000	33.0000
372	0.9096	1.0529	0.1260	-2.0000	-2.0000	33.0000
373	0.8845	1.0549	0.1254	-2.0000	-2.0000	33.0000
374	0.8580	1.0639	0.1224	-2.0000	-2.0000	33.0000
375	0.8415	1.0835	0.1278	-2.0000	-2.0000	33.0000
376	0.8251	1.1110	0.1302	-2.0000	-2.0000	33.0000
377	0.8250	1.1376	0.1266	-2.0000	-2.0000	33.0000
378	0.8355	1.1666	0.1272	-2.0000	-2.0000	33.0000
379	0.8601	1.2055	0.1213	-2.0000	-2.0000	33.0000
380	0.8803	1.2406	0.1321	-2.0000	-2.0000	33.0000
381	0.6453	0.5799	0.1278	-2.0000	-2.0000	33.0000
382	0.6296	0.5722	0.1284	-2.0000	-2.0000	33.0000
383	0.6135	0.5547	0.1213	-2.0000	-2.0000	33.0000
384	0.5998	0.5387	0.1272	-2.0000	-2.0000	33.0000
385	0.5709	0.5103	0.1290	-2.0000	-2.0000	33.0000
386	0.5557	0.4781	0.1260	-2.0000	-2.0000	33.0000
387	0.5580	0.4441	0.1266	-2.0000	-2.0000	33.0000
388	0.5534	0.3991	0.1207	-2.0000	-2.0000	33.0000
389	0.5355	0.3602	0.1278	-2.0000	-2.0000	33.0000
390	0.5227	0.3187	0.1236	-2.0000	-2.0000	33.0000
391	0.6725	0.5848	0.1278	-2.0000	-2.0000	33.0000
392	0.7016	0.5705	0.1296	-2.0000	-2.0000	33.0000
393	0.7248	0.5599	0.1213	-2.0000	-2.0000	33.0000
394	0.7468	0.5386	0.1290	-2.0000	-2.0000	33.0000
395	0.7911	0.4950	0.1284	-2.0000	-2.0000	33.0000
396	0.8398	0.4303	0.1296	-2.0000	-2.0000	33.0000
397	0.8803	0.3718	0.1284	-2.0000	-2.0000	33.0000
398	0.8999	0.3052	0.1302	-2.0000	-2.0000	33.0000
399	0.9006	0.2599	0.1278	-2.0000	-2.0000	33.0000
400	0.9041	0.1959	0.1302	-2.0000	-2.0000	33.0000
401	0.6508	0.5800	0.1290	-2.0000	-2.0000	33.0000
402	0.6412	0.5641	0.1290	-2.0000	-2.0000	33.0000
403	0.6347	0.5433	0.1272	-2.0000	-2.0000	33.0000
404	0.6131	0.5068	0.1290	-2.0000	-2.0000	33.0000
405	0.6071	0.4737	0.1284	-2.0000	-2.0000	33.0000
406	0.6187	0.4430	0.1327	-2.0000	-2.0000	33.0000
407	0.6298	0.4234	0.1308	-2.0000	-2.0000	33.0000
408	0.6688	0.3763	0.1321	-2.0000	-2.0000	33.0000
409	0.7030	0.3479	0.1302	-2.0000	-2.0000	33.0000
410	0.7482	0.3070	0.1327	-2.0000	-2.0000	33.0000
411	0.6528	0.6080	0.1315	-2.0000	-2.0000	33.0000
412	0.6324	0.6355	0.1308	-2.0000	-2.0000	33.0000
413	0.6003	0.6730	0.1302	-2.0000	-2.0000	33.0000
414	0.5785	0.6867	0.1321	-2.0000	-2.0000	33.0000
415	0.5699	0.6988	0.1302	-2.0000	-2.0000	33.0000
416	0.5718	0.7292	0.1302	-2.0000	-2.0000	33.0000
417	0.5600	0.7652	0.1207	-2.0000	-2.0000	33.0000
418	0.5480	0.7897	0.1296	-2.0000	-2.0000	33.0000
419	0.5525	0.8145	0.1284	-2.0000	-2.0000	33.0000
420	0.5871	0.8340	0.1290	-2.0000	-2.0000	33.0000
