

count	px	py	pz	xout	yout	zout
1	0.0000	0.0000	0.0000	0.0000	0.0000	0.0000
2	0.0000	0.0000	0.1296	0.0000	0.0003	0.0000
3	0.0000	0.0001	0.1315	0.0000	0.0012	0.0000
4	0.0001	0.0003	0.1315	0.0009	0.0029	0.0000
5	0.0002	0.0006	0.1284	0.0021	0.0050	0.0000
6	0.0003	0.0007	0.1327	0.0032	0.0065	0.0000
7	0.0005	0.0009	0.1321	0.0051	0.0077	0.0000
8	0.0008	0.0010	0.1296	0.0073	0.0090	0.0000
9	0.0010	0.0011	0.1327	0.0093	0.0101	0.0000
10	0.0013	0.0013	0.1296	0.0116	0.0114	0.0000
11	1.6720	2.9380	0.1308	2.0000	2.0000	11.7700
12	1.6721	2.9379	0.1308	2.0000	2.0000	12.1825
13	1.6722	2.9379	0.1296	2.0000	2.0000	12.4824
14	1.6723	2.9379	0.1321	2.0000	2.0000	12.5885
15	1.6725	2.9380	0.1321	2.0000	2.0000	11.2718
16	1.6723	2.9380	0.1302	2.0000	2.0000	13.0931
17	1.6722	2.9380	0.1302	2.0000	2.0000	12.9734
18	1.6722	2.9381	0.1327	2.0000	2.0000	13.0012
19	1.6722	2.9381	0.1333	2.0000	2.0000	12.8993
20	1.6724	2.9381	0.1308	2.0000	2.0000	13.7749
21	1.6720	2.9380	0.1296	2.0000	2.0000	13.8459
22	1.6719	2.9380	0.1290	2.0000	2.0000	14.1264
23	1.6717	2.9379	0.1315	2.0000	2.0000	14.3871
24	1.6713	2.9378	0.1321	2.0000	2.0000	14.0151
25	1.6710	2.9377	0.1308	2.0000	2.0000	14.6981
26	1.6708	2.9377	0.1308	2.0000	2.0000	14.8056
27	1.6707	2.9377	0.1308	2.0000	2.0000	14.9904
28	1.6708	2.9378	0.1333	2.0000	2.0000	14.8645
29	1.6708	2.9378	0.1284	2.0000	2.0000	15.9345
30	1.6708	2.9379	0.1315	2.0000	2.0000	15.1812
31	1.6720	2.9380	0.1308	2.0000	2.0000	15.7682
32	1.6720	2.9379	0.1296	2.0000	2.0000	15.7623
33	1.6721	2.9378	0.1207	2.0000	2.0000	17.2794
34	1.6724	2.9378	0.1308	2.0000	2.0000	16.0174
35	1.6727	2.9378	0.1290	2.0000	2.0000	16.9486
36	1.6731	2.9379	0.1345	2.0000	2.0000	16.1108
37	1.6735	2.9381	0.1290	2.0000	2.0000	17.1633
38	1.6740	2.9383	0.1333	2.0000	2.0000	16.7512
39	1.6745	2.9384	0.1327	2.0000	2.0000	16.9185
40	1.6751	2.9385	0.1302	2.0000	2.0000	17.3344
41	1.6720	2.9380	0.1284	2.0000	2.0000	17.8057
42	1.6721	2.9380	0.1308	2.0000	2.0000	15.9745
43	1.6723	2.9381	0.1308	2.0000	2.0000	17.7961
44	1.6727	2.9382	0.1284	2.0000	2.0000	18.2105
45	1.6731	2.9384	0.1302	2.0000	2.0000	18.0330
46	1.6734	2.9386	0.1296	2.0000	2.0000	18.5418
47	1.6737	2.9388	0.1321	2.0000	2.0000	18.5726
48	1.6741	2.9389	0.1327	2.0000	2.0000	18.7365
49	1.6746	2.9391	0.1290	2.0000	2.0000	19.0372
50	1.6749	2.9393	0.1308	2.0000	2.0000	19.2040
51	1.6720	2.9380	0.1327	2.0000	2.0000	19.0225
52	1.6720	2.9379	0.1321	2.0000	2.0000	19.0744
53	1.6722	2.9378	0.1302	2.0000	2.0000	19.7764
54	1.6724	2.9378	0.1308	2.0000	2.0000	19.9412
55	1.6726	2.9379	0.1284	2.0000	2.0000	20.1272
56	1.6725	2.9379	0.1302	2.0000	2.0000	20.6389
57	1.6725	2.9379	0.1327	2.0000	2.0000	20.1303
58	1.6725	2.9379	0.1327	2.0000	2.0000	20.2376
59	1.6726	2.9379	0.1321	2.0000	2.0000	20.5580
60	1.6727	2.9378	0.1302	2.0000	2.0000	20.8785
61	1.6720	2.9380	0.1290	2.0000	2.0000	21.1022
62	1.6719	2.9380	0.1296	2.0000	2.0000	21.6496
63	1.6719	2.9380	0.1321	2.0000	2.0000	21.1441
64	1.6720	2.9380	0.1213	2.0000	2.0000	23.0283
65	1.6721	2.9381	0.1315	2.0000	2.0000	21.8411
66	1.6723	2.9381	0.1302	2.0000	2.0000	21.9124
67	1.6725	2.9381	0.1308	2.0000	2.0000	22.2306
68	1.6728	2.9381	0.1315	2.0000	2.0000	22.6267
69	1.6730	2.9382	0.1315	2.0000	2.0000	22.0863
70	1.6733	2.9382	0.1302	2.0000	2.0000	22.7672
71	1.6720	2.9380	0.1321	2.0000	2.0000	21.5020
72	1.6720	2.9380	0.1296	2.0000	2.0000	23.0442
73	1.6722	2.9379	0.1302	2.0000	2.0000	23.0583
74	1.6725	2.9379	0.1302	2.0000	2.0000	23.2431
75	1.6726	2.9379	0.1195	2.0000	2.0000	25.3428
76	1.6727	2.9378	0.1321	2.0000	2.0000	23.7842
77	1.6727	2.9377	0.1284	2.0000	2.0000	24.2378
78	1.6728	2.9375	0.1315	2.0000	2.0000	23.9442
79	1.6729	2.9374	0.1315	2.0000	2.0000	23.8267
80	1.6729	2.9373	0.1333	2.0000	2.0000	24.4848
81	1.6722	2.9380	0.1284	2.0000	2.0000	24.8642
82	1.6723	2.9381	0.1321	2.0000	2.0000	24.7795
83	1.6723	2.9381	0.1308	2.0000	2.0000	25.0037
84	1.6724	2.9381	0.1315	2.0000	2.0000	24.9404
85	1.6725	2.9382	0.1278	2.0000	2.0000	25.6236
86	1.6727	2.9383	0.1327	2.0000	2.0000	25.3465
87	1.6730	2.9384	0.1278	2.0000	2.0000	25.9178
88	1.6733	2.9385	0.1327	2.0000	2.0000	25.7937
89	1.6735	2.9385	0.1230	2.0000	2.0000	27.3060
90	1.6739	2.9386	0.1345	2.0000	2.0000	25.8342
91	1.6717	2.9380	0.1290	2.0000	2.0000	26.5813
92	1.6715	2.9380	0.1296	2.0000	2.0000	26.7474
93	1.6714	2.9381	0.1290	2.0000	2.0000	26.1275
94	1.6714	2.9381	0.1242	2.0000	2.0000	28.2000
95	1.6714	2.9381	0.1308	2.0000	2.0000	27.2669
96	1.6717	2.9381	0.1302	2.0000	2.0000	26.3473
97	1.6720	2.9380	0.1284	2.0000	2.0000	27.8685
98	1.6724	2.9380	0.1321	2.0000	2.0000	27.7859
99	1.6727	2.9379	0.1315	2.0000	2.0000	26.8966
100	1.6731	2.9379	0.1308	2.0000	2.0000	27.9284
101	1.6720	2.9380	0.1290	2.0000	2.0000	28.4016
102	1.6720	2.9380	0.1302	2.0000	2.0000	27.3509
103	1.6719	2.9381	0.1218	2.0000	2.0000	30.0534
104	1.6719	2.9382	0.1266	2.0000	2.0000	29.7221
105	1.6718	2.9383	0.1315	2.0000	2.0000	27.9383
106	1.6718	2.9383	0.1248	2.0000	2.0000	30.2995
107	1.6719	2.9384	0.1284	2.0000	2.0000	29.4621
108	1.6719	2.9384	0.1302	2.0000	2.0000	28.5418
109	1.6723	2.9384	0.1224	2.0000	2.0000	30.7746
110	1.6726	2.9383	0.1302	2.0000	2.0000	29.8104
111	1.6729	2.9383	0.1290	2.0000	2.0000	29.6604
112	1.6730	2.9382	0.1315	2.0000	2.0000	30.0642
113	1.6733	2.9382	0.1278	2.0000	2.0000	30.9753
114	1.6736	2.9381	0.1327	2.0000	2.0000	30.4698
115	1.6740	2.9381	0.1308	2.0000	2.0000	30.8676
116	1.6745	2.9381	0.1321	2.0000	2.0000	30.9359
117	1.6749	2.9382	0.1302	2.0000	2.0000	31.4091
118	1.6755	2.9382	0.1308	2.0000	2.0000	31.1169
119	1.6760	2.9382	0.1278	2.0000	2.0000	32.1602
120	1.6766	2.9381	0.1327	2.0000	2.0000	31.5787
121	1.6772	2.9381	0.1290	2.0000	2.0000	31.9981
122	1.6779	2.9380	0.1315	2.0000	2.0000	32.2583
123	1.6786	2.9380	0.1290	2.0000	2.0000	31.3255
124	1.6793	2.9380	0.1213	2.0000	2.0000	33.0000
125	1.6799	2.9379	0.1308	2.0000	2.0000	32.7596
126	1.6806	2.9379	0.1302	2.0000	2.0000	31.8402
127	1.6812	2.9378	0.1230	2.0000	2.0000	33.0000
128	1.6819	2.9376	0.1296	2.0000	2.0000	33.0000
129	1.6826	2.9374	0.1315	2.0000	2.0000	32.2066
130	1.6834	2.9372	0.1242	2.0000	2.0000	33.0000
count	px	py	pz	xout	yout	zout
1	0.0000	0.0000	0.0000	0.0000	0.0000	0.0000
2	0.0000	0.0000	0.1327	0.0000	0.0000	0.0000
3	0.0000	0.0000	0.1278	0.0000	0.0002	0.0000
4	0.0000	0.0001	0.1290	0.0000	0.0009	0.0000
5	0.0000	0.0002	0.1278	0.0000	0.0015	0.0000
6	0.0000	0.0003	0.1236	0.0000	0.0026	0.0000
7	0.0000	0.0005	0.1308	0.0000	0.0045	0.0000
8	0.0000	0.0008	0.1321	0.0000	0.0071	0.0000
9	0.0000	0.0011	0.1321	0.0000	0.0098	0.0000
10	0.0000	0.0014	0.1315	0.0000	0.0124	0.0000
11	1.2681	1.5020	0.1284	0.1664	0.0183	12.4566
12	1.2652	1.5000	0.1315	0.1405	0.0004	11.9351
13	1.2614	1.4925	0.1308	0.1060	-0.0666	12.0659
14	1.2607	1.4926	0.1296	0.0994	-0.0658	12.5179
15	1.2557	1.5072	0.1290	0.0532	0.0643	13.1797
16	1.2451	1.5178	0.1333	-0.0440	0.1589	12.6146
17	1.2423	1.5232	0.1308	-0.0702	0.2068	13.1092
18	1.2444	1.5225	0.1333	-0.0508	0.2008	13.0603
19	1.2631	1.4975	0.1302	0.1218	-0.0222	13.4972
20	1.2695	1.4890	0.1315	0.1806	-0.0973	13.6452
21	1.2697	1.5017	0.1290	0.1826	0.0149	13.6439
22	1.2531	1.5151	0.1321	0.0304	0.1347	13.4247
23	1.2433	1.5144	0.1284	-0.0599	0.1282	14.1844
24	1.2289	1.5201	0.1296	-0.1934	0.1791	14.6354
25	1.2085	1.5586	0.1321	-0.3810	0.5220	14.4358
26	1.1469	1.6322	0.1333	-0.9495	1.1780	14.1968
27	1.0498	1.7080	0.1195	-1.8460	1.8533	16.3981
28	0.9461	1.7684	0.1321	-2.0000	2.0000	15.2217
29	0.8309	1.8220	0.1308	-2.0000	2.0000	14.3118
30	0.7372	1.8398	0.1327	-2.0000	2.0000	15.2273
31	1.2449	1.5185	0.1315	-0.0710	0.1708	15.5280
32	1.2372	1.5170	0.1315	-0.1426	0.1570	15.7121
33	1.2088	1.5220	0.1290	-0.4042	0.2015	16.3569
34	1.1903	1.5349	0.1333	-0.5757	0.3163	16.0990
35	1.1556	1.5481	0.1272	-0.8964	0.4348	16.9335
36	1.1218	1.5755	0.1333	-1.2095	0.6785	16.3909
37	1.0751	1.6016	0.1321	-1.6417	0.9108	15.1904
38	1.0475	1.6212	0.1218	-1.8989	1.0860	18.1782
39	0.9986	1.6536	0.1290	-2.0000	1.3755	17.0860
40	0.9609	1.6762	0.1333	-2.0000	1.5767	17.0600
41	1.1888	1.4076	0.1302	-0.6087	-0.8139	17.1919
42	1.1617	1.4119	0.1296	-0.8593	-0.7764	17.4729
43	1.1114	1.4428	0.1302	-1.3238	-0.5010	17.8669
44	1.0642	1.4977	0.1333	-1.7614	-0.0125	17.6089
45	1.0001	1.5939	0.1302	-2.0000	0.8443	17.8185
46	0.9293	1.7255	0.1308	-2.0000	2.0000	17.9075
47	0.8370	1.8661	0.1284	-2.0000	2.0000	18.5506
48	0.7565	1.9912	0.1290	-2.0000	2.0000	18.7167
49	0.7020	2.1107	0.1284	-2.0000	2.0000	18.9217
50	0.6562	2.2023	0.1327	-2.0000	2.0000	18.9344
51	1.2473	1.5330	0.1284	-0.1191	0.3116	19.1426
52	1.2241	1.5710	0.1290	-0.3325	0.6500	19.3853
53	1.1926	1.6071	0.1290	-0.6231	0.9716	15.3964
54	1.1419	1.6578	0.1218	-1.0913	1.4239	21.1167
55	1.0930	1.7327	0.1321	-1.5438	2.0000	19.7737
56	1.0577	1.8027	0.1321	-1.8714	2.0000	20.1116
57	0.9898	1.8672	0.1327	-2.0000	2.0000	19.8154
58	0.9199	1.9403	0.1315	-2.0000	2.0000	20.3452
59	0.8525	2.0061	0.1321	-2.0000	2.0000	20.5092
60	0.7885	2.0705	0.1315	-2.0000	2.0000	20.7527
61	1.2626	1.5353	0.1272	-0.0093	0.3430	21.3007
62	1.2592	1.5575	0.1290	-0.0404	0.5410	21.1256
63	1.2537	1.5810	0.1272	-0.0914	0.7510	21.6725
64	1.2511	1.6088	0.1321	-0.1149	0.9987	21.2451
65	1.2475	1.6501	0.1315	-0.1483	1.3663	21.6026
66	1.2391	1.6781	0.1327	-0.2254	1.6166	21.5936
67	1.2225	1.7029	0.1302	-0.3790	1.8381	22.2400
68	1.1991	1.7412	0.1321	-0.5951	2.0000	22.1354
69	1.1729	1.7978	0.1308	-0.8370	2.0000	22.4355
70	1.1536	1.8456	0.1327	-1.0164	2.0000	22.4478
71	1.2556	1.5314	0.1272	-0.0778	0.3157	22.7733
72	1.2479	1.5375	0.1302	-0.1486	0.3694	22.8624
73	1.2359	1.5606	0.1315	-0.2590	0.5754	22.7790
74	1.2226	1.5753	0.1284	-0.3824	0.7069	23.5951
75	1.2164	1.6066	0.1308	-0.4397	0.9856	23.3225
76	1.2278	1.6325	0.1308	-0.3349	1.2167	22.8294
77	1.2463	1.6411	0.1224	-0.1653	1.2935	25.0913
78	1.2664	1.6257	0.1321	0.0197	1.1577	23.9159
79	1.3002	1.6138	0.1284	0.3317	1.0515	23.9923
80	1.3357	1.6160	0.1302	0.6597	1.0716	24.2695
81	1.2644	1.5224	0.1284	0.0040	0.2389	24.6656
82	1.2575	1.5360	0.1278	-0.0595	0.3599	24.8715
83	1.2482	1.5643	0.1260	-0.1451	0.6124	25.0402
84	1.2394	1.5916	0.1308	-0.2256	0.8552	25.1475
85	1.2178	1.6225	0.1308	-0.4248	1.1313	25.4089
86	1.1908	1.6526	0.1345	-0.6749	1.3998	25.3212
87	1.1700	1.6967	0.1333	-0.8676	1.7931	25.4670
88	1.1660	1.7506	0.1352	-0.9056	2.0000	25.5531
89	1.1450	1.8067	0.1327	-1.1003	2.0000	25.9701
90	1.1260	1.8528	0.1327	-1.2769	2.0000	26.0768
count	px	py	pz	xout	yout	zout
count	px	py	pz	xout	yout	zout
1	0.0000	0.0000	0.1302	0.0000	0.0002	0.0000
2	0.0000	0.0001	0.1321	0.0004	0.0009	0.0000
3	0.0002	0.0001	0.1224	0.0018	0.0008	0.0000
4	0.0004	0.0001	0.1315	0.0038	0.0010	0.0000
5	0.0007	0.0002	0.1302	0.0065	0.0016	0.0000
6	0.0009	0.0003	0.1333	0.0087	0.0023	0.0000
7	0.0012	0.0003	0.1308	0.0108	0.0030	0.0000
8	0.0014	0.0004	0.1321	0.0133	0.0036	0.0000
9	0.0019	0.0005	0.1321	0.0172	0.0046	0.0000
10	0.0021	0.0006	0.1321	0.0194	0.0057	0.0000
11	1.2621	1.5650	0.1308	0.1112	0.5787	11.8844
12	1.2627	1.5632	0.1308	0.1170	0.5632	12.2985
13	1.2619	1.5566	0.1302	0.1098	0.5047	12.3496
14	1.2614	1.5443	0.1308	0.1056	0.3950	12.5911
15	1.2635	1.5239	0.1296	0.1251	0.2139	12.7386
16	1.2684	1.5004	0.1315	0.1708	0.0044	11.8849
17	1.2656	1.4737	0.1230	0.1454	-0.2328	14.2981
18	1.2705	1.4440	0.1321	0.1907	-0.4977	13.2917
19	1.2765	1.4099	0.1315	0.2462	-0.8015	13.4964
20	1.2767	1.3976	0.1327	0.2482	-0.9116	13.6449
21	1.2816	1.5422	0.1315	0.2939	0.3761	13.4853
22	1.2784	1.5594	0.1308	0.2647	0.5291	14.0717
23	1.2841	1.5647	0.1308	0.3178	0.5765	14.0269
24	1.2883	1.5324	0.1302	0.3574	0.2890	14.3845
25	1.3191	1.4667	0.1296	0.6422	-0.2958	14.6659
26	1.3406	1.3923	0.1321	0.8410	-0.9583	13.7124
27	1.3428	1.3303	0.1308	0.8628	-1.5111	14.7684
28	1.3243	1.2879	0.1327	0.6937	-1.8888	14.8161
29	1.2736	1.2622	0.1315	0.2275	-2.0000	15.1937
30	1.2144	1.2622	0.1315	-0.3174	-2.0000	15.4176
31	1.2371	1.5726	0.1242	-0.1093	0.6435	16.5881
32	1.2008	1.5584	0.1302	-0.4434	0.5174	15.9035
33	1.1771	1.5277	0.1302	-0.6625	0.2438	15.8594
34	1.1568	1.4875	0.1308	-0.8514	-0.1139	16.1770
35	1.1372	1.4378	0.1308	-1.0333	-0.5564	16.1328
36	1.1175	1.3941	0.1315	-1.2166	-0.9460	16.4502
37	1.1104	1.3552	0.1308	-1.2840	-1.2928	16.4265
38	1.0912	1.3260	0.1308	-1.4636	-1.5533	16.9928
39	1.0908	1.2925	0.1315	-1.4698	-1.8525	16.8516
40	1.0799	1.2606	0.1315	-1.5727	-2.0000	17.2284
41	1.2546	1.5487	0.1296	0.0349	0.4270	17.1681
42	1.2641	1.5612	0.1308	0.1224	0.5385	17.6940
43	1.2832	1.5427	0.1296	0.2988	0.3746	17.6888
44	1.3259	1.5187	0.1302	0.6925	0.1603	17.7782
45	1.3539	1.5012	0.1272	0.9521	0.0049	18.5153
46	1.4030	1.4806	0.1308	1.4058	-0.1783	18.5107
47	1.4425	1.4664	0.1315	1.7728	-0.3048	18.2928
48	1.4968	1.4720	0.1315	2.0000	-0.2549	18.7068
49	1.5520	1.4720	0.1302	2.0000	-0.2558	18.8538
50	1.6056	1.4660	0.1327	2.0000	-0.3086	17.8646
51	1.2760	1.5537	0.1213	0.2561	0.4722	20.6745
52	1.2852	1.5585	0.1315	0.3409	0.5146	19.2576
53	1.3018	1.5692	0.1296	0.4948	0.6105	19.5778
54	1.3149	1.5714	0.1327	0.6157	0.6302	19.5107
55	1.3328	1.5584	0.1308	0.7822	0.5149	19.8319
56	1.3560	1.5344	0.1290	0.9973	0.3014	20.3035
57	1.3915	1.5094	0.1315	1.3257	0.0787	20.1051
58	1.4211	1.4802	0.1315	1.6015	-0.1816	20.4422
59	1.4364	1.4600	0.1308	1.7451	-0.3610	20.7997
60	1.4478	1.4550	0.1296	1.8531	-0.4060	20.7963
61	1.2666	1.5442	0.1302	0.1862	0.3886	20.7346
62	1.2943	1.5176	0.1284	0.4416	0.1518	21.2823
63	1.3247	1.4837	0.1278	0.7224	-0.1500	21.2616
64	1.3535	1.4308	0.1278	0.9892	-0.6214	21.7491
65	1.3723	1.3828	0.1260	1.1640	-1.0488	21.9171
66	1.3985	1.3282	0.1284	1.4079	-1.5355	22.1784
67	1.4388	1.2732	0.1278	1.7812	-2.0000	22.0807
68	1.5097	1.2197	0.1278	2.0000	-2.0000	22.4940
69	1.5949	1.1724	0.1278	2.0000	-2.0000	22.4546
70	1.6716	1.1205	0.1278	2.0000	-2.0000	21.9338
71	1.2299	1.5497	0.1284	-0.1241	0.4315	22.7333
72	1.2378	1.5263	0.1290	-0.0516	0.2229	22.9759
73	1.2598	1.5076	0.1278	0.1501	0.0566	22.0177
74	1.2757	1.4918	0.1201	0.2970	-0.0838	24.6023
75	1.2870	1.4668	0.1266	0.4017	-0.3070	23.5404
76	1.3106	1.4180	0.1290	0.6201	-0.7415	22.6816
77	1.3563	1.3402	0.1195	1.0416	-1.4345	25.2562
78	1.4039	1.2602	0.1290	1.4823	-2.0000	24.0992
79	1.4535	1.1782	0.1296	1.9422	-2.0000	24.0393
80	1.4844	1.1214	0.1224	2.0000	-2.0000	25.3927
81	1.0100	1.5840	0.1254	-2.0000	0.7320	25.1123
82	1.0060	1.5750	0.1327	-2.0000	0.6523	24.6124
83	1.0000	1.5433	0.1284	-2.0000	0.3700	24.0450
84	0.9960	1.4964	0.1248	-2.0000	-0.0468	26.1461
85	1.0052	1.4502	0.1278	-2.0000	-0.4586	25.2555
86	1.0271	1.3883	0.1296	-2.0000	-1.0096	24.5618
87	1.0457	1.3370	0.1207	-1.8330	-1.4673	26.9012
88	1.0677	1.2954	0.1302	-1.6328	-1.8381	25.8120
89	1.0698	1.2648	0.1266	-1.6168	-2.0000	26.2668
90	1.0749	1.2516	0.1272	-1.5724	-2.0000	26.4351
91	1.0219	1.5794	0.1254	-2.0000	0.6879	26.6048
92	1.0272	1.5797	0.1272	-2.0000	0.6906	26.7345
93	1.0322	1.5780	0.1248	-1.9759	0.6755	26.0433
94	1.0354	1.5705	0.1224	-1.9499	0.6092	28.0112
95	1.0369	1.5687	0.1315	-1.9397	0.5941	27.0086
96	1.0307	1.5728	0.1364	-2.0000	0.6306	26.0353
97	1.0292	1.5766	0.1327	-2.0000	0.6646	28.2719
98	1.0357	1.5855	0.1447	-1.9612	0.7441	27.3692
99	1.0322	1.5914	0.1506	-1.9967	0.7972	27.0287
100	1.0318	1.5965	0.1587	-2.0000	0.8427	26.6477
101	0.5890	1.0550	0.1656	-2.0000	-2.0000	26.8439
102	0.5690	1.0358	0.1706	-2.0000	-2.0000	27.2959
103	0.5317	1.0075	0.1786	-2.0000	-2.0000	26.2889
104	0.4873	0.9784	0.1809	-2.0000	-2.0000	27.1137
105	0.4505	0.9650	0.1824	-2.0000	-2.0000	27.1313
106	0.4127	0.9617	0.1846	-2.0000	-2.0000	27.1227
107	0.3545	0.9501	0.1677	-2.0000	-2.0000	29.4665
108	0.2616	0.9583	0.1685	-2.0000	-2.0000	27.9730
109	0.1579	0.9831	0.1479	-2.0000	-2.0000	28.8921
110	0.0613	1.0038	0.1428	-2.0000	-2.0000	29.4428
111	0.5810	1.0760	0.1315	-2.0000	-2.0000	29.9772
112	0.5642	1.1036	0.1315	-2.0000	-2.0000	29.8549
113	0.5203	1.1121	0.1278	-2.0000	-2.0000	30.2343
114	0.4652	1.1107	0.1290	-2.0000	-2.0000	30.3808
115	0.3990	1.1072	0.1278	-2.0000	-2.0000	30.7571
116	0.3312	1.0952	0.1296	-2.0000	-2.0000	30.5817
117	0.2649	1.0903	0.1260	-2.0000	-2.0000	31.3373
118	0.2057	1.0826	0.1290	-2.0000	-2.0000	31.0498
119	0.1218	1.0697	0.1434	-2.0000	-2.0000	29.7413
120	0.0537	1.0530	0.1649	-2.0000	-2.0000	30.2086
121	0.5940	1.0605	0.1862	-2.0000	-2.0000	29.5546
122	0.6148	1.0331	0.2204	-2.0000	-2.0000	27.1014
123	0.6430	1.0017	0.2402	-2.0000	-2.0000	28.1519
124	0.6714	0.9674	0.2719	-2.0000	-2.0000	26.0889
125	0.6968	0.9297	0.2937	-2.0000	-2.0000	26.7863
126	0.7316	0.9115	0.2994	-2.0000	-2.0000	27.7263
127	0.7675	0.8917	0.3148	-2.0000	-2.0000	26.4577
128	0.7992	0.8539	0.3184	-2.0000	-2.0000	24.1923
129	0.8394	0.7981	0.2971	-2.0000	-2.0000	28.6694
130	0.8665	0.7399	0.2730	-2.0000	-2.0000	28.8508
131	0.5896	1.0581	0.2507	-2.0000	-2.0000	28.9943
132	0.5982	1.0484	0.1987	-2.0000	-2.0000	32.7303
133	0.6200	1.0462	0.1663	-2.0000	-2.0000	31.6646
134	0.6382	1.0493	0.1383	-2.0000	-2.0000	33.0000
135	0.6427	1.0584	0.1278	-2.0000	-2.0000	33.0000
136	0.6597	1.0670	0.1308	-2.0000	-2.0000	33.0000
137	0.6686	1.0753	0.1327	-2.0000	-2.0000	33.0000
138	0.6642	1.0836	0.1440	-2.0000	-2.0000	31.6519
139	0.6463	1.0998	0.1358	-2.0000	-2.0000	33.0000
140	0.6195	1.1433	0.1649	-2.0000	-2.0000	32.1963
141	0.5957	1.1864	0.1824	-2.0000	-2.0000	31.4348
142	0.5641	1.2354	0.2118	-2.0000	-2.0000	30.8052
143	0.5277	1.2929	0.2283	-2.0000	-1.9393	31.2306
144	0.4894	1.3517	0.2283	-2.0000	-1.4168	30.9255
145	0.4617	1.3925	0.2110	-2.0000	-1.0544	33.0000
146	0.4322	1.4245	0.2003	-2.0000	-0.7698	33.0000
147	0.3907	1.4635	0.1824	-2.0000	-0.4224	33.0000
148	0.3302	1.5231	0.1749	-2.0000	0.1082	33.0000
149	0.2678	1.5972	0.1824	-2.0000	0.7680	33.0000
150	0.2217	1.6447	0.1955	-2.0000	1.1908	33.0000
