count	posx	posy	posz	xout	yout	zout	roll	pitch	heading	hdout
1	1.2460	1.5400	0.0000	0.3930	0.8952	0.0000	-0.1670	-0.3220	0.0000	0.0000
2	1.2452	1.5404	0.1296	-0.0444	0.3602	6.0372	-0.1960	-0.2840	-0.8110	2.7024
3	1.2437	1.5413	0.1302	-0.0589	0.3680	5.7196	-0.1880	-0.2830	-0.8200	1.8340
4	1.2414	1.5425	0.1308	-0.0805	0.3794	5.6587	-0.1850	-0.2950	-0.7960	1.7459
5	1.2383	1.5441	0.1308	-0.1090	0.3942	5.5541	-0.1790	-0.2880	-0.7730	1.6976
6	1.2345	1.5462	0.1290	-0.1446	0.4125	6.0196	-0.1800	-0.2910	-0.7320	1.5883
7	1.2299	1.5486	0.1290	-0.1875	0.4344	5.8510	-0.1760	-0.3020	-0.8000	1.8620
8	1.2246	1.5514	0.1327	-0.2375	0.4599	4.6176	-0.1790	-0.3090	-0.8440	1.9349
9	1.2184	1.5546	0.1290	-0.2949	0.4888	5.8972	-0.1730	-0.3040	-0.8350	1.8579
10	1.2115	1.5582	0.1315	-0.3596	0.5212	6.1002	-0.1670	-0.3050	-0.8030	1.7632
11	1.2592	1.5404	0.1308	0.0987	0.3553	5.9944	-0.1700	-0.3040	-0.8030	1.8005
12	1.2576	1.5411	0.1308	0.0673	0.3685	5.8244	-0.1690	-0.2990	-0.7210	1.5290
13	1.2553	1.5422	0.1296	0.0453	0.3787	5.9510	-0.1640	-0.2940	-0.7620	1.7582
14	1.2521	1.5437	0.1302	0.0161	0.3922	6.0184	-0.1620	-0.2910	-0.7250	1.5911
15	1.2482	1.5455	0.1302	-0.0198	0.4088	6.1061	-0.1550	-0.2800	-0.8090	1.9137
16	1.2436	1.5477	0.1321	-0.0627	0.4285	4.9918	-0.1460	-0.2660	-0.7910	1.7623
17	1.2383	1.5502	0.1302	-0.1124	0.4511	6.0237	-0.1440	-0.2620	-0.7890	1.7774
18	1.2319	1.5530	0.1333	-0.1713	0.4756	5.8829	-0.1100	-0.3480	-0.7390	1.6147
19	1.2246	1.5559	0.1296	-0.2395	0.5025	6.2812	-0.0720	-0.4330	-0.7770	1.7985
20	1.2163	1.5592	0.1218	-0.3164	0.5316	7.5008	-0.1090	-0.3320	-0.9190	2.2312
21	1.2591	1.5353	0.1278	0.0949	0.3096	5.6110	-0.1180	-0.3110	-0.9010	2.0156
22	1.2573	1.5358	0.1302	0.0633	0.3232	6.2486	-0.0890	-0.3550	-0.9360	2.1543
23	1.2547	1.5366	0.1284	0.0387	0.3304	6.2020	-0.0730	-0.3740	-0.8510	1.8342
24	1.2512	1.5375	0.1308	0.0065	0.3382	6.3400	-0.0250	-0.3350	-0.8750	2.0105
25	1.2469	1.5385	0.1183	-0.0334	0.3479	7.9498	-0.0910	-0.2920	-0.8840	2.0158
26	1.2418	1.5398	0.1315	-0.0804	0.3595	6.3027	-0.0810	-0.2850	-0.8490	1.8911
27	1.2360	1.5413	0.1302	-0.1349	0.3727	6.1723	-0.1160	-0.2500	-0.8980	2.0951
28	1.2292	1.5430	0.1321	-0.1976	0.3887	6.2646	-0.2120	-0.2660	-0.9720	2.2893
29	1.2217	1.5452	0.1327	-0.2672	0.4087	6.0693	-0.2890	-0.2900	-1.0610	2.5059
30	1.2135	1.5480	0.1315	-0.3439	0.4339	6.1963	-0.2680	-0.2740	-1.2550	3.0559
count	posx	posy	posz	xout	yout	zout	roll	pitch	heading	hdout
1	0.0000	0.0000	0.1333	-2.0000	-2.0000	5.5968	-0.0870	0.1630	-1.0950	3.6488
2	0.0005	0.0003	0.1201	-2.0000	-2.0000	7.2390	-0.0940	0.1630	-1.1040	2.4658
3	0.0013	0.0007	0.1321	-2.0000	-2.0000	5.8115	-0.0840	0.1550	-1.0900	2.4116
4	0.0024	0.0013	0.1333	-2.0000	-2.0000	4.7730	-0.0900	0.1590	-1.1370	2.5861
5	0.0038	0.0020	0.1327	-2.0000	-2.0000	5.7728	-0.0800	0.1670	-1.0540	2.2599
6	0.0055	0.0029	0.1327	-2.0000	-2.0000	5.7303	-0.0900	0.1620	-0.9530	2.0178
7	0.0074	0.0039	0.1087	-2.0000	-2.0000	9.1128	-0.0900	0.1570	-0.9030	1.9654
8	0.0095	0.0050	0.1358	-2.0000	-2.0000	5.4769	-0.0890	0.1630	-0.9460	2.1662
9	0.0120	0.0063	0.1302	-2.0000	-2.0000	6.1315	-0.0960	0.1650	-1.0150	2.3505
10	0.0146	0.0078	0.1327	-2.0000	-2.0000	5.8828	-0.0890	0.1560	-1.0360	2.3462
count	posx	posy	posz	xout	yout	zout	roll	pitch	heading	hdout
1	1.2480	1.5520	0.1333	0.4121	1.0058	5.5275	0.0140	0.0400	0.0000	0.0000
2	1.2480	1.5519	0.1333	-0.0181	0.4621	5.7451	0.0210	0.0330	0.9050	-3.0157
3	1.2481	1.5517	0.1315	-0.0174	0.4612	5.6329	0.0140	0.0390	0.9020	-2.0031
4	1.2483	1.5516	0.1327	-0.0162	0.4598	5.8099	0.0130	0.0510	0.9440	-2.1484
5	1.2484	1.5514	0.1302	-0.0145	0.4582	4.8393	0.0110	0.0400	0.8760	-1.8773
6	1.2487	1.5511	0.1224	-0.0125	0.4562	7.2625	0.0140	0.0360	0.7670	-1.5915
7	1.2489	1.5509	0.1308	-0.0100	0.4540	6.1966	0.0170	0.0370	0.7410	-1.6276
8	1.2492	1.5505	0.1345	-0.0071	0.4514	5.7120	0.0200	0.0420	0.6800	-1.4548
9	1.2496	1.5502	0.1321	-0.0037	0.4485	5.9435	0.0220	0.0390	0.6590	-1.4540
10	1.2500	1.5498	0.1339	0.0003	0.4452	5.4499	0.0300	0.0320	0.7240	-1.6954
11	1.2561	1.5340	0.1315	0.0577	0.2988	5.9353	0.0340	0.0360	0.6960	-1.5316
12	1.2562	1.5339	0.1321	0.0567	0.3037	6.1330	0.0290	0.0390	0.6380	-1.3709
13	1.2563	1.5338	0.1339	0.0582	0.3028	5.7717	0.0260	0.0370	0.5790	-1.2401
14	1.2565	1.5336	0.1321	0.0602	0.3017	5.9189	0.0080	0.0370	0.5720	-1.2836
15	1.2567	1.5335	0.1333	0.0625	0.3004	5.7731	0.0010	0.0290	0.5140	-1.0993
16	1.2570	1.5333	0.1315	0.0651	0.2989	6.4389	0.0030	0.0320	0.4588	-0.9809
17	1.2573	1.5331	0.1315	0.0683	0.2974	6.1361	-0.0070	0.0400	0.4710	-1.0839
18	1.2577	1.5329	0.1333	0.0718	0.2960	5.7768	-0.0050	0.0390	0.3230	-0.5782
19	1.2582	1.5328	0.1290	0.0760	0.2948	6.1318	-0.0060	0.0430	0.3450	-0.8165
20	1.2586	1.5326	0.1339	0.0807	0.2938	5.9920	-0.0120	0.0440	0.3360	-0.7629
21	1.2651	1.5140	0.1315	0.1420	0.1216	6.0257	-0.0150	0.0470	0.2250	-0.4037
22	1.2652	1.5140	0.1321	0.1416	0.1285	6.2871	-0.0030	0.0520	0.2310	-0.5474
23	1.2655	1.5141	0.1218	0.1442	0.1289	7.5834	-0.0100	0.0630	0.1930	-0.4147
24	1.2658	1.5141	0.1308	0.1477	0.1294	6.3715	-0.0050	0.0680	0.1740	-0.3939
25	1.2663	1.5142	0.1333	0.1521	0.1299	5.9925	-0.0040	0.0870	0.1400	-0.3021
26	1.2668	1.5142	0.1364	0.1570	0.1304	5.6530	-0.0130	0.0850	0.1910	-0.5101
27	1.2674	1.5142	0.1327	0.1628	0.1305	5.1725	0.0270	0.1200	0.3180	-0.8771
28	1.2681	1.5142	0.1321	0.1703	0.1303	6.6197	0.0370	0.1030	0.4370	-1.1334
29	1.2689	1.5141	0.1327	0.1779	0.1297	6.2324	0.0220	0.0800	0.4440	-1.0256
30	1.2698	1.5140	0.1327	0.1866	0.1289	6.4455	0.0310	0.0280	0.4540	-1.0521
31	1.2431	1.5330	0.1339	-0.0692	0.3040	6.2941	0.0560	0.0490	0.4050	-0.8788
32	1.2433	1.5328	0.1308	-0.0583	0.2957	6.7386	0.0600	0.0710	0.3500	-0.7508
33	1.2435	1.5323	0.1308	-0.0560	0.2919	6.3094	0.0880	0.0450	0.3460	-0.7993
34	1.2438	1.5316	0.1327	-0.0541	0.2855	6.5970	0.1690	-0.0270	0.3280	-0.7445
35	1.2439	1.5305	0.1315	-0.0531	0.2754	6.3991	0.1650	0.0030	0.2830	-0.6153
36	1.2440	1.5291	0.1321	-0.0525	0.2633	6.6613	0.1980	-0.0230	0.2110	-0.4259
37	1.2440	1.5274	0.1321	-0.0518	0.2477	6.4245	0.2330	-0.0380	0.2850	-0.7529
38	1.2440	1.5251	0.1327	-0.0521	0.2273	6.6221	0.1930	0.0650	0.2290	-0.4848
39	1.2440	1.5225	0.1321	-0.0520	0.2043	6.4052	0.1570	0.2950	0.1080	-0.1443
40	1.2444	1.5196	0.1315	-0.0484	0.1787	6.6370	0.2170	0.2570	0.0530	-0.0955
41	1.2703	1.5191	0.1327	0.1987	0.1748	5.4728	0.3120	0.0790	0.1840	-0.5932
42	1.2704	1.5173	0.1230	0.1908	0.1588	7.9651	0.3340	0.0880	0.2490	-0.6648
43	1.2707	1.5150	0.1302	0.1938	0.1381	6.8051	0.4320	0.1130	0.1600	-0.2967
44	1.2712	1.5119	0.1333	0.1994	0.1104	6.4072	0.0290	0.3000	0.0520	-0.0359
45	1.2710	1.5081	0.1321	0.1970	0.0762	6.7283	1.0110	-0.5200	0.2670	-0.8723
46	1.2696	1.5016	0.1321	0.1846	0.0176	6.8157	1.7550	-0.7760	0.3080	-0.7709
47	1.2656	1.4916	0.1213	0.1473	-0.0727	8.2574	2.3550	-1.3100	0.3380	-0.8260
48	1.2611	1.4816	0.1327	0.1059	-0.1617	6.9733	1.4750	0.0640	0.0750	0.0829
49	1.2556	1.4716	0.1339	0.0545	-0.2508	6.5656	1.2970	-0.8320	-0.0360	0.1607
50	1.2491	1.4616	0.1345	-0.0056	-0.3400	6.6283	0.9560	-0.2990	0.0450	-0.2324
51	1.2517	1.5576	0.1302	0.0213	0.5515	7.1722	1.4650	-0.4380	-0.0720	0.2473
52	1.2504	1.5532	0.1308	0.0081	0.4776	5.8431	1.3440	-0.9000	0.0410	-0.2590
53	1.2476	1.5460	0.1321	-0.0180	0.4124	6.8367	1.9010	-0.9940	-0.0950	0.3196
54	1.2426	1.5360	0.1352	-0.0645	0.3226	6.4997	1.8100	-0.4600	0.0250	-0.2311
55	1.2358	1.5260	0.1308	-0.1279	0.2337	6.8571	1.8780	-1.3060	-0.0930	0.2953
56	1.2267	1.5160	0.1327	-0.2128	0.1447	6.5634	1.9530	-0.9070	-0.2700	0.7543
57	1.2167	1.5060	0.1284	-0.3057	0.0558	7.3655	2.3490	-1.3110	-0.1360	0.1119
58	1.2067	1.4960	0.1315	-0.3984	-0.0332	7.1649	2.2470	-1.0410	-0.1770	0.3976
59	1.1967	1.4860	0.1189	-0.4912	-0.1223	8.5850	1.8850	-1.5349	-0.4310	1.1989
60	1.1867	1.4760	0.1327	-0.5842	-0.2114	6.8436	2.0000	-0.5540	-0.2310	0.2514
61	1.2608	1.5207	0.1189	0.1263	0.2059	8.6221	2.5410	-2.5160	-0.0760	-0.0425
62	1.2521	1.5114	0.1302	0.0175	0.1043	7.0939	2.7160	-2.6180	-0.0430	0.0197
63	1.2421	1.5014	0.1290	-0.0750	0.0151	5.9710	3.0350	-2.9430	-0.3300	1.0128
64	1.2321	1.4914	0.1290	-0.1673	-0.0740	7.1795	3.2660	-2.1550	-0.4800	1.1948
65	1.2221	1.4814	0.1278	-0.2598	-0.1630	7.3050	3.0640	-2.6560	-0.5370	1.2193
66	1.2121	1.4714	0.1213	-0.3524	-0.2522	8.2860	2.9750	-2.9070	-0.3250	0.4508
67	1.2021	1.4614	0.1315	-0.4451	-0.3413	7.0380	3.1080	-3.4690	-0.2350	0.3869
68	1.1921	1.4514	0.1308	-0.5381	-0.4305	7.0812	3.3440	-3.5250	-0.3290	0.8006
69	1.1821	1.4414	0.1315	-0.6311	-0.5197	7.0203	3.1900	-2.8620	-0.6140	1.6466
70	1.1721	1.4314	0.1308	-0.7244	-0.6090	7.2509	2.5710	-2.7240	-1.1690	3.1810
71	1.2475	1.5594	0.1254	-0.0011	0.5788	7.6329	2.6270	-0.5310	-1.3330	3.1141
72	1.2389	1.5503	0.1290	-0.1095	0.4495	7.0344	2.4790	-1.6790	-1.5110	3.5281
73	1.2289	1.5403	0.1260	-0.2023	0.3603	7.5979	2.0720	-1.6090	-1.7010	3.9670
74	1.2189	1.5303	0.1272	-0.2948	0.2715	7.4565	2.0370	-1.8370	-1.2290	2.1871
75	1.2089	1.5203	0.1284	-0.3875	0.1826	6.2596	1.5250	-2.1070	-0.9720	1.8574
76	1.1989	1.5103	0.1272	-0.4803	0.0936	7.8870	1.8940	-1.5820	-1.3550	3.4210
77	1.1889	1.5003	0.1302	-0.5732	0.0046	7.4946	2.0890	-1.3220	-1.5190	3.5454
78	1.1789	1.4903	0.1218	-0.6664	-0.0844	8.7329	2.0540	-1.0020	-1.2280	2.3970
79	1.1689	1.4803	0.1290	-0.7597	-0.1735	7.5797	1.8470	-0.7380	-1.2900	2.9294
80	1.1589	1.4703	0.1302	-0.8531	-0.2626	7.7488	1.5490	-0.3660	-1.3200	2.9634
81	1.2496	1.5652	0.1302	0.0158	0.6191	7.3173	0.7710	-0.1210	-1.1970	2.5232
82	1.2477	1.5615	0.1302	-0.0330	0.5520	6.4027	1.6990	0.0000	-0.9320	1.7793
83	1.2462	1.5542	0.1278	-0.0466	0.4855	7.5704	1.1370	0.7400	-0.4290	0.3994
84	1.2464	1.5444	0.1284	-0.0449	0.3982	7.7657	1.1760	1.1170	-0.8170	2.2516
85	1.2482	1.5344	0.1296	-0.0276	0.3092	7.6225	0.5200	0.9940	-0.1770	-0.3099
86	1.2510	1.5244	0.1290	-0.0018	0.2203	7.7299	1.6060	0.1840	0.7580	-2.7147
87	1.2550	1.5144	0.1272	0.0355	0.1314	7.7473	1.5650	0.3130	1.2240	-3.2314
88	1.2590	1.5044	0.1278	0.0732	0.0424	8.2000	1.5010	0.5550	0.6050	-0.6542
89	1.2637	1.4944	0.1266	0.1167	-0.0466	7.0043	0.3380	1.4850	1.0930	-2.9687
90	1.2679	1.4844	0.1278	0.1554	-0.1357	7.9213	0.7830	0.0100	0.0360	1.0927
