-0.0024 0.0004 -0.0011
-0.0054 0.0011 -0.0025
-0.0085 0.0019 -0.0041
-0.0135 0.0028 -0.0067
-0.0197 0.0039 -0.0099
-0.0271 0.0055 -0.0136
-0.0357 0.0074 -0.0181
-0.0455 0.0096 -0.0232
-0.0565 0.0122 -0.0288
-0.0686 0.0150 -0.0349
-0.0820 0.0180 -0.0414
-0.0936 0.0206 -0.0471
-0.1090 0.0240 -0.0546
-0.1255 0.0277 -0.0626
-0.1431 0.0318 -0.0711
-0.1619 0.0361 -0.0804
-0.1817 0.0407 -0.0901
-0.2028 0.0455 -0.1002
-0.2205 0.0496 -0.1086
-0.2437 0.0549 -0.1194
-0.2680 0.0604 -0.1308
-0.2936 0.0661 -0.1425
-0.3203 0.0721 -0.1547
-0.3481 0.0785 -0.1672
-0.3770 0.0853 -0.1800
-0.4071 0.0925 -0.1933
-0.4383 0.0996 -0.2074
-0.4640 0.1054 -0.2191
-0.4972 0.1130 -0.2342
-0.5317 0.1210 -0.2499
-0.5675 0.1294 -0.2661
-0.6043 0.1381 -0.2825
-0.6423 0.1470 -0.2991
-0.6813 0.1561 -0.3164
-0.7134 0.1636 -0.3304
-0.7547 0.1732 -0.3483
-0.7971 0.1831 -0.3664
-0.8406 0.1933 -0.3849
-0.8853 0.2038 -0.4037
-0.9311 0.2145 -0.4231
-0.9780 0.2255 -0.4429
-1.0261 0.2369 -0.4627
-1.0653 0.2462 -0.4787
-1.1153 0.2579 -0.4992
-1.1664 0.2698 -0.5201
-1.2188 0.2822 -0.5415
-1.2724 0.2950 -0.5633
-1.3270 0.3080 -0.5852
-1.3828 0.3211 -0.6074
-1.4397 0.3345 -0.6304
-1.4861 0.3454 -0.6494
-1.5450 0.3593 -0.6738
-1.6052 0.3735 -0.6985
-1.6664 0.3881 -0.7235
-1.7289 0.4029 -0.7490
-1.7924 0.4181 -0.7749
-1.8571 0.4337 -0.8011
-1.9228 0.4495 -0.8278
-1.9761 0.4623 -0.8495
-2.0439 0.4784 -0.8769
-2.1129 0.4948 -0.9048
-2.1829 0.5116 -0.9333
-2.2540 0.5288 -0.9622
-2.3262 0.5464 -0.9917
-2.3995 0.5642 -1.0215
-2.4738 0.5824 -1.0518
-2.5339 0.5972 -1.0763
-2.6101 0.6157 -1.1075
-2.6875 0.6344 -1.1392
-2.7662 0.6535 -1.1713
-2.8461 0.6729 -1.2038
-2.9269 0.6926 -1.2367
-3.0089 0.7126 -1.2701
-3.0920 0.7329 -1.3042
-3.1592 0.7493 -1.3318
-3.2443 0.7701 -1.3665
-3.3305 0.7910 -1.4016
-3.4180 0.8125 -1.4372
-3.5066 0.8345 -1.4732
-3.5961 0.8567 -1.5095
-3.6867 0.8789 -1.5461
-3.7783 0.9013 -1.5831
-3.8524 0.9196 -1.6130
-3.9460 0.9427 -1.6508
-4.0408 0.9661 -1.6887
-4.1365 0.9901 -1.7268
-4.2335 1.0143 -1.7651
-4.3314 1.0388 -1.8039
-4.4305 1.0635 -1.8434
-4.5306 1.0885 -1.8835
-4.6114 1.1086 -1.9160
-4.7133 1.1340 -1.9571
-4.8162 1.1598 -1.9987
-4.9201 1.1858 -2.0405
-5.0251 1.2122 -2.0828
-5.1312 1.2390 -2.1256
-5.2387 1.2661 -2.1689
-5.3254 1.2878 -2.2039
-5.4347 1.3152 -2.2480
-5.5451 1.3429 -2.2926
-5.6568 1.3710 -2.3378
-5.7695 1.3990 -2.3833
-5.8834 1.4274 -2.4294
-5.9985 1.4563 -2.4759
-6.1147 1.4855 -2.5231
-6.2318 1.5148 -2.5706
-6.3262 1.5386 -2.6089
-6.4451 1.5686 -2.6574
-6.5652 1.5988 -2.7063
-6.6864 1.6293 -2.7556
-6.8088 1.6603 -2.8051
-6.9323 1.6915 -2.8548
-7.0569 1.7230 -2.9047
-7.1573 1.7484 -2.9449
-7.2837 1.7806 -2.9955
-7.4113 1.8132 -3.0466
-7.5399 1.8461 -3.0980
-7.6698 1.8794 -3.1500
-7.8006 1.9127 -3.2023
-7.9323 1.9462 -3.2549
-8.0652 1.9800 -3.3080
-8.1721 2.0073 -3.3506
-8.3068 2.0414 -3.4043
-8.4426 2.0758 -3.4583
-8.5793 2.1106 -3.5126
-8.7170 2.1456 -3.5673
-8.8557 2.1811 -3.6223
-8.9956 2.2169 -3.6780
-9.1366 2.2531 -3.7340
-0.0004 0.0001 -0.0002
-0.0020 0.0006 -0.0008
-0.0046 0.0013 -0.0018
-0.0082 0.0019 -0.0034
-0.0129 0.0027 -0.0052
-0.0189 0.0039 -0.0074
-0.0260 0.0053 -0.0102
-0.0342 0.0070 -0.0133
-0.0414 0.0086 -0.0160
-0.0514 0.0107 -0.0200
-0.0007 0.0002 -0.0001
-0.0026 0.0008 -0.0007
-0.0056 0.0015 -0.0017
-0.0096 0.0023 -0.0034
-0.0148 0.0033 -0.0054
-0.0212 0.0045 -0.0079
-0.0270 0.0057 -0.0101
-0.0353 0.0075 -0.0134
-0.0445 0.0094 -0.0171
-0.0550 0.0118 -0.0212
-0.0008 0.0001 -0.0003
-0.0027 0.0006 -0.0009
-0.0058 0.0014 -0.0020
-0.0099 0.0025 -0.0033
-0.0140 0.0035 -0.0046
-0.0199 0.0049 -0.0067
-0.0269 0.0065 -0.0092
-0.0350 0.0083 -0.0121
-0.0440 0.0106 -0.0156
-0.0542 0.0133 -0.0196
-0.0006 0.0001 -0.0003
-0.0025 0.0007 -0.0010
-0.0047 0.0014 -0.0020
-0.0086 0.0024 -0.0036
-0.0134 0.0038 -0.0056
-0.0194 0.0052 -0.0083
-0.0264 0.0072 -0.0117
-0.0346 0.0095 -0.0156
-0.0419 0.0114 -0.0190
-0.0541 0.0148 -0.0247
-0.0005 0.0002 -0.0002
-0.0021 0.0007 -0.0011
-0.0048 0.0013 -0.0025
-0.0084 0.0021 -0.0040
-0.0130 0.0032 -0.0062
-0.0188 0.0045 -0.0088
-0.0257 0.0062 -0.0118
-0.0319 0.0079 -0.0144
-0.0408 0.0102 -0.0181
-0.0508 0.0129 -0.0219
-0.0006 0.0003 -0.0002
-0.0023 0.0008 -0.0012
-0.0050 0.0014 -0.0028
-0.0087 0.0023 -0.0048
-0.0125 0.0034 -0.0067
-0.0182 0.0051 -0.0096
-0.0251 0.0069 -0.0129
-0.0330 0.0091 -0.0164
-0.0418 0.0115 -0.0205
-0.0516 0.0142 -0.0251
-0.0006 0.0003 -0.0002
-0.0023 0.0010 -0.0008
-0.0050 0.0021 -0.0019
-0.0079 0.0032 -0.0031
-0.0126 0.0049 -0.0048
-0.0183 0.0068 -0.0068
-0.0251 0.0088 -0.0090
-0.0329 0.0110 -0.0112
-0.0419 0.0135 -0.0137
-0.0519 0.0162 -0.0161
-0.0004 0.0002 -0.0002
-0.0018 0.0006 -0.0009
-0.0042 0.0014 -0.0022
-0.0075 0.0024 -0.0039
-0.0119 0.0037 -0.0058
-0.0175 0.0051 -0.0080
-0.0241 0.0069 -0.0106
-0.0316 0.0090 -0.0138
-0.0403 0.0114 -0.0174
-0.0479 0.0136 -0.0206
-0.0006 0.0002 -0.0001
-0.0023 0.0006 -0.0006
-0.0050 0.0013 -0.0013
-0.0088 0.0023 -0.0023
-0.0135 0.0036 -0.0036
-0.0193 0.0054 -0.0055
-0.0248 0.0069 -0.0074
-0.0325 0.0091 -0.0103
-0.0412 0.0118 -0.0136
-0.0509 0.0147 -0.0174
-0.0008 0.0001 -0.0003
-0.0028 0.0005 -0.0007
-0.0058 0.0013 -0.0015
-0.0098 0.0023 -0.0027
-0.0149 0.0037 -0.0042
-0.0197 0.0051 -0.0057
-0.0268 0.0070 -0.0080
-0.0350 0.0091 -0.0107
-0.0444 0.0114 -0.0139
-0.0548 0.0138 -0.0175
-0.0007 0.0004 -0.0004
-0.0025 0.0012 -0.0011
-0.0046 0.0020 -0.0019
-0.0080 0.0034 -0.0031
-0.0125 0.0053 -0.0046
-0.0182 0.0074 -0.0067
-0.0249 0.0098 -0.0092
-0.0324 0.0125 -0.0122
-0.0409 0.0155 -0.0157
-0.0504 0.0187 -0.0196
-0.0006 0.0002 -0.0003
-0.0019 0.0007 -0.0010
-0.0044 0.0017 -0.0020
-0.0080 0.0031 -0.0037
-0.0126 0.0045 -0.0057
-0.0184 0.0065 -0.0081
-0.0252 0.0088 -0.0114
-0.0330 0.0113 -0.0152
-0.0399 0.0135 -0.0186
-0.0494 0.0165 -0.0233
-0.0008 0.0002 -0.0003
-0.0025 0.0005 -0.0009
-0.0052 0.0010 -0.0022
-0.0091 0.0019 -0.0040
-0.0140 0.0029 -0.0062
-0.0200 0.0044 -0.0087
-0.0254 0.0058 -0.0109
-0.0332 0.0076 -0.0145
-0.0421 0.0098 -0.0187
-0.0520 0.0121 -0.0234
-0.0006 0.0000 -0.0001
-0.0023 0.0005 -0.0003
-0.0050 0.0014 -0.0010
-0.0089 0.0026 -0.0019
-0.0126 0.0040 -0.0027
-0.0182 0.0056 -0.0042
-0.0249 0.0075 -0.0062
-0.0326 0.0093 -0.0085
-0.0414 0.0116 -0.0112
-0.0512 0.0142 -0.0142
-0.0007 0.0003 0.0000
-0.0025 0.0008 -0.0004
-0.0047 0.0015 -0.0013
-0.0082 0.0027 -0.0028
-0.0127 0.0039 -0.0046
-0.0183 0.0053 -0.0069
-0.0248 0.0068 -0.0097
-0.0325 0.0091 -0.0125
-0.0412 0.0116 -0.0157
-0.0511 0.0144 -0.0192
-0.0003 0.0001 -0.0001
-0.0017 0.0004 -0.0006
-0.0043 0.0010 -0.0016
-0.0080 0.0018 -0.0030
-0.0126 0.0030 -0.0050
-0.0184 0.0043 -0.0072
-0.0254 0.0061 -0.0098
-0.0318 0.0078 -0.0123
-0.0407 0.0101 -0.0156
-0.0504 0.0129 -0.0193
-0.0007 0.0002 -0.0003
-0.0025 0.0004 -0.0013
-0.0053 0.0009 -0.0029
-0.0090 0.0015 -0.0049
-0.0137 0.0025 -0.0075
-0.0195 0.0039 -0.0107
-0.0250 0.0051 -0.0137
-0.0327 0.0074 -0.0179
-0.0416 0.0102 -0.0226
-0.0514 0.0132 -0.0276
-0.0007 0.0003 -0.0001
-0.0025 0.0010 -0.0006
-0.0054 0.0017 -0.0013
-0.0083 0.0023 -0.0022
-0.0130 0.0033 -0.0038
-0.0188 0.0048 -0.0056
-0.0257 0.0064 -0.0076
-0.0336 0.0085 -0.0098
-0.0425 0.0108 -0.0125
-0.0526 0.0132 -0.0157
-0.0007 0.0002 -0.0002
-0.0021 0.0004 -0.0005
-0.0047 0.0012 -0.0014
-0.0083 0.0026 -0.0029
-0.0128 0.0041 -0.0047
-0.0187 0.0060 -0.0070
-0.0256 0.0082 -0.0099
-0.0337 0.0107 -0.0131
-0.0429 0.0135 -0.0168
-0.0509 0.0160 -0.0202
-0.0007 0.0003 -0.0004
-0.0023 0.0007 -0.0013
-0.0049 0.0015 -0.0028
-0.0086 0.0026 -0.0046
-0.0134 0.0041 -0.0068
-0.0194 0.0059 -0.0096
-0.0265 0.0079 -0.0128
-0.0330 0.0098 -0.0159
-0.0421 0.0122 -0.0204
-0.0522 0.0150 -0.0251
-0.0006 0.0003 -0.0004
-0.0024 0.0008 -0.0011
-0.0053 0.0017 -0.0021
-0.0092 0.0029 -0.0033
-0.0142 0.0043 -0.0047
-0.0190 0.0055 -0.0061
-0.0261 0.0075 -0.0081
-0.0343 0.0099 -0.0107
-0.0437 0.0127 -0.0138
-0.0542 0.0158 -0.0173
-0.0008 0.0002 -0.0001
-0.0025 0.0006 -0.0008
-0.0053 0.0013 -0.0019
-0.0083 0.0022 -0.0030
-0.0131 0.0035 -0.0050
-0.0189 0.0052 -0.0075
-0.0259 0.0072 -0.0107
-0.0339 0.0093 -0.0144
-0.0430 0.0117 -0.0185
-0.0510 0.0138 -0.0220
-0.0008 0.0003 -0.0002
-0.0022 0.0006 -0.0007
-0.0050 0.0013 -0.0015
-0.0091 0.0023 -0.0025
-0.0143 0.0038 -0.0041
-0.0206 0.0054 -0.0063
-0.0280 0.0073 -0.0092
-0.0364 0.0096 -0.0129
-0.0458 0.0121 -0.0169
-0.0541 0.0142 -0.0202
-0.0007 0.0002 -0.0004
-0.0026 0.0006 -0.0015
-0.0055 0.0014 -0.0031
-0.0096 0.0025 -0.0054
-0.0148 0.0038 -0.0083
-0.0198 0.0049 -0.0110
-0.0270 0.0067 -0.0146
-0.0353 0.0088 -0.0187
-0.0446 0.0111 -0.0234
-0.0551 0.0135 -0.0287
-0.0006 0.0002 -0.0005
-0.0023 0.0007 -0.0014
-0.0050 0.0017 -0.0030
-0.0088 0.0029 -0.0050
-0.0136 0.0043 -0.0076
-0.0182 0.0056 -0.0100
-0.0251 0.0077 -0.0136
-0.0331 0.0102 -0.0180
-0.0420 0.0130 -0.0230
-0.0522 0.0161 -0.0283
-0.0005 0.0002 -0.0001
-0.0017 0.0005 -0.0005
-0.0041 0.0011 -0.0013
-0.0074 0.0019 -0.0024
-0.0118 0.0032 -0.0041
-0.0172 0.0048 -0.0061
-0.0237 0.0069 -0.0087
-0.0314 0.0091 -0.0118
-0.0401 0.0115 -0.0154
-0.0499 0.0141 -0.0194
-0.0005 0.0002 -0.0001
-0.0023 0.0006 -0.0006
-0.0052 0.0016 -0.0017
-0.0092 0.0029 -0.0032
-0.0142 0.0044 -0.0051
-0.0202 0.0061 -0.0072
-0.0274 0.0078 -0.0095
-0.0338 0.0095 -0.0117
-0.0427 0.0118 -0.0147
-0.0525 0.0145 -0.0181
-0.0005 0.0001 -0.0001
-0.0021 0.0007 -0.0008
-0.0046 0.0015 -0.0018
-0.0080 0.0024 -0.0033
-0.0126 0.0036 -0.0052
-0.0182 0.0053 -0.0073
-0.0236 0.0070 -0.0094
-0.0313 0.0094 -0.0121
-0.0400 0.0119 -0.0150
-0.0498 0.0148 -0.0182
-0.0007 0.0000 -0.0002
-0.0023 0.0003 -0.0008
-0.0050 0.0009 -0.0020
-0.0080 0.0016 -0.0032
-0.0125 0.0028 -0.0051
-0.0179 0.0040 -0.0076
-0.0245 0.0055 -0.0106
-0.0321 0.0074 -0.0143
-0.0407 0.0094 -0.0182
-0.0504 0.0117 -0.0225
-0.0006 0.0002 -0.0003
-0.0023 0.0009 -0.0011
-0.0044 0.0014 -0.0020
-0.0080 0.0023 -0.0037
-0.0127 0.0035 -0.0059
-0.0185 0.0050 -0.0086
-0.0254 0.0068 -0.0116
-0.0337 0.0088 -0.0152
-0.0429 0.0111 -0.0193
-0.0511 0.0133 -0.0227
-0.0006 0.0002 -0.0003
-0.0023 0.0007 -0.0010
-0.0050 0.0015 -0.0022
-0.0086 0.0026 -0.0040
-0.0133 0.0041 -0.0064
-0.0189 0.0057 -0.0095
-0.0256 0.0077 -0.0128
-0.0318 0.0095 -0.0159
-0.0404 0.0118 -0.0202
-0.0501 0.0143 -0.0251
-0.0007 0.0003 -0.0005
-0.0024 0.0009 -0.0013
-0.0050 0.0018 -0.0029
-0.0088 0.0030 -0.0051
-0.0136 0.0046 -0.0077
-0.0182 0.0060 -0.0101
-0.0251 0.0078 -0.0137
-0.0329 0.0102 -0.0181
-0.0418 0.0128 -0.0229
-0.0517 0.0157 -0.0281
-0.0007 0.0003 -0.0003
-0.0025 0.0008 -0.0010
-0.0052 0.0017 -0.0021
-0.0080 0.0024 -0.0035
-0.0125 0.0037 -0.0054
-0.0181 0.0053 -0.0076
-0.0246 0.0069 -0.0106
-0.0321 0.0085 -0.0140
-0.0408 0.0105 -0.0179
-0.0504 0.0128 -0.0223
-0.0007 0.0002 -0.0004
-0.0023 0.0006 -0.0010
-0.0050 0.0015 -0.0022
-0.0088 0.0028 -0.0037
-0.0136 0.0043 -0.0057
-0.0196 0.0060 -0.0083
-0.0268 0.0080 -0.0114
-0.0351 0.0102 -0.0147
-0.0446 0.0128 -0.0186
-0.0530 0.0152 -0.0222
-0.0007 0.0001 -0.0005
-0.0025 0.0005 -0.0016
-0.0054 0.0011 -0.0031
-0.0094 0.0019 -0.0050
-0.0147 0.0031 -0.0075
-0.0209 0.0047 -0.0106
-0.0282 0.0067 -0.0142
-0.0348 0.0086 -0.0174
-0.0440 0.0109 -0.0220
-0.0543 0.0134 -0.0269
-0.0008 0.0003 -0.0003
-0.0026 0.0008 -0.0010
-0.0055 0.0015 -0.0018
-0.0097 0.0023 -0.0032
-0.0150 0.0038 -0.0050
-0.0201 0.0051 -0.0068
-0.0276 0.0071 -0.0093
-0.0363 0.0093 -0.0123
-0.0461 0.0117 -0.0157
-0.0569 0.0144 -0.0195
-0.0006 0.0003 -0.0003
-0.0021 0.0008 -0.0007
-0.0050 0.0015 -0.0016
-0.0082 0.0022 -0.0026
-0.0132 0.0033 -0.0045
-0.0194 0.0048 -0.0070
-0.0267 0.0066 -0.0102
-0.0349 0.0085 -0.0137
-0.0442 0.0109 -0.0175
-0.0544 0.0137 -0.0217
-0.0006 0.0001 -0.0003
-0.0024 0.0004 -0.0012
-0.0053 0.0010 -0.0025
-0.0092 0.0016 -0.0042
-0.0143 0.0026 -0.0063
-0.0203 0.0038 -0.0089
-0.0273 0.0054 -0.0118
-0.0354 0.0076 -0.0151
-0.0426 0.0096 -0.0181
-0.0525 0.0124 -0.0221
-0.0006 -0.0000 -0.0003
-0.0023 0.0001 -0.0013
-0.0051 0.0006 -0.0027
-0.0090 0.0014 -0.0045
-0.0139 0.0025 -0.0066
-0.0197 0.0039 -0.0093
-0.0250 0.0052 -0.0116
-0.0326 0.0071 -0.0148
-0.0412 0.0092 -0.0187
-0.0509 0.0116 -0.0232
-0.0006 0.0003 -0.0003
-0.0022 0.0009 -0.0011
-0.0050 0.0018 -0.0024
-0.0088 0.0030 -0.0042
-0.0125 0.0042 -0.0058
-0.0183 0.0060 -0.0083
-0.0253 0.0081 -0.0113
-0.0332 0.0105 -0.0146
-0.0419 0.0130 -0.0181
-0.0518 0.0159 -0.0219
-0.0007 0.0002 -0.0002
-0.0027 0.0006 -0.0006
-0.0049 0.0011 -0.0013
-0.0086 0.0021 -0.0025
-0.0132 0.0035 -0.0042
-0.0189 0.0052 -0.0065
-0.0258 0.0071 -0.0092
-0.0337 0.0094 -0.0121
-0.0426 0.0117 -0.0156
-0.0525 0.0142 -0.0195
-0.0004 0.0002 -0.0001
-0.0019 0.0006 -0.0004
-0.0045 0.0015 -0.0013
-0.0081 0.0029 -0.0025
-0.0127 0.0045 -0.0041
-0.0182 0.0063 -0.0063
-0.0234 0.0081 -0.0084
-0.0326 0.0112 -0.0118
-0.0395 0.0134 -0.0142
-0.0492 0.0164 -0.0177
-0.0005 0.0000 -0.0006
-0.0022 0.0006 -0.0015
-0.0048 0.0015 -0.0029
-0.0086 0.0026 -0.0049
-0.0135 0.0038 -0.0075
-0.0183 0.0050 -0.0099
-0.0252 0.0069 -0.0134
-0.0333 0.0091 -0.0174
-0.0426 0.0116 -0.0219
-0.0530 0.0141 -0.0269
-0.0009 0.0004 -0.0002
-0.0030 0.0012 -0.0008
-0.0055 0.0021 -0.0018
-0.0108 0.0036 -0.0037
-0.0154 0.0049 -0.0053
-0.0220 0.0067 -0.0076
-0.0298 0.0089 -0.0103
-0.0386 0.0113 -0.0135
-0.0487 0.0140 -0.0168
-0.0598 0.0171 -0.0203
-0.0006 0.0002 -0.0005
-0.0021 0.0006 -0.0012
-0.0047 0.0013 -0.0025
-0.0086 0.0023 -0.0043
-0.0136 0.0035 -0.0063
-0.0198 0.0049 -0.0085
-0.0270 0.0065 -0.0111
-0.0353 0.0084 -0.0144
-0.0428 0.0101 -0.0173
-0.0530 0.0126 -0.0212
-0.0007 0.0002 -0.0001
-0.0024 0.0008 -0.0009
-0.0052 0.0017 -0.0024
-0.0090 0.0027 -0.0041
-0.0140 0.0038 -0.0061
-0.0203 0.0053 -0.0084
-0.0276 0.0071 -0.0111
-0.0343 0.0087 -0.0138
-0.0435 0.0110 -0.0174
-0.0538 0.0139 -0.0217
-0.0008 0.0001 -0.0002
-0.0027 0.0004 -0.0008
-0.0059 0.0009 -0.0018
-0.0100 0.0017 -0.0032
-0.0142 0.0026 -0.0046
-0.0204 0.0039 -0.0065
-0.0277 0.0054 -0.0087
-0.0361 0.0071 -0.0111
-0.0456 0.0091 -0.0140
-0.0562 0.0113 -0.0174
-0.0007 0.0002 -0.0002
-0.0023 0.0006 -0.0007
-0.0049 0.0012 -0.0015
-0.0079 0.0019 -0.0026
-0.0126 0.0029 -0.0045
-0.0185 0.0041 -0.0070
-0.0254 0.0056 -0.0099
-0.0336 0.0075 -0.0134
-0.0429 0.0097 -0.0173
-0.0532 0.0120 -0.0216
-0.0004 0.0002 -0.0002
-0.0020 0.0007 -0.0008
-0.0047 0.0015 -0.0017
-0.0088 0.0027 -0.0030
-0.0141 0.0041 -0.0046
-0.0205 0.0058 -0.0069
-0.0281 0.0076 -0.0095
-0.0368 0.0096 -0.0128
-0.0466 0.0120 -0.0165

