count	accelx	accely	accelz	roll	pitch	heading
1	0.0000	0.0000	0.3560	0.0930	-0.0220	0.0000
2	-0.0070	0.0150	-0.0410	-0.1210	-0.0280	-2.4000
3	-0.0160	0.0140	0.0160	-0.1170	-0.0390	-2.3460
4	-0.0270	0.0160	0.0060	-0.1230	-0.0410	-2.2050
5	-0.0620	0.0040	0.0140	-0.1230	0.0000	-2.2380
6	-0.0080	0.0110	-0.0280	-0.1240	-0.0020	-2.4160
7	0.0140	0.0100	-0.0110	-0.1250	0.0010	-2.7450
8	-0.0130	0.0230	0.0170	-0.1210	0.0010	-3.1030
9	-0.0130	0.0180	0.0170	-0.1190	0.0040	-3.3720
10	0.0200	0.0310	0.0560	-0.1250	0.0480	-3.3590
11	0.0030	0.0150	0.0030	-0.1310	0.0500	-3.3950
12	-0.0090	0.0180	-0.0380	-0.1390	0.0560	-3.3110
13	0.0170	0.0260	-0.0100	-0.1430	0.0440	-3.3040
14	-0.0200	0.0090	-0.0120	-0.1900	0.0440	-3.2110
15	-0.0060	0.0280	0.0650	-0.1870	0.0400	-3.0090
16	-0.0060	0.0360	0.0590	-0.1870	0.0390	-2.7880
17	-0.0220	0.0190	-0.0230	-0.1820	0.0400	-2.8880
18	0.0050	0.0280	-0.0150	-0.1830	0.0350	-2.8220
19	0.0120	0.0300	0.0080	-0.1710	0.0220	-2.7050
20	-0.0260	0.0220	0.0070	-0.1660	0.0110	-2.7660
21	0.0070	0.0300	-0.0030	-0.1610	0.0070	-2.8380
22	-0.0170	0.0350	0.0030	9.0000	-0.0340	-2.6600
23	-0.0140	0.0270	0.0280	0.0000	-0.0290	-2.6040
24	-0.0270	0.0029	0.5600	-0.1600	-0.0340	-2.5570
25	-0.0270	0.0100	0.0380	-0.1660	-0.0420	-2.4570
26	-0.0140	0.0200	-0.1600	-0.0440	-1.9360	-2.0790
27	-0.0330	0.0160	-0.0100	-0.1170	-0.0340	-1.7350
28	-0.1100	0.0240	-0.0020	-0.1240	-0.0400	-1.4280
29	-0.0310	0.0040	-0.0090	-0.1260	-0.0450	-1.4900
30	-0.0030	0.0050	0.0300	-0.1240	-0.0330	-1.4160
31	0.0070	0.0330	0.0250	-0.1230	-0.0460	-1.3170
32	-0.0120	0.0210	-0.0030	-0.1180	-0.0450	-1.3440
33	-0.0030	0.0130	0.0250	-0.1150	-0.0460	-1.3920
34	-0.0280	0.0320	-0.0240	-0.1040	-0.0480	-1.3510
35	-0.0360	0.0190	-0.1160	-0.1020	-0.0440	-1.2490
36	-0.0080	0.0030	-0.0460	-0.1020	-0.0340	-1.2130
37	-0.0060	0.0150	0.0040	-0.0970	-0.0250	-1.2320
38	-0.0010	0.0160	0.0030	-0.0880	-0.0270	-1.1090
39	-0.0020	0.0070	0.0000	-0.0970	-0.0330	-1.1400
40	-0.0020	0.0060	-0.0150	-0.0990	-0.0340	-1.1410
41	-0.0020	0.0180	-0.0200	-0.0980	-0.0380	-1.1410
42	-0.0060	-0.0050	0.0250	-0.0920	-0.0510	-1.0480
43	-0.0110	0.0110	-0.0180	-0.0850	-0.0620	-1.0870
44	-0.0150	-0.0150	-0.0210	-0.0900	-0.0650	-1.1020
45	0.0020	0.0210	0.0450	-0.0780	-0.0600	-1.0640
46	-0.0340	0.0190	-0.0280	-0.0750	-59.0000	-1.0690
47	-0.0030	0.0170	-0.0400	-0.0710	-0.0700	-1.1950
48	-0.0080	0.0000	-0.0350	0.0000	-0.0730	-1.3840
49	0.0020	-0.0030	0.0000	-0.0630	-0.0770	-1.7340
50	-0.0070	-0.0020	-0.0370	-0.0580	-0.0760	-1.6260
51	-0.0220	0.0070	-0.0350	-0.0540	-0.0790	-1.5360
52	-0.0210	-0.0110	0.0280	-0.0500	-0.0890	-1.6170
53	-0.0280	-0.0010	0.0000	-0.0490	-0.0880	-1.8370
54	-0.0160	0.0160	-0.0110	-0.0360	-0.0830	-1.8870
55	-0.0160	0.0010	-0.0240	-0.0440	-0.0820	-1.9790
56	-0.0340	-0.0030	-0.0140	-0.0520	-0.0850	-2.0620
57	-0.0120	0.0040	-0.0220	-0.0620	-0.0670	-2.0810
58	0.0010	0.0050	0.0120	-0.0630	-0.0620	-2.2440
59	-0.0230	0.0330	0.0280	-0.0510	-0.0580	-2.4130
60	0.0040	-0.0030	-0.0610	0.0000	-0.0520	-2.6160
61	-0.0070	0.0050	-0.0030	-0.0060	-0.0560	-2.6590
62	-0.0370	0.0080	0.0100	-0.0510	-0.0670	-2.6680
63	-0.0420	0.0020	0.0220	-0.0500	-0.0680	-2.7140
64	-0.0200	0.0030	-0.0060	-0.0490	-0.0620	-2.6530
65	-0.0250	0.0060	-0.0050	-0.0370	-0.0600	-2.6310
66	-0.0160	0.0010	-0.0070	-0.0370	-0.0540	-2.4890
67	-0.0140	0.0090	-0.0220	-0.0380	-0.0360	-2.2940
68	-0.1320	-0.0120	0.0260	-0.0410	-0.0370	-2.1410
69	-0.0310	-0.0060	0.0010	-0.0500	-0.0310	-2.0560
70	-0.0190	0.0000	0.1540	-0.0470	-0.0240	-1.7870
71	-0.0100	0.0130	0.0440	-0.0480	-0.0250	-1.8020
72	-0.0430	0.0070	0.0060	-0.0460	-0.0120	-1.8060
73	-0.0030	0.0050	0.0680	-0.0460	0.0060	-1.8340
74	-0.0010	-0.0050	-0.0130	-0.0500	-0.0108	-11.6220
75	-0.0380	-0.0050	0.0040	-0.0520	-0.0160	-11.6220
76	-0.0090	-0.0020	-0.0180	-0.0530	-0.0100	-11.6220
77	-0.0020	0.0110	0.0325	-0.0580	-0.0180	-2.3770
78	-0.0130	0.0160	-0.0390	-0.0560	-0.0200	-1.3590
79	-0.0580	0.0000	-0.0290	-0.0530	-0.0180	-1.3780
80	-0.0410	-0.0070	0.0490	-0.0420	0.0220	-1.4310
81	-0.0120	0.0050	0.1420	-0.0440	0.0070	-1.7560
82	-0.0230	-0.0010	-0.0240	-0.0470	-0.0030	-1.8480
83	-0.0130	-0.0030	0.0700	-0.0350	-0.0040	-1.8080
84	-0.0200	-0.0120	-0.0170	-0.0370	-0.0120	-1.7460
85	-0.0040	0.0100	-0.0480	-0.0860	-0.0160	-1.7730
86	-0.0100	0.0100	-0.0090	-0.0810	-0.0110	-1.6790
87	0.0040	-0.0100	-0.0020	-0.0750	-0.0130	-1.5870
88	-0.0090	-0.0020	-0.0140	-0.0810	-0.0170	-1.6450
89	-0.0270	0.0200	-0.0150	-0.0710	-0.0320	-1.8080
90	-0.0040	0.0000	0.0220	-0.0690	-0.0360	-1.8200
91	-0.0220	0.0020	-0.0410	-0.0230	-0.0380	-1.8340
92	-0.0350	0.0050	0.0170	-0.0190	-0.0500	-1.8470
93	-0.0030	0.0050	0.0010	-0.0600	-0.0530	-1.9170
94	-0.0030	0.0050	-0.0110	-0.0640	-0.0500	-2.0720
95	-0.0300	0.0190	-0.0200	-0.0680	-0.0530	-2.1000
96	-0.0060	0.0090	0.0160	-0.0680	-0.0600	-2.1500
97	-0.0380	0.0150	0.0030	-0.0730	-0.0660	-2.6100
98	-0.0370	0.0190	0.0130	-0.0770	-0.0710	-1.8990
99	-0.0430	0.0050	0.0340	-0.0750	-0.0900	-1.8840
100	-0.0200	0.0060	0.0010	-0.0740	-0.0970	-1.8130
101	-0.0280	-0.0050	0.0080	-0.0620	-0.1020	-1.5530
102	-0.0150	0.0080	-0.0030	-0.0610	-0.1070	-1.6790
103	-0.0310	0.0030	-0.0040	-0.0620	-0.1110	-1.7530
104	-0.0190	0.0400	0.0080	-0.0770	-0.1040	-1.7660
105	-0.0380	0.0130	-0.0020	-0.0890	-0.1010	-1.9190
106	-0.0130	0.0270	-0.0440	-0.0990	-0.1020	-1.9500
107	-0.0510	0.0110	-0.0050	-0.0990	-0.1000	-2.0150
108	-0.0110	0.0230	0.0320	-0.0980	-0.1040	-1.9300
109	-0.0250	0.0130	0.0470	-0.1030	-0.1020	-1.8920
110	-0.0160	-0.0090	0.0110	-0.1100	-0.0980	-1.8230
111	-0.0190	0.0170	0.0160	-0.1040	-0.0940	-1.7260
112	-0.0070	-0.0040	0.0330	-0.1080	-0.0980	-1.6740
113	-0.0320	0.0220	-0.0440	-0.1080	-0.0920	-1.5530
114	-0.0060	0.0100	-0.0100	-0.1150	-0.0970	-1.4160
115	-0.0110	0.0030	0.0380	-0.1250	-0.1070	-1.2920
116	0.0160	0.0140	-0.0040	-0.1330	-0.1020	-1.3390
117	-0.0180	0.0210	0.0170	-0.1310	-0.0940	-1.4850
118	-0.0130	0.0120	-0.0110	-0.1250	-0.0870	-1.6040
119	-0.0190	0.0270	0.0250	-0.1300	-0.0840	-1.5920
120	-0.0350	0.0250	-0.0110	-0.1260	-0.0820	-1.3810
121	0.0050	0.0330	-0.0140	-0.1160	-0.0780	-1.3700
122	-0.0200	0.0230	0.0360	-0.1220	-0.0760	-1.2540
123	-0.0120	0.0240	0.0130	-0.1270	-0.0790	-1.0080
124	-0.0180	0.0114	0.0140	-0.0950	-0.0840	-0.8280
125	-0.0330	0.0000	0.0040	-0.0950	-0.0820	-0.4630
126	-0.0110	0.0070	0.0020	-0.0900	-0.1010	-0.4390
127	-0.0330	0.0070	-0.0060	-0.0870	-0.1090	-0.5010
128	-0.0200	0.0280	-0.0050	-0.0870	-0.1090	-0.6270
129	-0.0520	0.0050	0.0230	-0.0800	-0.1100	-0.6460
130	-0.0160	0.0270	0.0180	-0.0650	-0.1170	-0.7200
131	-0.0190	0.0030	0.0150	-0.0530	-0.1200	-0.8030
132	-0.0230	0.0020	0.0420	-0.0490	-0.1100	-0.6620
133	-0.0330	0.0040	-0.0190	-0.0520	-0.1130	-0.6600
134	-0.0090	0.0140	0.0150	-0.0530	-0.1150	-0.7120
135	-0.0320	0.0140	0.0100	-0.0530	-0.1200	-0.7700
136	-0.0280	0.0060	0.0170	-0.0470	-0.1190	-0.8570
137	-0.0330	-0.0070	-0.0130	-0.0330	-0.1150	-0.9690
138	-0.0020	0.0010	0.0170	-0.0270	-0.1210	-0.8780
139	-0.0240	-0.0110	0.0280	-0.0370	-0.1570	-0.9810
140	-0.0630	0.0070	-0.0120	-0.0340	-0.1460	-1.1880
count	accelx	accely	accelz	roll	pitch	heading
1	0.0000	0.0000	0.2670	-0.0120	-0.0090	0.0000
2	0.0010	0.0080	0.0250	-0.0274	-0.0989	-0.7490
3	-0.0180	-0.0100	-0.0240	0.0000	0.0980	-0.8930
4	-0.0680	0.0060	-39.0000	-0.0200	-0.1130	-0.8960
5	-0.0300	-0.0060	-1.0000	-0.0250	-0.1270	-0.9050
6	-0.0210	-0.0150	-0.3000	-0.0300	-0.1280	-0.8700
7	-0.0260	-0.0160	0.0030	-0.0150	-0.1340	-0.9880
8	-0.0290	0.0150	-0.0490	-0.0140	-0.1360	-0.9810
9	-0.0300	-0.0140	-0.0190	-0.0150	-0.1360	-1.0700
10	-0.0170	0.0050	-0.0680	-0.0570	-0.1440	-1.0530
11	-0.0250	0.0010	0.0120	-0.0620	-0.1900	-1.1230
12	-0.0510	-0.0070	0.0040	-0.0650	-0.1820	-1.2710
13	-0.0460	-0.0070	-0.0150	-0.0560	-0.1760	-1.4130
14	-0.0590	-0.0010	-0.0170	-0.0450	-0.1720	-1.5110
15	-0.0190	0.0000	-0.0250	-0.0430	-0.1730	-1.4800
16	-0.0480	0.0050	0.0040	-0.0390	-0.2150	-1.3940
17	-0.0410	-0.0050	-0.0490	-0.0360	-0.2110	-1.3230
18	-0.0620	-0.0170	0.0160	-0.0390	-0.2040	-1.4460
19	-0.0880	0.0010	0.0020	-0.0390	-0.1960	-1.4740
20	-0.0570	0.0010	0.0320	-0.0430	-0.2020	-1.3640
21	-0.2360	0.0230	-0.0330	-0.0440	-0.1730	-1.2910
22	0.1840	-0.3710	-0.0880	-0.0190	-0.2310	-0.7980
23	-0.0430	-0.2050	1.1910	-0.0060	-0.2590	0.0090
24	-0.4900	-0.0400	0.2560	0.0210	-0.2540	0.2400
25	-0.4280	-0.7380	-0.0250	-0.0500	-0.2580	0.5900
26	-0.6710	0.3800	-0.1570	-0.0560	-0.2390	0.8250
27	-0.1290	-0.0720	0.0110	-0.0170	-0.1820	0.8840
28	-0.1190	-0.4660	-1.1280	0.0210	-0.1630	0.9590
29	0.1730	-0.3500	-0.4750	0.0130	-0.2210	1.0950
30	-0.1340	-0.0270	0.1510	-0.0630	-0.2050	1.1670
31	0.0230	0.0410	-0.0560	-0.0170	-0.2320	1.0260
32	-0.0310	-0.1370	0.4850	-0.0050	-0.2450	1.2560
33	-0.2900	-0.2690	-0.4760	0.0150	-0.2870	1.3490
34	-0.2490	-0.1400	0.4030	0.0520	-0.3670	1.4300
35	-0.7410	-0.2140	-1.0950	0.0430	-0.4170	1.3370
36	-0.2260	-0.0100	-0.8570	0.0060	-0.4700	1.4440
37	-1.3120	0.2730	-0.3740	-0.0210	-0.4300	1.4310
38	0.1250	-0.1260	-0.9120	-0.0430	-0.3600	1.5680
39	0.0300	-0.4940	-0.2680	-0.0570	-0.2420	1.6170
40	0.0300	-0.4940	-0.6450	-0.0260	30.0000	1.8730
41	-0.3530	0.1950	-0.2540	-0.0030	-0.1730	2.2010
42	-0.5290	-0.2920	0.7470	0.0710	-0.1890	2.2510
43	-0.9770	-0.4220	-0.9660	0.1160	-0.2030	2.1380
44	0.2440	-0.3610	0.3530	0.0480	-0.2910	2.1950
45	-0.1220	-0.4610	0.8440	0.0840	-0.2580	2.3540
46	-0.9450	-0.2430	0.1240	0.0800	-0.1540	2.5567
47	0.3320	0.1710	-0.0760	0.0580	-0.1300	2.6440
48	-0.1210	-0.5700	0.4300	0.0092	-0.1860	2.7660
49	-0.3030	-0.7850	-0.6760	-0.1550	2.7720	2.8200
50	-0.1780	-0.6450	-1.1750	-9.0000	-0.0810	2.8830
51	0.4670	0.0000	-0.1310	-0.0650	-0.1960	2.9300
52	-0.5210	-0.4280	-0.8840	0.0000	-0.1910	3.1160
53	-0.3450	0.7180	-0.1220	0.1200	0.1460	3.0150
54	0.3270	-1.0390	-2.4780	0.0880	-0.1460	3.0030
55	-0.0530	-0.8130	1.1000	0.0440	-0.1600	3.0280
56	-0.2610	0.6590	0.9930	0.1130	-0.1010	3.0930
57	0.7450	0.3110	-1.0130	0.1730	-0.0650	3.0230
58	-0.7830	0.2580	1.1570	0.1620	-0.0440	2.9570
59	-0.6370	-0.4330	-0.8990	0.1580	-0.0750	2.7390
60	-0.4690	-2.6120	1.2240	0.1030	-0.0840	2.6940
61	1.1050	-1.2260	0.0380	0.0630	-0.0510	2.5390
62	-1.5350	-1.7960	2.5170	0.1220	-0.2000	0.5690
63	0.4210	-1.2590	-2.0190	0.0320	-0.1440	2.2990
64	0.1310	-0.7020	-2.4700	0.0970	-0.2290	2.7620
65	-0.7450	-1.3810	2.1420	-0.0250	-0.0820	2.6930
66	-0.0440	-1.2550	-2.2730	0.1990	-0.1590	2.7700
67	-1.6060	-0.9150	2.6760	0.3040	-0.2030	2.7820
68	-1.2500	-1.5640	2.6530	-0.0140	-0.1380	2.9440
69	-1.8550	-1.3660	1.5030	0.2060	-0.1560	3.0300
70	0.6880	-0.1960	-2.0010	0.3070	-0.2490	3.1190
71	-0.0140	-0.0510	-0.3500	0.0420	-0.1660	3.2360
72	-0.2530	-0.2660	-0.5250	-0.1660	0.1920	3.3250
73	0.0350	-3.1340	1.2830	-0.2450	0.1250	3.6250
74	-0.9550	0.0870	-0.1840	0.1150	0.0430	3.8700
75	-0.2860	0.6690	2.3830	0.0650	-0.0220	4.2040
76	-0.2250	-0.8910	0.0020	-0.1520	0.1790	4.3570
77	-0.5100	0.0310	0.8590	-0.3310	0.2660	4.4630
78	1.2430	0.3860	-0.0530	-0.7420	0.3270	4.4600
79	-1.1560	-2.5890	-2.7940	-0.9490	0.3540	4.3830
80	0.0280	-0.0820	-2.5250	-1.1180	0.4950	4.5890
81	-0.3100	-2.4060	-2.4780	-1.6630	0.6000	4.5910
82	-1.4750	-1.5620	-1.2030	-1.7440	0.7480	4.5570
83	-0.0480	-2.7900	1.0480	-2.1200	0.9410	4.7040
84	-2.2360	-1.8550	0.1870	-2.1780	1.0920	5.0050
85	-1.0280	-0.6040	-1.7630	-2.3080	1.2800	5.1500
86	-0.3110	-0.2110	-2.9310	-2.5350	1.4790	5.3750
87	-0.7430	0.1370	-1.2360	-2.7970	1.5550	5.5560
88	1.2560	-0.4050	-2.3660	-3.0330	1.8530	5.9470
89	-0.1650	-0.4190	2.0170	-3.3790	1.9320	6.0930
90	-0.3850	1.5010	-1.6700	-3.3880	1.8770	6.3820
91	-1.1060	1.5320	-0.0620	-3.0640	1.7620	6.5920
92	-0.2440	-2.4860	-0.0400	-2.8170	1.7240	6.9780
93	-4.2420	-0.5350	-1.8530	-2.8950	1.4770	7.0470
94	-1.5090	2.4100	-3.3110	-2.9770	1.3630	7.2860
95	-0.4590	0.1920	1.4890	-2.7630	1.6740	7.6070
96	-2.0900	-2.0080	-2.7290	-2.8610	1.4120	7.8470
97	0.5630	0.6600	1.2460	-2.9440	1.5880	7.8540
98	1.9190	-2.1760	-1.2200	-2.4910	1.4610	8.0110
99	-0.1440	-0.2910	-1.6550	-2.6700	1.7200	7.8930
100	-0.2000	2.3310	1.1670	-2.4330	1.9210	7.8110
101	0.2890	-0.0810	-3.2790	-2.5150	1.9850	7.8810
102	-1.5450	1.7820	0.0360	-2.5950	2.0680	7.9330
103	-3.9590	-0.2100	-4.2970	-2.1210	1.7900	7.8300
104	-1.2030	-0.8250	-4.5890	-2.1090	2.0550	7.8480
105	3.6440	-0.9570	0.3180	-1.8144	1.7410	7.8530
106	0.1460	1.4610	0.4860	-2.0000	1.6840	7.9880
107	-1.2060	1.6360	3.7580	-2.1730	1.7080	7.9690
108	1.0620	-1.8580	0.0700	8.0000	-2.3650	8.1550
109	-1.9250	-0.8370	1.4920	-2.1290	1.4870	8.1900
110	0.7680	-0.8370	-0.8610	-1.7960	1.3060	8.1190
111	-0.9020	1.8720	2.4820	-1.8130	1.2790	8.1520
112	-1.6220	0.2250	0.8060	-1.6170	1.0130	8.2350
113	-0.7070	1.3870	-2.4680	-1.9020	1.5080	8.3640
114	0.5210	-1.9040	0.2030	-1.8920	1.2700	8.5590
115	-1.0200	0.7930	-4.4550	-2.0170	1.4360	8.6250
116	-0.5700	-0.0050	-1.0140	-1.8370	1.4610	8.6200
117	1.0960	0.8070	-2.2980	-2.0460	1.4460	8.2730
118	0.8040	1.6380	-0.2310	-1.9600	1.2060	8.2050
119	-0.7370	0.8830	-3.5910	-2.1100	0.9740	8.1140
120	-0.8220	0.4830	3.7240	-1.7440	0.8340	8.0420
121	1.7760	0.1970	-2.0000	-1.6400	0.8580	7.9440
122	-1.3900	2.0790	1.0390	-1.3650	0.8610	8.0780
123	-1.9740	-1.5440	-0.1080	-1.2810	1.1760	7.9990
124	-0.2030	0.5990	0.1840	-1.3970	1.3850	7.9220
125	-2.1470	1.4350	0.2370	-1.2670	1.5870	7.9360
126	-2.3000	-0.4730	-4.4630	-1.5420	1.4980	7.8740
127	-2.3000	-4.1250	5.8630	-1.1860	1.5930	7.5490
128	-0.3510	-0.1610	0.2900	-1.1630	1.4560	7.4300
129	-3.4990	-0.5200	0.3600	-0.6040	1.3450	7.2983
130	1.3910	-1.0840	0.7800	-0.4610	1.1530	7.2730
131	0.5010	0.4980	-2.2960	-0.6580	0.7920	7.1270
132	0.6470	0.5560	-0.7450	-0.3190	0.9760	7.2950
133	1.0180	0.9500	3.9250	-0.3290	1.1820	7.4940
134	-1.1020	0.7000	-3.1660	-0.7040	1.4030	7.2660
135	-1.8180	-2.1740	-5.2170	-0.7910	1.2540	7.0770
136	0.7240	-1.6120	-0.7100	-0.9100	1.1340	7.0070
137	-0.5600	0.2660	1.9630	-0.8240	0.9810	6.6710
138	-0.7850	-1.7370	1.9160	-0.7040	0.6940	6.7340
139	0.7770	-1.4600	0.1020	-0.7750	0.5340	6.7430
140	0.5540	0.6550	-1.5680	-1.0100	0.9070	6.9000
141	-3.0340	-1.1800	-2.1940	-1.6070	0.9620	6.9230
142	-1.8960	-0.3530	0.1360	-1.4390	1.2950	6.8260
143	-1.1030	-2.1840	-2.0340	-1.3450	1.3820	6.8420
144	-0.8430	-1.9320	-1.5860	-1.1980	1.2930	6.8500
145	0.4680	0.1890	-0.6530	-1.1410	1.4960	6.7110
146	-0.8160	0.1480	-3.0590	-1.1990	1.4580	6.4530
147	0.4730	1.8600	2.9670	-0.7340	1.2930	6.4060
148	-2.0610	0.4140	2.0970	-0.2810	1.2300	6.3920
149	0.6450	-1.3630	0.6850	-0.0770	0.9260	6.5370
150	0.4570	-2.4670	-0.9350	0.0460	0.8100	6.7650
151	0.6620	-0.4370	-2.6270	-0.2500	1.3040	7.0310
152	0.8450	-1.2690	-0.4420	-0.7150	1.4370	7.2230
153	0.5130	0.5410	-1.7720	-1.0190	1.5180	7.4380
154	1.0510	-0.3570	-0.2830	-0.9890	1.3800	7.5230
155	1.5740	-1.0990	-0.9560	-1.0080	1.1260	7.5920
156	-1.5880	0.5210	-0.2650	-1.2540	1.1720	7.8730
157	1.0080	-2.6690	-2.2590	-1.7160	1.4650	8.3410
158	-0.9950	1.7850	0.0890	-1.5650	1.4460	8.5640
159	0.7070	0.2590	-0.4750	-1.1930	1.3000	8.0000
160	-0.2760	-0.9320	2.4060	-1.2780	0.8880	8.7330
161	-1.9100	1.6100	0.3950	-1.2430	0.5400	8.6790
162	-3.7340	-0.8420	-1.7630	-0.4400	8.7880	8.8000
163	-0.1710	-1.5370	-2.2780	-0.4890	0.5490	8.7650
164	0.6170	0.0510	1.0760	-1.0506	0.8640	8.9070
165	1.0840	0.4760	-0.4540	0.9860	8.7460	8.8730
166	0.6840	-3.6520	6.0680	-0.4100	0.8400	9.1160
167	-0.8980	-1.9270	1.0270	-0.5740	1.0610	8.9360
168	-0.0540	0.9120	0.8080	-0.9500	1.2280	8.8880
169	0.3820	-0.1800	1.9690	-0.8240	1.2120	9.0020
170	-0.8300	-2.2730	1.8080	-0.7080	0.7670	8.8850
171	-3.5850	0.5380	1.0040	-0.8150	0.5860	8.6210
172	-2.2650	0.1590	3.1120	-0.7510	0.8790	8.5000
173	0.3210	-2.0960	3.0970	-0.7710	1.0100	8.4910
174	0.5360	0.1590	-1.4230	-663.0000	0.9990	8.6060
175	-0.5120	1.8200	1.0100	-0.9905	0.6520	8.7340
176	-1.4140	1.8120	-0.3060	-1.0410	0.7300	8.3530
177	-0.9530	-0.4390	-865.0000	-1.0480	0.8610	7.6640
178	-1.3750	0.0000	-0.0840	-1.0340	0.8640	7.2070
179	-0.4010	0.5760	-0.6750	-1.0280	0.8340	6.6920
180	-0.6200	0.0260	-0.0580	-1.0020	0.8040	6.0140
181	-0.3580	-0.7000	0.6920	-0.9750	0.7960	5.5320
182	-0.0910	-0.0370	-1.0340	-0.9270	0.7580	5.0450
183	-0.4440	0.1020	0.4490	-0.8820	0.7190	4.8390
184	-0.7480	0.3050	-0.5740	-0.8920	0.6680	4.6230
185	0.3530	-0.6390	0.0540	-0.9230	0.6690	4.4240
186	-0.5360	0.1490	0.0310	-0.8880	0.7100	4.2720
187	-0.4430	0.1630	-0.3460	-0.8380	0.6900	3.8440
188	-0.0040	0.1390	0.2790	-0.8780	0.7460	3.6530
189	-0.2310	0.1870	-0.1500	-0.8530	0.7420	3.4000
190	-0.0180	0.3400	0.4620	-0.8560	0.7370	2.8970
count	accelx	accely	accelz	roll	pitch	heading
1	0.0000	0.0000	0.0770	0.0280	-0.1750	0.0000
2	-0.0450	-0.0280	0.0030	0.1220	-0.2390	-0.1190
3	-0.0810	-0.0170	-0.0020	0.1280	-0.2410	-0.0660
4	-0.0480	-0.0250	0.0090	0.1350	-0.2410	-0.1170
5	-0.0320	-0.0260	-0.0210	0.1540	-0.2460	0.0910
6	-0.0530	-0.0300	0.0130	0.1630	-0.2570	0.1900
7	-0.0630	-0.0470	-0.0140	0.1960	-0.2590	0.3080
8	-0.0600	-0.0230	0.0070	0.1870	-0.2680	0.3970
9	-0.0500	-0.0330	-0.0130	0.1650	-0.2610	0.4010
10	-0.0290	-0.0260	-0.0300	0.1650	-0.2640	0.4150
11	-0.0580	-0.0230	0.0140	0.1510	-0.2640	0.4730
12	-0.0460	-0.0340	-0.0100	0.1450	-0.2630	0.4460
13	-0.0370	-0.0150	-0.0600	0.1430	-0.2680	0.5280
14	-0.0520	-0.0310	0.0010	0.1470	-0.2760	0.4750
15	-0.0410	-0.0160	-0.0370	0.1530	-0.2790	0.2830
16	-0.0430	-0.0200	-0.0030	0.1080	-0.2710	0.3060
17	-0.0430	-0.0160	-0.0010	0.1060	-0.2760	0.3900
18	-0.0740	-0.0170	-0.0160	0.0990	-0.2710	0.5440
19	-0.0240	-0.0160	-0.0370	0.1010	-0.2520	0.4960
20	-0.0510	-0.0220	0.0560	0.0980	-0.2830	0.6040
21	-0.0930	-0.0350	-0.0080	0.1030	-0.2900	0.6340
22	-0.0520	-0.0200	-0.0010	0.0980	-0.2880	0.6880
23	-0.0450	-0.0220	0.0270	0.1010	-0.2810	0.8470
24	-0.0540	-0.0160	-0.0080	0.1030	-0.2760	0.9770
25	-0.0560	-0.0280	-0.0270	0.0930	-0.2780	0.9850
26	-0.0560	-0.0140	-0.0210	0.0910	-0.2840	1.0490
27	-0.0390	-0.0220	-0.0080	0.0860	-0.2870	1.1260
28	-0.0640	-0.0280	-0.0470	0.0920	-0.2990	1.2760
29	0.0370	-0.5680	0.1400	0.0860	-0.2910	1.2760
30	0.0350	0.1170	0.5990	0.0830	-0.3320	2.0190
31	-0.3100	-0.0130	-0.4850	0.1220	-0.3460	2.4620
32	-0.4000	0.5460	-1.1680	0.0830	-0.3030	2.4440
33	-0.2420	-0.5720	0.1100	0.0950	-0.2970	2.3490
34	-0.4140	0.3200	0.2100	0.1090	-0.2720	2.2760
35	0.3020	-0.7960	0.8730	0.1420	-0.2820	2.3340
36	-0.3300	-0.3630	0.3360	0.1380	-0.2980	2.3740
37	-0.1230	-0.1810	-0.0990	0.2010	-0.2590	2.5440
38	-0.1240	0.3170	-0.8010	0.2470	-0.2640	2.7680
39	0.0440	-0.2610	-0.5640	0.2210	-0.3090	2.8020
40	-0.1610	0.1460	-0.8780	0.2470	-0.2750	2.8600
41	-0.1460	-0.5800	1.0000	0.2630	-0.2920	3.1130
42	-0.4610	0.2100	-0.4310	0.2620	-0.2020	3.0580
43	-0.1490	-0.7450	0.3190	0.0760	-0.1900	3.0580
44	-1.0100	0.5770	2.4020	0.0560	-0.3140	3.1280
45	-0.8980	1.0180	-0.4700	0.3040	-0.4350	3.1840
46	-1.6300	0.4100	2.1830	0.5270	-0.6610	3.6400
47	-4.4810	-0.0960	-0.2340	65.0000	0.0000	3.9380
48	-0.8130	-1.1430	-2.7210	0.3160	-0.6920	4.1410
49	-4.4200	-1.1430	8.7660	0.3160	-1.1870	4.2660
50	-0.8130	2.2790	-2.2220	0.5890	-1.1730	4.7010
51	-5.1560	-2.6470	-1.8040	0.5350	-0.9400	4.9320
52	-0.4470	-0.0930	-0.4580	0.5010	-0.9670	5.4350
53	0.5230	-2.9070	-3.7730	0.1220	-0.6460	5.0000
54	-1.3820	-3.2560	-1.3180	0.2810	-0.6430	6.2410
55	-2.9340	3.1080	-3.7540	0.5470	-0.6086	6.4200
56	1.4710	-7.0190	-2.8430	0.5800	-0.4740	7.0740
57	1.1420	1.6870	1.1350	0.4450	0.0000	7.4290
58	-4.8580	-3.5710	3.0270	0.3945	-0.5580	7.7970
59	-2.7190	0.9980	0.4920	0.2110	-0.5610	8.6240
60	2.6190	0.0450	5.7620	0.0450	-0.3100	9.4510
61	1.9220	-5.6700	-8.0400	0.2970	-0.2480	9.7770
62	-5.5030	8.0630	-6.9600	-0.0860	-0.3020	10.2230
63	2.2080	-1.6740	1.6100	-0.0870	-0.2910	10.7775
64	1.7020	-10.4850	-17.8760	-0.2600	-0.7260	11.4190
65	-0.3290	-1.6630	-4.7910	-0.0780	0.0000	5.0000
66	-3.1940	-4.5130	-8.9310	0.2200	12.6600	12.3560
67	-1.3860	-0.4460	8.8580	0.4341	-0.2360	12.5810
68	-0.0590	-13.1290	-8.6570	83.0000	0.3140	12.6570
69	1.9520	-3.1460	3.4450	0.8820	-1.5010	13.4610
70	2.5000	-13855.0000	4.2970	0.8560	-1.1680	13.8930
71	-5.4000	-1.8100	-11.3470	1.5880	15.0530	14.6510
72	0.8840	0.1850	6.2540	0.7180	-1.7360	14.9940
73	-17.6270	4.2890	2.6190	1.3160	0.1430	15.8770
74	-1.2160	-3.6350	9.7990	2.1780	-0.9840	16.9100
75	-5.0200	-12.4770	10.0040	1.8950	-2.7480	16.9670
76	-9.7380	-5.4370	9.9810	1.9790	-0.9530	17.5980
77	-12.0720	8.5890	5.2330	2.3330	0.4620	18.3010
78	-13.0040	5.5750	-5.0440	1.5810	1.3660	18.5960
79	-1.7340	-7.6880	3.8630	1.1390	1.9320	18.6550
80	-4.6210	2.9980	10.0060	0.1950	-0.0060	19.0470
81	-0.7320	-12.9760	7.9290	1.5400	0.6220	18.7180
82	2.1840	-6.9130	-1.6890	-0.5430	-0.1630	17.4930
83	1.7720	-0.8360	9.9800	0.5690	-0.3290	16.7720
84	-10.5920	-1.0180	8.4290	1.7700	0.9760	15.5270
85	-6.8710	-9.0790	-5.6260	-1.0650	0.3590	14.6990
86	-9.0670	-8.6700	7.4860	-1.1610	-0.4920	14.1350
87	-2.4000	-8.1190	10.0350	0.4850	1.4590	13.1390
88	2.5540	-6.2760	9.5950	0.6170	0.9740	11.0610
89	-9.7580	-6.5020	9.9350	-0.3360	0.2150	10.2390
90	-6.8970	-1.1660	-5.1030	0.3410	1.1390	10.2980
91	-6.2810	1.9320	-7.7690	0.5000	1.6270	9.6960
92	8.5800	-1766.0000	-21.0630	1.5540	1.2980	9.4040
93	-16.7560	-17.7380	-24.9080	1.3640	1.5550	4.9770
94	-3.3740	-3.3820	4.0010	0.3950	3.6200	7.4480
95	-3.5960	8.3740	-19.3870	-1.0920	4.1820	6.4890
96	3.6090	-6.6240	-27.6700	0.2110	4.1710	4.8330
97	1.4880	-0.3310	-23.0520	1.3230	3.1040	4.7810
98	-12.3430	-2.7350	9.6640	2.2500	3.2860	5.7240
99	0.2520	-7.4810	-5.5670	3.8640	2.6160	5.0730
100	-7.5990	-8.4290	-29.2220	3.9800	2.0240	5.6070
101	4.9200	-2.4750	-29.1250	3.9340	3.3860	5.1840
102	7.0980	0.5250	-1.3690	4.8850	3.8990	5.4310
103	4.0120	-12.0460	10.3050	6.4450	4.8650	5.0660
104	-0.3140	-2.4250	-21.1440	7.1600	5.2460	4.7870
105	5.8200	-10.3310	-31.5300	7.5310	6.8700	6.2990
106	-9.0850	-7.8920	10.3580	7.2950	5.3640	7.7550
107	0.0990	-15.9090	6.3160	7.6600	5.3990	6.8680
108	-5.9340	4.8680	10.8990	6.3160	5.2270	6.6830
109	2.9630	-5.8180	-19.9590	7.9270	5.9040	6.8210
110	0.8550	17.4080	-25.6280	5.7410	7.7670	7.0520
111	4.9650	-2.6050	-20.8090	7.9950	7.8270	7.4470
112	6.3120	-4.6240	10.1210	7.9490	8.9810	8.7540
113	-10.1700	-7.0980	-12.4610	8.4210	9.2280	9.1020
114	-12.9910	-4.1860	-24.6760	7.7160	8.1060	9.2300
115	6.0510	-10.0270	1.0770	7.6540	9.0050	8.4440
116	-15.3920	1.2890	9.9630	7.7300	10.1710	9.3280
117	-2.1250	-10.5320	7.3870	6.5670	8.9200	8.9210
118	9.7760	-7.3830	6.2730	6.8350	7.9570	8.4280
119	-11.5520	-2.0270	9.7880	5.6220	7.7160	9.1550
120	1.1420	-3.7290	-17.4480	3.7760	6.8530	9.4720
121	-25.5780	-15.9840	-2.9170	5.1460	6.9100	9.9850
122	9.7640	-17.7000	-29.9400	6.5540	11.1600	9.8799
123	-0.1490	-0.5390	11.4920	6.0260	11.8630	1.7410
124	-0.6120	1.0440	-12.4990	4.9780	1.9710	1.7410
125	7.3640	-2.1770	4.8060	6.1370	13.8950	1.7410
126	-6.0280	6.4980	6.6760	8.1780	14.9570	1.7410
127	-17.4800	3.3450	1.5610	7.1610	14.1880	1.7410
128	8.1450	6.5140	8.1130	7.1110	14.2200	1.7410
129	-8.9370	-19.3820	-27.6500	7.1680	14.3580	1.7410
130	11.4330	2.3070	-33.1380	6.7570	15.7410	1.7410
131	10.1540	8.5840	10.6080	6.2280	15.4840	1.7410
132	-3.2670	1.7040	4.1690	6.0680	16.7380	1.7410
133	-2.8900	1.2870	-26.7110	5.7360	16.4560	1.7410
134	-23.9710	-3.5930	12.6000	7.1780	18.0230	1.7410
135	-4.7360	-4.6630	-5.1540	4.8940	16.5350	1.7410
136	-3.5000	-1.5370	9.4110	4.8470	16.2370	1.7410
137	-10.6250	-18.4660	5.5950	3.8860	18.0380	1.7410
138	6.1360	-2.2050	-9.1170	5.0540	19.0420	1.7410
139	-22.9940	-8.1490	11.8550	5.5120	16.7890	1.7410
140	-24.2230	2.6060	1.5890	5.7120	17.9070	1.7410
141	-26.6530	2.6060	-29.0980	5.5320	17.8700	1.7410
142	-4.8600	-14.4010	9.7050	6.1200	16.1270	1.7410
143	2.4410	-11.0020	-30.0060	6.0140	17.9620	1.7410
144	8.7590	4.2080	-15.0990	5.7730	17.3240	1.7410
145	2.1050	-10.3490	-21.7610	4.6590	16.2050	1.7410
146	3.6530	-14.2260	12.7930	3.0310	15.2950	1.7410
147	5.5700	-14.0300	11.8350	4.6800	12.8190	1.7410
148	-0.3440	-21.5580	-26.7700	3.4390	11.5700	2.0000
149	-5.4360	-19.9380	-26.9940	2.6821	22.4730	2.0000
150	10.4860	-10.0650	-32.5640	5.6590	13.2510	2.0000
151	4.0200	-9.1740	6.6290	9.4560	14.6780	2.0000
152	-3.1170	-0.8500	-33.6430	9.5550	15.5420	2.0000
153	-17.4980	-0.8500	-20.1660	9.6240	14.3870	2.0000
154	-28.6200	-9.3620	14.4250	5.7070	8.8970	2.0000
155	-1.2220	-16.4060	8.9770	6.3560	8.0810	2.0000
156	-5.5550	-12.3650	-31.8470	5.5610	7.5840	2.0000
157	-5.5000	0.0060	11.3460	7.7680	6.1520	2.0000
158	-11.0660	-5.6780	11.1870	9.1660	1.7400	2.0000
159	-5.2900	-7.2630	-25.0550	12.1930	5.9060	2.0000
160	2.1360	7.1870	-24.1730	13.0950	4.3280	2.0000
161	-2.5810	-8.3210	-26.8980	17.6000	5.0620	2.0000
162	17.7490	-19.6990	-29.7930	21.0950	5.0760	2.0000
163	-2.7640	-13.7400	-2.8780	22.8400	6.0840	2.0000
164	11.3730	4.7320	-35.4000	21.7720	5.4330	2.0000
165	-8.4920	-4.4960	-2.2500	18.5890	5.9650	2.0000
166	-5.8290	3.6300	-27.9130	18.2860	7.7560	2.0000
167	-21.7450	0.9790	6.1070	18.2450	6.2250	2.0000
168	-29.0800	-9.7890	9.5270	18.1320	6.3580	2.0000
169	-0.1790	0.8070	-28.0290	16.0900	7.1930	2.0000
170	-9.4090	-0.9770	3.0890	16.6870	4.5510	2.0000
171	-44.5850	-12.9760	-1.6180	15.7060	3.3780	2.0000
172	-10.8860	12.2320	-3.2830	13.1060	3.6329	2.0000
173	10.8200	-8.5980	3.5180	13.5460	3.2280	9.9790
174	-4.0270	-3.1630	3.5670	15.4740	3.8880	12.4360
175	-11.5620	0.8920	-7.0000	17.9280	5.5540	14.1960
176	-17.0670	-10.9000	9.8900	20.2200	3.1520	13.7520
177	10.0200	0.2950	-14.8300	19.5050	6.0290	10.8840
178	4.9643	-8.5000	5.1430	17.2380	7.2180	10.5650
179	-2.1890	7.2020	6.8750	17.8080	5.6620	8.5120
180	13.7910	-20.1410	0.6490	21.5550	5.0320	7.7900
181	14.4610	9.4170	5.2440	20.2810	5.9540	8.4640
182	-6.3910	-22.8600	2.0890	21.7720	3.9640	9.0770
183	-10.8260	-1.2370	-6.4610	22.7860	4.9790	9.5290
184	-1.3160	15.0160	1.8770	23.8980	6.8240	7.3870
185	-14.4810	-0.1720	8.7080	24.0730	6.0280	6.9730
186	-10.9100	-22.8720	-11.3840	26.4830	6.5500	6.8790
187	-6.5010	-7.6250	-27.2910	27.4310	8.0190	5.4080
188	-17.6420	-4.2090	4.0200	26.1350	7.7560	4.2320
189	12.9870	-6.4890	-33.0570	25.4650	8.3780	2.0030
190	8.8510	2.3860	-17.6410	24.9090	8.1390	1.1110
191	8.8510	-8.2570	0.4921	24.9170	8.3530	-1.8520
192	2.8960	-9.8660	3.7920	24.8260	6.5980	-3.5030
193	-6.2290	-9.8660	1.2970	24.2780	5.8560	-5.7820
194	2.7540	-11.0540	-14.1920	24.7760	5.0670	-7.9510
195	3.9430	-8.7570	8.4270	24.2240	5.3360	-10.0960
196	6.1530	3.4010	-10.2680	24.3290	5.3290	-11.6570
197	0.1400	-5.2480	-3.6120	24.2280	5.0831	-11.6570
198	-0.3420	-9.3810	-7.5350	23.9300	5.0350	-15.8410
199	-1.0780	-3.7120	-5.5980	2.5830	4.9410	-17.4110
200	-1.7530	-8.7200	-3.1000	24.2360	5.1770	-19.2460
201	0.1870	-5.6640	8.1650	23.7240	5.0480	-21.3700
202	-0.1020	-0.6010	7.0580	23.5120	5.0430	-22.4870
203	-4.3510	-4.7000	-2.9740	23.4710	5.2100	-23.3390
204	3.7760	-7.4260	1.7260	23.1230	5.2750	-23.6560
205	-0.7190	-6.9530	4.5410	23.0740	5.4610	-23.4330
206	-2.4100	-8.6890	-2.8200	22.9350	5.4050	-23.8660
207	-0.2360	-8.6770	-8.0860	22.8210	5.3470	-24.0630
208	2.5390	-5.5820	-5.6170	22.4880	5.3920	-23.6500
209	3.8160	-0.8790	6.2340	22.2380	5.1920	-22.7490
210	-16.4440	-10.6500	-8.2000	22.3790	5.6770	-21.3800
211	-11.4040	-7.0450	-5.9380	21.6350	6.5140	-20.6410
212	-21.7440	-10.3080	2.1310	21.3040	7.5720	-17.2120
213	8.0460	8.6560	13.4510	22.9060	8.2220	-10.6780
214	4.7360	-6.9510	7.1480	25.0230	8.4370	-7.5840
215	3.7690	-9.7900	13.5110	298.3480	1588.0000	-3.0580
216	-4.5940	-16.8900	-10.6970	3811.0000	11.9040	0.8670
217	8.7430	2.8740	8.7840	33.1200	10.3510	2.1480
218	6.4840	-3.0880	0.5110	29.5840	8.3180	2.0110
219	-16.3630	-3.9140	3.0000	24.8700	3.8360	3.7330
220	-4.6980	7.1430	-26.5280	22.0980	-0.5100	1.5670
221	-10.0310	-7.0350	1.6320	24.6540	-2.7140	6.3720
222	-11.1960	-9.7950	14.9190	22.9550	-2.8300	7.7740
223	1.7790	5.1730	4.0600	21.0490	-2.4880	7.7740
224	-4.6410	-0.5150	19.8910	20.0850	-0.1440	9.6610
225	-9.8580	-11.5646	-26.1360	19.3650	1.2340	9.9230
226	-15.6069	-0.6780	0.7110	17.4780	1.4690	9.6700
227	-21.4360	0.0110	-3.4740	18.1780	4.0750	11.0770
228	-16.1510	11.5070	-16.7750	18.6670	5.6480	9.3130
229	-0.4000	-14.1240	10.6150	18.0280	4.1620	8.1670
230	-15.0200	-16.4750	-15.6740	17.4670	5.9870	7.6900
231	1.7380	-17.3920	5.1510	19.3070	5.0460	7.5880
232	-20.5890	-3.2360	-30.2550	19.4570	1.6680	5.3460
233	-22.0150	0.7110	-1.3580	19.0150	-3.5370	4.4530
234	10.4070	-0.2570	10.9630	20.7980	-1.6930	5.5810
235	0.2140	-8.7010	7.9350	22.0900	-3.7060	9.5320
236	-7.9110	9.8590	-19.6690	20.8370	-4.1990	12.5250
237	-2.5240	-27.1770	0.8500	21.5960	-2.9300	16.0780
238	-2.2640	0.5400	1.6190	23.0930	-1.4230	16.5920
239	-17.9920	0.1510	13.7380	21.6280	1.2270	14.1160
240	0.0830	0.3090	-29.6130	23.6140	0.5930	13.7800
241	9.3430	9.4940	-24.7640	22.7070	1.3540	13.9960
242	-4.5460	-14.0840	12.6370	21.4000	-1.2980	13.5150
243	-10.9180	-21.0900	4.9170	19.8820	-3.1560	14.0740
244	-2.5230	8.2930	14.4090	21.7580	-2.5440	14.7200
245	-14.5240	10.7960	-16.2070	22.0600	-1.8000	5.0000
246	4.2680	-11.2930	5.2670	21.9790	-1.5520	14.7090
247	-4.7590	-26.1210	-2.1880	2045.0000	-1.4400	16.2500
248	-1.5460	5.5280	11.6001	20.0320	0.0520	15.3250
249	0.3610	-14.2420	-6.2150	19.7360	-0.1240	13.7340
250	-15.7940	-17.5357	-15.6890	19.7600	-0.3160	10.0840
251	1.9470	-13.1840	-6.0070	20.0680	1.7620	13.2400
252	4.0460	12.0680	8.4530	18.6800	1.2530	13.2080
253	4.7790	1.2620	11.0760	17.9280	0.1140	11.5250
254	-18.3870	2.5950	-15.0170	16.7480	-0.8080	10.8120
255	-7.0150	-0.4380	4.3300	16.2200	-0.7660	8.6890
256	4.0060	-2.4590	9.0010	16.5110	-1.8080	8.3400
257	-9.7650	-15.8370	-24.2400	16.4570	-3.9620	8.9410
258	-3.7550	-10.6530	-22.4920	16.6370	-2.3770	9.2460
259	-19.8280	9.2390	8.5500	15.0770	-1.4660	9.7440
260	1.7780	-16.7770	-9.8200	16.5640	-1.9390	10.6450
261	1.7780	-3.8350	-29.6470	18.9890	-1.0230	11.5770
262	-6.6480	-0.5160	4.2310	19.9610	-0.3110	11.5780
263	-22.2490	-10.3100	-33.5260	21.3020	0.5330	11.1200
264	-15.4210	-2.0760	1.9250	20.6510	0.3930	11.4860
265	-6.2730	-2.5530	11.4320	20.3830	-0.8070	12.9480
266	-10.7340	8.0170	1.1100	18.5940	-5.7610	14.0220
267	13.1520	-8.8700	-14.4340	20.1980	-3.5270	13.8030
268	-12.7320	-8.8700	-9.2590	22.0690	-2.2660	12.9230
269	-9.0850	8.1060	11.0210	20.3260	-2.4910	12.8820
270	1.6090	-8.4550	1.7340	20.5970	1.0000	13.0750
271	-13.9750	1.4960	4.3490	200.0990	3.6450	13.9230
272	5.0420	-16.1612	-21.2110	21.3160	5.0770	13.9230
273	0.0820	11.2000	20.8450	1.7360	14.1180	13.4110
274	3.2450	-113.0000	-20.6690	22.5590	3.0780	11.8240
275	-6.4790	-25.4030	8.4920	18.4200	0.8470	11.6320
276	-19.8680	-0.3130	6.3310	19.0050	2.7370	9.4420
277	-10.8470	-3.6090	11.5000	18.9530	4.4650	6.8780
278	4.5010	-6.3430	-27.0850	17.2710	4.1270	4.9170
279	5.1510	-4.1320	6.1820	16.9250	4.2640	2.8480
280	-6.7660	4.1590	0.6600	17.2930	4.8190	0.6200
281	-1.3840	-4.7700	7.5500	17.2440	4.9720	-1.9620
282	0.5120	-9.0180	-2.7930	16.7250	4.5350	-4.6470
283	1.4780	-6.3430	-1.5790	16.7740	4.4600	-7.3550
284	0.5760	-3.1840	0.7630	16.3970	4.1860	-10.1790
285	-1.3850	-2.6970	2.5800	16.2880	4.0960	-12.8570
286	0.8160	-3.4420	2.2890	16.1060	4.0540	-15.0240
287	-0.8050	-2.7700	0.0210	15.9120	3.9550	-16.7210
288	-0.1610	-2.3370	-0.8140	15.6770	3.9780	-18.4440
289	-0.3330	-2.5880	0.1400	15.4170	3.9180	-19.9070
290	-0.1710	-2.0910	-1.1770	15.2190	3.8490	-21.1150
291	-0.2360	-1.9420	-0.7860	15.0300	3.8190	-21.5880
292	-0.7910	-2.7740	-0.6730	14.8450	3.7630	-23.1620
293	-0.4340	-2.0210	-0.2810	14.5390	3.7030	-24.0470
294	-0.5320	-1.9960	0.2610	14.3380	3.5960	-24.7680
295	-0.6310	-2.2140	-1.4520	14.1830	3.5370	-24.7680
296	-0.5440	-2.1700	-0.5830	13.9440	3.5090	-25.9010
297	-0.6820	-2.1730	0.0020	13.7310	3.4410	-26.4342
298	-0.6140	-2.0240	0.2880	13.4772	3.4140	-26.4342
299	-0.4190	-2.2900	-0.4300	13.2590	3.3170	-27.2870
300	-0.9600	-2.3200	-0.2570	13.0120	0.2680	-27.6520
301	-0.5610	-2.0410	0.0820	12.8210	3.2260	-27.7650
302	-0.4980	-2.0930	-0.4940	12.6080	3.1720	-27.9440
303	-0.2970	-2.1870	0.0200	12.3850	3.1290	-28.0280
304	-0.5310	-1.9040	-0.0360	12.1710	3.0480	-28.4620
305	-0.6330	-1.8480	-0.0080	11.9920	3.0060	-28.4960
306	-0.7600	-1.7470	0.0870	11.8000	2.9290	-28.5140
307	-0.7560	-1.7740	-0.2510	11.6200	2.8860	-28.4500
308	-0.5360	-1.6770	-0.2640	11.4290	2.8460	-28.1740
309	-0.5890	-1.6310	-0.1500	11.2500	2.8100	-28.1170
310	-0.4770	-1.6390	-0.1250	11.0670	2.7630	-27.8380
311	-0.4660	-1.6010	-0.1820	10.8910	2.7240	-27.7300
312	-0.4450	-1.5480	-0.1720	10.7150	2.6760	-27.4790
313	-0.4300	-1.5370	-0.0990	10.5400	2.6370	-27.4030
314	-0.4430	-1.5060	-0.0580	10.3620	2.5870	-27.1850
315	-1.7170	-1.2960	-2.1850	10.2060	2.5720	-26.3300
316	-0.7340	-2.0100	-0.2150	10.0880	2.5310	-23.9210
317	-1.0240	-1.3080	-0.1900	9.9930	2.4650	-23.0220
318	-0.0630	-2.7740	-1.5090	9.8950	2.4050	-22.3050
319	0.1400	-1.0730	0.4300	9.7750	2.3980	-21.5810
320	-0.5550	-1.8350	-3.2930	9.7650	2.4830	-20.9410
321	-1.1030	-0.7570	-324.0000	9.5330	2.4150	-19.7830
322	-0.4830	-7.0080	-1.2000	9.7050	2.3850	-19.3560
323	-0.3760	-2.9011	0.5460	9.4110	2.2870	-18.4930
324	0.1400	-3.5310	-2.8900	9.4750	2.2550	-18.1260
325	0.8770	-1.5490	0.0000	9.3460	2.2280	-17.7390
326	-0.5780	-0.2364	1.6680	9.1100	2.2900	-17.2850
327	1.9170	-0.6630	0.9020	9.1800	2.2020	-16.7980
328	-0.1290	-3.0690	-3.4830	8.9650	2.2450	-16.5300
329	-1.9470	-0.2690	0.4390	8.9250	2.1420	-16.1470
330	-2.9940	-4.9440	-0.8120	8.9130	1.9980	-15.6560
331	-2.3310	-1.4270	6.1070	8.7710	2.0380	-15.5680
332	2.1650	0.0840	-0.8190	8.7510	1.7320	-14.7880
333	-0.1570	-1.7570	0.9550	8.7030	1.7640	-14.2060
334	-0.8640	-1.9710	2.4150	8.6710	1.7460	-13.6890
335	-3.4690	-1.9140	-1.7430	8.5850	1.7090	-13.1500
336	-2.0050	-3.2580	2.1820	8.2970	1.8340	-12.6500
337	-0.3730	-3.1450	2.8940	8.0220	1.7220	-12.1770
338	-1.0790	-0.2720	7.1970	8.1070	1.6370	-11.3760
339	-1.8030	-5.8860	2.3090	8.2480	1.5630	-10.3280
340	-1.1680	-2.2900	4.0060	7.9400	1.7650	-9.5160
341	0.6950	0.3800	3.4430	8.1160	1.6810	-8.7040
342	-4.5430	0.8410	-4.1770	8.0790	1.7180	-7.5550
343	3.4400	-2.4560	-3.7930	7.8610	1.6130	-6.7200
344	-2.4970	-8.0920	0.4410	7.9600	1.2820	-5.7030
345	1.1640	-2.9760	6.2700	8.1620	1.1810	-4.3460
346	-5.5370	-2.0730	4.7260	8.0410	1.5880	-3.1300
347	-4.8300	-8.3080	11.2020	8.0670	2.2510	-1.6310
348	-4.2080	1.5660	-11.1140	7.5890	2.1650	-0.0610
349	-1.1510	0.4100	-3.2620	7.6670	2.4170	1.6050
350	-15.4480	0.4100	5.3950	7.5290	2.4070	3.9850
351	-11.9430	-18.2070	-10.0670	7.4870	2.2338	5.9250
352	-12.4110	-9.0720	5.9420	7.3370	2.3560	7.3000
353	0.1340	6.3050	-1.2530	7.6792	9.3620	7.3000
354	-7.4960	6.9330	4.4026	7.6620	1.9200	10.0580
355	-2.4410	-12.2990	10.5791	6.9970	1.2800	12.1070
356	-0.4830	-3.8100	-0.3540	7.3920	1.9670	13.3780
357	-1.7190	-17.2023	-16.6880	6.9220	1.1540	13.9280
358	-13.8640	7.7350	11.8940	5.6540	0.7980	14.2350
359	-3.0960	4.1130	10.6140	2.9750	-1.6510	13.5280
360	-15.6480	-0.0900	-29.9220	0.7190	-2.8250	12.7160
361	2.2310	-1.6170	3.9340	-0.0780	-3.7060	12.7860
362	-6.4350	-3.6050	-23.8990	-0.4620	-4.5150	12.8060
363	3.4790	-17.3270	6.6380	-0.6610	-3.8290	13.8550
364	-6.8950	-22.1690	8.3550	-1.0970	-4.4530	14.3510
365	-6.5020	-6.8010	7.3140	-3.2720	-4.6550	14.6940
366	16.9090	-14.5440	9.8700	-0.9790	-4.3830	14.2970
367	3.6260	-0.8950	11.4270	0.4250	-4.2030	15.4890
368	-0.2290	-2.7850	9.6960	0.8810	-4.6190	14.2360
369	-11.7540	-5.7700	-1.3870	-0.4190	-3.6670	14.8620
370	-14.6210	-13.1460	-21.2200	-1.5110	-1.9590	13.9460
371	4.8820	12.0180	111.3850	34.0000	14.6750	13.9460
372	-5.9330	-13.6350	9.0670	1.3290	0.8660	14.2960
373	-18.1480	-9.3760	10.0670	0.9933	-0.1860	14.2960
374	1.1170	-15.4810	-28.7531	2.0810	0.4560	14.4240
375	-0.7800	11.0720	9.6120	1.6550	-2.2340	14.0770
376	4.9820	11.0720	-15.9260	3.6010	-2.6520	14.0770
377	4.5110	0.0000	9.6810	3.2030	-2.6050	12.3690
378	-6.6010	-1104.0000	-7.0590	3.3530	-2.4880	10.7790
379	-13.3840	5.3750	1.9040	2.8200	-2.5200	8.2350
380	0.6090	-6.9120	-3.1150	2.9990	-2.4790	6.1240
381	-2.3440	-2.9490	-0.1570	3.2730	-2.6110	4.3040
382	-2.5810	3.7350	6.1500	3.0450	-2.3520	2.5800
383	-4.5660	-6.1890	6.0560	2.5700	-2.4730	0.2300
384	-2.9390	-1.7310	-3.2600	2.5720	-2.7680	-1.7410
385	-0.9740	-0.0820	-1.1380	2.5470	-2.5040	-3.7260
386	-0.3310	0.1290	2.5300	2.4930	-2.5050	-5.5590
387	-0.7390	0.2880	-0.2200	2.5320	-2.4390	-7.1580
388	-1.5110	-0.5240	-0.2980	2.4840	-2.4440	-8.4380
389	-0.7060	0.0610	-0.1350	2.4970	-2.3440	-9.7460
390	-0.7960	-0.1730	0.0340	2.4910	-2.3140	-11.0030
391	-0.7040	-0.1730	-0.2310	2.4740	-2.2720	-11.7700
392	-0.4640	-0.7300	-0.5030	2.4330	-2.2500	-12.7310
393	-0.9550	-0.4210	0.1500	2.4150	-2.2210	-13.6150
394	-0.9310	0.1030	-0.5070	2.4120	-2.1790	-14.1640
395	-0.6870	-0.1570	1.1450	2.3980	-2.1390	-14.6220
396	-0.1950	-0.1210	-0.4460	2.4490	-2.1185	-18.1430
397	-0.5530	0.0400	0.0540	2.4480	-2.0000	-15.5800
398	-0.5210	-0.0190	-0.0650	2.3400	-1.9970	-16.0140
399	-0.4310	-0.6150	0.4330	2.4230	-1.9050	-16.4210
400	-0.4030	0.1960	2.4140	-1.8890	-16.9670	-16.8980
401	-0.5310	0.1070	0.2000	2.3910	-1.8490	-17.2840
402	-0.3310	-0.1680	-0.1000	2.3950	-1.8130	-17.5680
403	-0.4590	-0.0410	0.3390	2.3860	-1.7460	-17.9220
404	-0.5600	0.0610	-0.0710	2.3710	-1.7440	-18.2370
405	-0.5400	-0.0600	-0.1110	2.3940	-1.7200	-18.5940
406	-0.5860	0.1150	-0.0840	2.3900	-1.6820	-18.6490
407	-0.4200	0.0400	0.1260	2.3690	-1.6000	-18.8920
408	-0.4360	-0.1230	0.0720	2.3570	-1.5410	-19.1700
409	-0.5380	-0.0040	-0.0510	2.3220	-1.5120	-19.3230
410	-0.4920	-0.0430	-0.0360	2.3190	-1.4740	-19.5340
411	-0.4190	0.0280	-0.0790	2.2960	-1.4470	-19.6240
412	-0.4390	-0.1700	-0.0100	2.3250	-1.4170	-19.9670
413	-0.4600	-0.0110	0.0080	2.3030	-1.3830	-19.9680
414	-0.3860	-0.0290	0.0230	2.2910	-1.3510	-20.1260
415	-0.4120	-0.0280	-0.0340	2.2810	-1.3260	-20.3350
416	-0.3940	-0.0070	-0.0350	2.2780	-1.2950	-20.4560
417	-0.4180	-0.0090	0.0080	2.2690	-1.2740	-20.7760
418	-0.3860	-0.0020	-0.0030	2.2500	-1.2370	-20.7990
419	-0.5140	0.0080	-0.0230	2.2400	-1.2040	-20.7590
420	-0.3750	-0.0170	-0.0270	2.2360	-1.1740	-20.7550
421	-0.3740	-0.0060	-0.0400	2.2270	-1.1400	-20.7980
422	-0.3460	0.0020	-0.0530	2.2130	-1.1170	-20.8760
423	-0.3420	-0.0060	0.0280	2.2000	-1.0920	-20.8900
424	-0.3480	0.0030	-0.0400	2.1800	-1.0650	-20.8400
425	-0.3470	0.0000	-0.0300	2.1630	-1.0380	-20.5960
426	-0.3280	0.0010	-0.0300	2.1610	-1.0240	-20.3690
427	-0.3590	-0.0060	-0.0150	2.1450	-0.9990	-20.6210
428	-0.3390	-0.0270	0.0050	2.1300	-0.9690	-20.6633
429	-0.3500	-0.0010	0.0000	2.1090	-0.9490	-22.8020
430	-0.3150	-0.0210	-0.0250	2.1010	-0.2900	-20.9410
431	-0.3180	-0.0030	-0.0140	2.0910	0.9070	-20.9250
432	-0.3400	-0.0010	-0.0120	2.0820	-0.8880	-20.6970
433	-0.3080	-0.0080	0.0011	2.0790	-0.8650	-20.5690
434	-0.3050	-0.0120	-0.0300	2.0730	-0.8380	-20.5880
435	-0.3210	-0.0010	-0.0060	2.0560	-0.8110	-20.5450
436	-0.3810	0.0000	0.0010	2.0450	-0.7830	-20.4160
437	-0.3000	0.0040	-0.0220	2.0370	-0.7520	-20.3960
438	-0.2920	0.0090	-0.0490	1.9770	-0.7260	-20.1900
439	-0.3050	0.0170	0.0250	1.9640	-0.6850	-19.9800
440	-0.2640	-0.0070	0.0760	1.9510	-0.6940	-19.6790
441	-0.2650	-0.0090	-0.0170	1.9620	-0.6700	-19.4730
442	-0.2770	-0.0050	-0.0600	1.9560	-0.6410	-19.1770
443	-0.2910	-0.0110	-0.0130	1.9430	-0.6120	-19.2260
444	-0.2580	0.0000	-0.0420	1.9280	-0.5900	-19.1480
445	-0.2540	-0.0190	-0.0160	1.9270	-0.5660	-18.9980
446	-0.3740	0.0100	-0.0050	1.9200	-0.5390	-18.9540
447	-0.2370	-0.0150	-0.0250	1.9150	-0.5100	-18.9540
448	-0.2400	0.0010	0.0170	1.9090	-0.4890	-18.9200
449	-0.2300	0.0110	0.0240	1.9070	-0.4882	-18.8500
450	-0.2620	0.0030	0.0150	1.9060	-0.4620	-18.8830
451	-0.2330	-0.0170	-0.0260	1.8960	-0.3930	-18.8380
452	-0.2240	-0.0120	-0.0020	1.8730	-0.3770	-18.7970
453	-0.1870	-0.0120	0.0170	1.8550	-0.3560	-18.8870
454	-0.2260	-0.0210	-0.0030	1.8460	-0.3320	-18.8660
455	-0.1900	-0.0030	-0.0240	1.8290	-0.3150	-18.9060
456	-0.2150	0.0070	0.0200	1.8110	-0.2910	-19.0180
457	-0.1990	0.0020	0.0480	1.8120	-0.3150	-19.0470
458	-0.2070	0.0090	-0.0380	1.8110	-0.3110	-19.1430
459	-0.2110	0.0100	-0.0280	1.8080	-0.2870	-19.1220
460	-0.2140	-0.0070	-0.0460	1.8030	-0.2710	-19.1930
count	accelx	accely	accelz	roll	pitch	heading
count	accelx	accely	accelz	roll	pitch	heading
1	0.0000	0.0000	-0.0460	0.0860	0.0450	0.0000
2	0.0250	0.0000	0.0320	0.0030	0.0400	0.7730
3	-0.0110	0.0010	0.0080	0.0100	0.0210	0.7820
4	0.0050	0.0160	0.0220	-0.0360	0.0340	0.0000
5	0.0120	0.0100	-0.0130	-0.0580	0.0380	0.7530
6	-0.0190	0.0090	-0.0220	-0.9000	0.0810	0.7250
7	0.0050	0.0230	0.0130	-0.0772	0.0880	0.6580
8	0.0290	0.0050	-0.0020	-0.0690	0.0850	0.4740
9	0.0010	0.0130	0.0000	-0.0650	0.0800	0.2430
10	0.0160	0.0460	0.0230	-0.0740	0.1300	0.2950
11	0.0100	0.0000	0.0030	-0.0730	0.1270	0.5180
12	0.0350	0.0071	-0.0370	-0.0610	0.1140	0.6480
13	0.0240	0.0000	0.0070	-0.0640	0.1200	0.7210
14	-0.1400	0.0130	-0.0020	-0.0620	0.1250	0.6770
15	-0.0190	0.0080	-0.0410	-0.0500	0.1200	0.6460
16	0.0140	0.0150	-0.0400	-0.0530	0.1210	0.5750
17	0.0130	0.0110	0.1200	-0.0430	0.1360	0.5640
18	0.0790	0.2180	0.1590	-0.0510	0.1330	0.6230
19	-0.4330	0.1780	0.3010	0.0460	0.0950	0.6490
20	-0.0040	-0.1740	0.0720	-0.0520	0.1410	0.7510
21	-0.0210	-0.0380	-0.1030	-0.0490	0.1240	0.5970
22	-0.0300	-0.0470	-0.1200	-0.0430	0.1390	0.6790
23	-0.5820	-0.2290	-0.6830	0.0110	0.1720	0.9700
24	-0.0850	-0.1310	0.3990	0.0470	0.1440	0.9830
25	-1.2130	-0.9270	0.1160	0.2170	0.3450	1.0560
26	1.2350	-0.1500	2.9290	1.1220	2.4939	1.2990
27	-0.0650	0.3980	2.9930	1.1990	2.6810	1.8380
28	0.0500	-0.4060	0.0560	0.4600	-0.1810	1.7210
29	-0.8780	-0.2320	-2.1380	0.2830	-6.3330	1.2830
30	-1.0560	-0.8570	-2.0470	0.1900	-9.2470	0.2910
31	-0.4600	-1.4650	-1.8420	0.4740	-10.6230	-0.8790
32	0.3320	0.0190	-1.2800	0.5590	-10.5220	-2.6270
33	0.7850	2.9660	-0.6940	-1.7990	-9.3590	-5.4300
34	0.1430	3.7590	-0.2770	-2.3640	-8.6780	-7.0070
35	-0.5750	-0.3040	-0.0840	-2.4160	-8.3400	-5.9490
36	-0.2500	-1.3100	0.3340	-3.1070	-7.7560	-2.4290
37	-0.2690	-1.0580	0.1370	-3.2110	-7.3430	0.8360
38	-0.0160	-0.7590	-0.0040	-3.3720	-7.3830	3.5390
39	0.3760	-1.5680	0.0010	-2.3630	-7.1610	5.3140
40	0.2820	-2.0320	0.2260	-1.8690	-6.8900	5.7110
41	0.3390	-3.2100	0.0080	-1.6750	-6.9530	6.9340
42	0.2750	-2.5590	-0.1800	-2.2800	-6.9940	6.8090
43	-0.0560	-1.1410	-0.0640	-2.0660	-6.6750	4.1860
44	-0.4350	-0.1580	0.0460	-1.4750	-6.3700	0.8200
45	-0.3860	0.2180	-0.0610	-0.9490	-6.2350	-2.6960
46	-0.4120	0.9540	-0.1070	-0.5110	-5.8680	-6.2520
47	-0.3140	1.0490	-0.2740	-0.6370	-6.0420	-9.6160
48	0.3970	0.7950	-0.3730	-0.2880	-5.8290	-11.0310
49	0.2730	1.2350	-0.0390	-0.3500	-5.2300	-12.7700
50	-0.7640	1.6290	0.0780	-1.3750	-3.9940	-13.9940
51	-0.4850	1.5930	0.0900	-2.3670	-3.3100	-15.4440
52	2.3040	0.4830	-0.2350	-3.0110	-2.2150	-15.1350
53	2.5680	-0.3280	-0.4500	-2.4270	-1.3800	-13.0000
54	1.6300	-0.6700	-0.1160	-0.8590	-1.3040	-9.7350
55	-0.3500	-0.7200	0.1480	-0.1820	-1.3260	-7.2370
56	-0.8040	-1.0060	-0.0460	0.6100	-1.4610	-5.8570
57	-1.4830	-0.0290	-0.2280	0.6810	-0.8000	-5.2300
58	-0.8520	0.1210	0.0080	0.0010	-0.1570	-5.0260
59	-0.5370	-0.0260	0.1960	-0.0960	0.7050	-4.6460
60	-2.7770	0.1730	0.7920	0.1300	-1.5570	-3.9240
61	-1.1660	0.2030	-0.5810	-0.3330	-55.0490	-3.5590
62	-0.9250	-0.0980	-0.6430	-2.1480	-8.1220	-2.3980
63	-0.9490	0.0460	0.0260	-3.8220	-10.3950	-1.0690
64	-0.2450	-0.3190	0.2010	-4.5400	-12.6870	0.4070
65	-0.0770	-0.2660	0.0860	-4.5660	-14.5940	1.1230
66	0.3790	-0.0800	0.0790	-4.9930	-15.9290	1.3860
67	0.7440	-0.2510	0.0240	-5.4150	-17.1010	1.4990
68	0.6850	-0.2410	0.0890	-4.8050	-16.6770	1.4530
69	1.4160	-0.2310	0.1990	-4.1630	-12.4810	0.4630
70	1.4160	-0.6340	-0.7880	-4.1190	-5.2740	-0.9270
71	1.2780	-0.2580	-0.6890	-4.1830	0.7460	-2.4520
72	0.7840	0.2970	-0.4170	-2.2790	5.8050	-1.4700
73	1.1810	-0.3840	0.0500	-2.8270	8.1638	-0.7190
74	0.9670	-0.3250	0.0720	-1.3910	9.9070	0.1240
75	-0.2940	0.1050	0.3500	-0.2920	1.8510	2.9450
76	-1.0760	0.0270	0.4100	-0.2160	12.9170	4.9270
77	-0.6800	-0.0250	0.3450	-0.1150	13.5040	7.6370
78	-0.4710	-0.0860	0.1990	0.2150	13.7530	10.7970
79	-1.3790	-0.0110	0.3290	0.5080	14.0560	12.2390
80	-1.2660	-0.0040	0.8550	12.1010	15.9350	14.5220
81	-1.9340	-0.2660	0.8180	0.6310	8.3170	17.5840
82	-1.7240	-0.5960	-0.0490	-0.1030	3.0440	17.7530
83	-1.7140	-0.6050	-0.3030	-0.4220	-2.5530	16.2140
84	-0.1200	-0.2940	-0.3420	0.0620	-6.3220	14.3830
85	-0.6670	-0.1030	0.0410	0.4900	-8.9270	11.5910
86	-0.6460	-0.1340	0.3360	0.5460	-12.0030	9.0020
87	-0.7220	0.0750	-0.4650	0.4810	-15.3330	6.4000
88	-0.2280	0.2200	-0.2350	-0.0780	-18.0030	4.7190
89	0.4790	0.0060	-0.2510	-1.0020	-18.7680	3.8960
90	0.3480	-0.0330	-0.3610	-1.2950	-18.5990	3.3060
91	0.9610	-0.2200	0.2350	-0.9790	-18.0290	2.0490
92	1.4230	-0.2630	-0.3310	-0.5950	-14.4040	1.0610
93	2.1840	-0.4930	-1.2490	-0.8600	-7.9480	0.4380
94	0.6950	-0.2190	-0.4020	-1.7660	-0.8600	-0.2530
95	0.4450	-0.3480	-0.1450	-1.2250	3.8870	-0.8760
96	1.0660	-0.0440	-0.2060	0.3350	6.3940	-0.7440
97	0.4630	-0.0160	-0.3020	0.7050	8.9570	-0.7420
98	0.0130	-0.0640	0.3130	0.2530	10.9460	-0.4510
99	-0.6710	-0.0740	0.5070	0.3220	12.1030	0.1960
100	-0.6710	0.0860	0.3560	0.5510	12.3770	1.2730
101	-1.5460	-0.4920	0.6140	0.2110	10.7470	3.7980
102	-1.7870	-0.4670	-0.1600	-299.0000	6.8360	5.0940
103	-1.0910	-0.3780	-0.2336	1.2340	1.4580	5.9260
104	-0.9460	0.5430	0.2410	2.7020	-2.4610	4.9340
105	-0.3670	0.0770	-0.0400	1.4830	-3.4650	2.4650
106	0.7740	0.5060	0.0490	-1.7440	-3.2430	-0.1410
107	0.4330	1.2010	-0.1300	-5.7470	-2.3600	-1.8920
108	-0.0230	0.9260	-0.0060	-9.8180	-1.5640	-1.9380
109	-0.5290	0.4980	0.1240	-13.0730	-1.4460	-0.4330
110	-0.1870	0.0680	-0.0560	-15.3250	-1.6620	0.6210
111	-0.1200	-0.1600	-0.1180	-17.2220	1.6390	4.8140
112	0.1160	-0.5860	0.0240	-17.4870	-0.6790	9.8000
113	0.3800	-1.1480	0.6640	-14.8150	0.2020	13.7860
114	0.5170	-1.2550	0.6270	-9.1090	0.6880	17.2560
115	0.5450	-1.6440	0.3230	-1.5310	1.1270	19.8220
116	0.1570	-2.1200	-0.0190	6.0240	0.5510	20.5100
117	0.4330	-1.5700	-0.4880	12.2000	-0.4510	17.4690
118	0.2120	-1.3560	-0.5090	17.5690	-1.0890	11.3230
119	-0.1690	-0.2650	-0.4360	20.2260	-1.7420	3.0670
120	0.0780	0.1250	-0.3360	20.1260	-1.9860	-3.9060
121	-0.1790	0.0590	-0.1280	18.7370	-1.9620	-12.9740
122	-0.2620	0.1070	-0.1780	17.2830	-2.1250	-19.6600
123	0.2160	0.6590	-0.0950	15.6750	-2.2550	-25.7150
124	0.4840	1.1560	-0.0240	13.5150	-2.2870	-30.7440
125	0.6510	1.4900	-0.0370	9.9660	-2.4090	-34.2840
126	0.8710	1.4020	-0.1470	6.1140	-2.6530	-35.8270
127	0.7470	1.7190	-0.1540	0.2820	-3.1040	-35.4320
128	0.5910	1.7860	-0.4870	-5.7230	-3.4940	-32.8460
129	0.3880	0.0720	-0.2450	-10.2780	-3.3790	-29.0850
130	-0.2660	0.5940	0.1390	-14.6810	-2.5000	-21.1910
131	-0.1310	-0.0910	0.2530	-17.0410	-2.0210	-12.3880
132	-0.2850	-0.2730	0.1730	-17.6770	-1.8180	-9.8550
133	-0.3540	-0.4000	0.0770	-17.6170	-1.9050	-4.3170
134	-0.2440	-0.5380	0.2540	-17.1650	-1.9600	0.3670
135	-0.0930	-1.5540	0.4140	-15.6570	-1.9480	4.4810
136	0.2130	-1.5980	0.4510	-11.8110	-1.7500	8.7170
137	0.1380	-1.9620	0.1680	-6.1070	-1.8950	12.4750
138	0.5320	-2.1120	-0.0880	0.1270	-1.8780	14.7560
139	0.1870	-2.1110	-0.3950	7.0690	-1.8150	13.7270
140	-0.0080	-1.3270	-0.5530	14.0100	-1.6040	11.4850
141	-0.4750	-0.4750	-0.4260	17.3260	-1.6230	2.9040
142	-0.1400	-0.1120	-0.1020	17.4600	-1.3690	-5.9470
143	-0.2850	0.6860	0.1130	14.9090	-1.0990	-12.5470
144	0.0300	1.4280	0.2610	10.0740	-1.5630	-21.0870
145	0.3050	2.0070	0.0860	4.3050	-1.8120	-25.5780
146	0.3840	1.6950	0.0470	-0.7040	-2.2180	-27.2170
147	0.7740	1.1540	-0.1240	-2.5420	-1.6440	-27.2100
148	1.6280	-0.4160	-0.6160	-1.4540	-1.7180	-25.9610
149	3.6820	-1.2200	-0.2880	-0.0270	-2.5860	-22.6520
150	3.6820	-1.2200	-0.3200	0.2770	-3.3910	-19.6370
151	-4.0800	0.8130	-0.3950	-0.1950	-4.1040	-15.8520
152	-5.7130	1.1420	-0.2670	-1.3090	-2.6390	-12.5770
153	-4.8540	-0.0620	-0.2520	-3.1290	-0.7710	-11.6830
154	-2.5830	-0.4890	-0.7870	-3.0000	1.8550	-11.9130
155	2.0780	-0.2640	1.4390	0.0000	4.8150	-12.4690
156	3.7950	0.0990	1388.0000	-1.7170	5.7750	-11.1150
157	7.7320	-1.2120	0.6460	-1.7120	3.9960	-8.9840
158	-0.2740	0.1060	-0.7400	-0.3440	1.5910	-7.4320
159	-6.6340	0.6840	-0.9720	0.1580	-0.1850	-6.4640
160	-6.0640	0.7860	1.0660	1.2330	0.8690	-6.3080
161	-7.4630	-0.0700	0.6330	-1.9840	0.5930	-6.3940
162	-2.6870	-0.4910	-0.5800	-3.2660	3.8440	-7.7890
163	3.0370	-0.8780	-0.5190	-1.9010	3.1660	-7.9280
164	6.4120	-0.2880	0.0120	-0.0810	2.5610	-5.9630
165	0.9400	-1.0020	-1.0550	2.3500	0.8100	-4.7660
166	-1.4540	0.4780	-0.3850	2.8670	-3.3580	-5.1660
167	-3.7300	0.8290	0.0180	2.0050	-3.4260	-6.5040
168	-3.6270	0.4360	0.4550	-0.2350	-2.5650	-7.8230
169	-0.0810	2.9110	-0.0310	-4.7970	-3.3960	-10.0400
170	0.7150	1.2460	-0.5070	-8.9250	-5.7010	-10.7150
171	0.2050	0.3450	-0.2970	0.1880	-5.9380	-9.6220
172	-0.1800	-2.4320	0.5040	-5.1480	-5.2190	-3.3630
173	0.1500	-4.7160	0.6170	-2.8680	-5.0340	0.9750
174	0.5650	-7.2640	0.5610	-3.6470	-6.3070	4.1000
175	-0.8770	-5.4870	-0.3610	-5.1310	-6.6970	2.8170
176	-1.2220	0.5480	-0.4070	-5.4650	-6.8210	-1.1450
177	-0.2190	5.0060	-0.4590	-5.5590	-7.1440	-6.7090
178	1.5690	7.1900	-0.1280	-3.2430	-7.1810	-11.2830
179	0.6120	5.7140	0.3730	0.1630	-7.7470	-13.2010
180	-1.1290	0.5000	-0.3480	2.3960	-7.2710	-11.8800
181	-1.6510	-5.6220	-0.6480	3.5080	-6.1340	-7.0880
182	-1.0350	-4.0410	-0.2890	2.9650	-5.4660	-5.2740
183	2.2390	-1.7660	-1.0800	0.8900	-2.6030	-5.1150
184	1.0210	-0.6320	0.1460	-0.2260	2.1810	-4.8580
185	-0.8050	0.5690	2.3590	-2.6750	4.4170	-4.6860
186	-1.1440	0.5020	1.0690	-7.5600	-0.5420	-4.3800
187	-0.2040	0.0630	-0.6970	-16.5340	-6.5080	-3.2530
188	-0.6520	-1.3140	0.1050	-22.2550	-9.8270	-1.0580
189	-0.0790	-1.2900	-0.5970	-17.7750	-10.8870	1.1030
190	0.4210	-1.2130	-1.3490	-9.1360	-9.8860	1.9980
191	0.3640	-0.6320	-1.1300	5.8460	-6.8040	2.7650
192	0.3280	-0.1150	-1.0950	17.4120	-3.2350	0.7470
193	-0.0630	0.4140	0.6670	25.6500	2.1530	-4.0250
194	0.2160	1.1270	0.2400	21.8110	9.5330	-12.1690
195	0.7860	0.2120	-0.0380	8.2810	14.0770	-12.1690
196	0.9240	0.3050	0.1790	-2.4700	15.8580	-12.1690
197	-0.2380	1.0560	0.9100	-8.1440	16.6470	-12.1690
198	-1.1140	1.6680	0.9040	-10.7930	13.9620	-12.1690
199	-0.8170	0.9210	-0.1450	-10.1440	8.5500	-16.3450
200	-0.2270	-0.1200	-1.1560	-8.9160	4.2620	-8.1070
201	-0.4450	-0.6760	-0.9470	-6.6950	0.5460	-1.1870
202	-0.3950	-0.3980	-0.2740	-3.9800	-1.2370	1.5240
203	0.2480	-0.0580	0.3260	-2.4820	-1.9800	1.7430
204	0.3760	-0.0290	0.3650	-1.6220	-1.4900	1.4480
205	0.0600	0.0620	0.3190	-1.5020	-0.6300	1.1630
206	0.2090	-0.0010	0.3540	-1.2880	-0.0680	0.9690
207	-0.0370	0.0160	0.1960	-1.4410	0.6110	0.6580
208	0.3600	-0.0410	-0.0150	-1.1980	1.0770	0.4620
209	-0.0060	-0.0230	0.1380	-0.8070	1.0000	0.1610
210	-0.1980	0.1900	-0.0020	-0.5600	1.7420	-0.0100
211	0.0200	0.1950	0.1750	-0.4100	1.8560	0.0980
212	-0.0220	0.1590	0.0000	-0.4530	2.2500	-0.0750
213	-0.0130	0.1000	0.1074	-0.4420	3.1030	-0.2560
214	-0.1020	0.0920	0.3610	-0.0800	3.5710	-0.4120
215	-0.2350	-0.9080	-1.0290	0.0210	3.4280	-0.6220
216	-0.3870	-0.1220	0.2700	-0.2270	2.9250	-0.7030
217	-0.3840	-0.1790	-1.3340	-0.3120	2.5310	-0.5580
218	0.0780	0.1660	0.1060	-0.2610	2.0610	-0.4200
219	-0.1020	-0.0840	-0.0820	-0.2690	1.0000	-0.6680
220	-0.0860	0.0760	-0.2710	1.5270	-0.6730	-0.6740
221	-0.0130	-0.0080	0.1510	-0.2890	1.0290	-0.5890
222	0.0530	0.0150	-0.1490	-0.2920	0.4700	-0.5460
223	0.0080	0.0440	0.4219	-0.2890	0.1320	-0.5990
224	-0.1760	0.2390	0.0850	-0.2880	0.1020	-0.7090
225	-0.1950	0.0000	-0.1000	-0.3270	0.0710	-1.0440
226	-0.1300	-0.0450	0.2700	-0.3520	0.0620	-1.5080
227	-0.0130	-0.1450	-0.0150	-0.3620	0.0310	-1.9310
228	-0.0120	-0.0790	-0.0200	-0.3520	0.0090	-1.8860
229	-0.0210	-0.0200	0.0200	-0.2960	0.0290	-1.8200
230	-0.1570	0.0010	0.2140	-0.2890	0.0360	-2.0000
231	-0.2370	0.0370	0.5090	-0.2640	0.0230	-2.1780
232	-0.0010	0.0670	-0.0190	-0.2710	0.0140	-2.3890
233	0.0430	0.0600	-0.0330	-0.2650	0.0120	-2.3920
234	-0.0050	0.0600	0.0300	-0.2610	0.0110	-2.4140
235	0.0080	0.0590	0.0390	-0.2570	0.0140	-2.4480
236	0.0270	0.0480	0.0430	-0.2570	0.0150	-2.4030
237	-0.0030	0.0640	-0.0210	-0.2550	-0.0190	-2.3470
238	0.0130	0.0480	-0.0210	-0.2410	-0.0130	-2.5190
239	0.0000	0.0510	-0.0240	-0.2360	-0.0150	-2.5660
240	0.0010	0.0400	0.0060	-0.2280	-0.0260	-2.7920
241	0.0120	0.0490	-0.0030	-0.2170	-0.0260	-2.7630
242	0.0080	0.0330	0.0090	-0.2070	-0.0280	-2.6380
243	0.0150	0.0500	-0.0260	-0.2040	-0.0290	-2.5000
244	0.0050	0.0460	-0.0010	-0.1980	-0.0300	-2.4880
245	-0.0260	0.0390	-0.0230	-0.1940	-0.0210	-2.4880
246	0.0190	0.0450	0.0070	-0.1880	-0.0190	-2.7716
247	0.0010	0.0270	0.0130	-0.2260	-0.0221	-2.8470
248	0.0190	0.0520	-0.0220	-0.2380	-0.0300	-2.8660
249	-0.0230	0.0460	0.0120	-0.2700	-0.0330	-3.0280
250	-0.0110	0.0520	0.0360	-0.2250	-0.0037	-3.1910
251	-0.0210	0.0510	-0.0460	-0.2290	-0.0320	-3.2600
252	0.0090	0.0548	-0.0220	-0.2200	-0.0190	-3.2860
253	-0.0070	0.0470	0.0300	-0.2200	-0.0060	-3.2080
254	0.0030	0.0430	-0.0090	-0.2080	-0.0170	-2.9940
255	-0.0010	0.0480	-0.0190	-0.1970	-0.0140	-2.9910
256	0.0110	0.0480	-0.0280	-0.1900	-0.0030	-2.7530
257	0.0040	0.0460	0.0390	-0.1950	-0.0020	-2.5690
258	-0.0120	0.0430	-0.0220	-0.2370	-0.0140	-2.5410
259	0.0100	0.0510	-0.0360	-0.2230	-0.0030	-2.5500
260	0.0140	0.0460	0.0020	-0.2090	-0.0050	-2.3690
