time	accelx	accely	accelz
0.0000	0.7513	0.4546	9.6167
0.0100	0.7585	0.4457	9.6358
0.0200	0.9152	0.4606	9.6514
0.0300	0.7394	0.4582	9.6137
0.0400	0.7376	0.4391	9.6041
0.0500	0.7645	0.4487	9.6047
0.0600	0.7430	0.4415	9.6263
0.0700	0.7723	0.4373	9.6221
0.0800	0.7567	0.4582	9.6376
0.0900	0.7854	0.4528	9.6442
0.1000	0.7501	0.4391	9.6077
0.1100	0.7525	0.4654	9.5958
0.1200	0.7543	0.4469	9.5988
0.1300	0.7507	0.4528	9.5754
0.1400	0.7531	0.4487	9.5958
0.1500	0.7567	0.4672	9.6502
0.1600	0.7890	0.4397	9.6346
0.1700	0.7597	0.4660	9.7692
0.1800	0.8070	0.4469	9.6837
0.1900	0.7669	0.4463	9.6257
0.2000	0.9147	0.4498	9.5856
0.2100	0.7765	0.4271	9.6113
0.2200	0.7819	0.4546	9.5665
0.2300	0.7723	0.4415	9.6406
0.2400	0.7591	0.4355	9.6400
0.2500	0.7687	0.4594	9.6203
0.2600	0.7585	0.4433	9.7704
0.2700	0.7747	0.4570	9.6281
0.2800	0.7549	0.4367	9.6143
0.2900	0.7878	0.4265	9.6323
0.3000	0.7495	0.4361	9.6227
0.3100	0.7585	0.4331	9.6143
0.3200	0.7824	0.4439	9.6604
0.3300	0.7627	0.4576	9.6071
0.3400	0.7920	0.4600	9.6263
0.3500	0.7394	0.4690	9.6179
0.3600	0.7478	0.4600	9.6161
0.3700	0.7633	0.4516	9.5916
0.3800	0.7376	0.4379	9.5712
0.3900	0.7394	0.4528	9.6233
0.4000	0.7472	0.4355	9.6281
0.4100	0.7717	0.4373	9.6017
0.4200	0.7687	0.4570	9.6424
0.4300	0.8034	0.4391	9.6305
0.4400	0.7681	0.4475	9.6293
0.4500	0.7555	0.4516	9.6293
0.4600	0.7567	0.4475	9.5946
0.4700	0.7484	0.4259	9.5886
0.4800	0.7364	0.4433	9.6269
0.4900	0.7681	0.3093	9.6233
0.5000	0.7896	0.4564	9.6508
0.5100	0.7549	0.4409	9.6137
0.5200	0.7842	0.4588	9.6209
0.5300	0.7723	0.4540	9.6101
0.5400	0.7555	0.4325	9.6083
0.5500	0.7513	0.4409	9.6442
0.5600	0.7699	0.4451	9.6352
0.5700	0.7771	0.4445	9.6095
0.5800	0.7460	0.5862	9.6143
0.5900	0.7675	0.4451	9.6269
0.6000	0.7807	0.5952	9.5808
0.6100	0.7591	0.4427	9.5904
0.6200	0.7621	0.4750	9.6149
0.6300	0.7406	0.4271	9.6101
0.6400	0.7448	0.4325	9.6131
0.6500	0.6209	0.4295	9.6023
0.6600	0.7424	0.4588	9.6323
0.6700	0.7579	0.4528	9.6376
0.6800	0.7950	0.4307	9.6227
0.6900	0.7753	0.4385	9.5832
0.7000	0.7669	0.4361	9.6041
0.7100	0.7531	0.4493	9.6311
0.7200	0.7525	0.4331	9.6191
0.7300	0.7442	0.4403	9.6227
0.7400	0.6173	0.4475	9.6137
0.7500	0.7693	0.4576	9.6364
0.7600	0.7723	0.4307	9.6382
0.7700	0.7842	0.4397	9.6293
0.7800	0.7573	0.4385	9.6161
0.7900	0.7579	0.4481	9.6089
0.8000	0.7759	0.4558	9.6113
0.8100	0.7220	0.4337	9.6568
0.8200	0.7693	0.4463	9.5910
0.8300	0.7579	0.4666	9.5892
0.8400	0.7705	0.4738	9.5982
0.8500	0.7681	0.4618	9.6329
0.8600	0.7513	0.4355	9.5856
0.8700	0.7585	0.4522	9.6556
0.8800	0.7549	0.4223	9.6604
0.8900	0.7651	0.4522	9.7531
0.9000	0.7537	0.4522	9.6137
0.9100	0.7992	0.4439	9.6358
0.9200	0.7543	0.4600	9.5844
0.9300	0.7789	0.4415	9.6400
0.9400	0.7579	0.4648	9.5988
0.9500	0.7813	0.4606	9.6006
0.9600	0.7418	0.4498	9.6269
0.9700	0.7633	0.4367	9.6460
0.9800	0.7579	0.4594	9.6305
0.9900	0.7932	0.4504	9.6227
1.0000	0.7489	0.4415	9.5754
1.0100	0.7609	0.4522	9.6406
1.0200	0.7579	0.4421	9.6173
1.0300	0.7657	0.4433	9.5820
1.0400	0.7872	0.4415	9.6711
1.0500	0.7591	0.4271	9.5964
1.0600	0.7346	0.4522	9.5892
1.0700	0.7741	0.4397	9.6538
1.0800	0.7489	0.4702	9.5922
1.0900	0.7466	0.4325	9.5868
1.1000	0.9075	0.4528	9.6317
1.1100	0.8034	0.4349	9.6161
1.1200	0.7555	0.4558	9.6335
1.1300	0.7771	0.4385	9.6382
1.1400	0.7783	0.4367	9.7675
1.1500	0.8321	0.4558	9.6927
1.1600	0.7400	0.4427	9.6131
1.1700	0.8955	0.4648	9.5982
1.1800	0.7675	0.4331	9.6059
1.1900	0.7699	0.4409	9.5964
1.2000	0.7406	0.4331	9.6167
1.2100	0.7424	0.4361	9.6107
1.2200	0.7513	0.4618	9.6047
1.2300	0.7890	0.4576	9.6293
1.2400	0.8022	0.4528	9.6161
1.2500	0.7729	0.4319	9.5688
1.2600	0.9051	0.4349	9.5946
1.2700	0.7519	0.4612	9.6442
1.2800	0.7693	0.4283	9.6251
1.2900	0.7621	0.4343	9.6209
1.3000	0.7627	0.4397	9.6293
1.3100	0.7735	0.4684	9.6185
1.3200	0.7585	0.4415	9.6203
1.3300	0.7651	0.4666	9.6053
1.3400	0.7561	0.4319	9.5772
1.3500	0.6245	0.4594	9.6406
1.3600	0.7466	0.4409	9.6173
1.3700	0.7484	0.4415	9.6263
1.3800	0.7172	0.4445	9.5898
1.3900	0.7675	0.4510	9.6382
1.4000	0.7501	0.4522	9.6000
1.4100	0.7591	0.4564	9.6131
1.4200	0.7621	0.4385	9.6149
1.4300	0.7448	0.4558	9.5934
1.4400	0.7890	0.4469	9.6053
1.4500	0.7615	0.4325	9.6311
1.4600	0.7448	0.4457	9.6628
1.4700	0.7591	0.4409	9.6323
1.4800	0.7549	0.4588	9.6287
1.4900	0.7753	0.4301	9.6017
1.5000	0.7603	0.4606	9.6167
1.5100	0.7771	0.4289	9.5964
1.5200	0.7346	0.4439	9.6424
1.5300	0.7615	0.4702	9.6454
1.5400	0.7573	0.4516	9.6442
1.5500	0.7454	0.4487	9.6023
1.5600	0.7753	0.4319	9.6131
1.5700	0.7591	0.4481	9.6299
1.5800	0.7795	0.4439	9.6215
1.5900	0.7759	0.4217	9.6053
1.6000	0.7639	0.4397	9.6442
1.6100	0.7519	0.4211	9.6269
1.6200	0.9152	0.4612	9.5928
1.6300	0.7675	0.4522	9.6352
1.6400	0.7489	0.4403	9.6173
1.6500	0.7878	0.4373	9.6538
1.6600	0.7537	0.4451	9.5736
1.6700	0.7531	0.4576	9.5946
1.6800	0.7567	0.4624	9.6215
1.6900	0.7615	0.4558	9.6418
1.7000	0.7615	0.4570	9.5802
1.7100	0.7412	0.4624	9.6538
1.7200	0.7687	0.4600	9.6197
1.7300	0.7657	0.4558	9.6137
1.7400	0.7777	0.4283	9.6305
1.7500	0.7412	0.4516	9.5982
1.7600	0.7484	0.4229	9.6933
1.7700	0.7549	0.4672	9.5808
1.7800	0.7196	0.4636	9.6161
1.7900	0.8064	0.4600	9.6293
1.8000	0.7633	0.4522	9.5593
1.8100	0.7585	0.4696	9.6023
1.8200	0.7771	0.4534	9.6137
1.8300	0.7723	0.4373	9.5946
1.8400	0.7735	0.4510	9.6400
1.8500	0.7645	0.4510	9.6676
1.8600	0.7657	0.4666	9.6137
1.8700	0.7681	0.4415	9.6293
1.8800	0.7759	0.4415	9.6197
1.8900	0.9027	0.4469	9.5892
1.9000	0.7830	0.4361	9.6329
1.9100	0.7669	0.4504	9.5994
1.9200	0.7525	0.4379	9.6472
1.9300	0.7543	0.4367	9.6083
1.9400	0.7418	0.4516	9.5808
1.9500	0.7579	0.4648	9.6047
1.9600	0.7519	0.4690	9.5509
1.9700	0.7759	0.4409	9.6251
1.9800	0.9081	0.4403	9.6179
1.9900	0.7657	0.4367	9.6430
2.0000	0.7866	0.4421	9.6143
2.0100	0.7675	0.4510	9.6412
2.0200	0.7555	0.4510	9.6107
2.0300	0.7842	0.4600	9.6849
2.0400	0.7418	0.4349	9.6269
2.0500	0.7639	0.4582	9.6155
2.0600	0.7693	0.4433	9.6131
2.0700	0.7789	0.4403	9.5886
2.0800	0.7525	0.4445	9.6173
2.0900	0.7645	0.6006	9.6317
2.1000	0.7609	0.4576	9.6233
2.1100	0.7854	0.4409	9.7794
2.1200	0.7376	0.4385	9.6095
2.1300	0.7603	0.4732	9.5976
2.1400	0.7143	0.4498	9.5766
2.1500	0.7783	0.4433	9.6197
2.1600	0.7663	0.4522	9.6448
2.1700	0.7717	0.4493	9.6191
2.1800	0.7484	0.4504	9.6221
2.1900	0.7854	0.4469	9.6741
2.2000	0.7549	0.4403	9.6125
2.2100	0.7585	0.4642	9.6239
2.2200	0.7693	0.4427	9.5946
2.2300	0.9141	0.4522	9.5790
2.2400	0.7430	0.4391	9.6418
2.2500	0.7579	0.4367	9.5910
2.2600	0.7537	0.4199	9.6227
2.2700	0.7597	0.4463	9.6245
2.2800	0.8046	0.4433	9.6335
2.2900	0.7448	0.4343	9.6113
2.3000	0.7627	0.4445	9.6167
2.3100	0.7633	0.4618	9.6430
2.3200	0.7442	0.4481	9.6311
2.3300	0.7579	0.4510	9.6209
2.3400	0.7669	0.4600	9.6215
2.3500	0.7944	0.4415	9.6430
2.3600	0.7543	0.6078	9.5557
2.3700	0.7531	0.4409	9.5958
2.3800	0.7627	0.4768	9.5940
2.3900	0.7442	0.4534	9.5700
2.4000	0.7615	0.4522	9.6406
2.4100	0.7513	0.4594	9.6610
2.4200	0.7597	0.4558	9.6155
2.4300	0.7711	0.4140	9.6616
2.4400	0.7795	0.4379	9.6293
2.4500	0.7412	0.3075	9.5976
2.4600	0.7400	0.4385	9.6161
2.4700	0.7519	0.4642	9.5838
2.4800	0.7059	0.4343	9.5886
2.4900	0.7681	0.4289	9.6729
2.5000	0.7615	0.4648	9.6227
2.5100	0.7525	0.4277	9.6526
2.5200	0.7621	0.4528	9.5718
2.5300	0.7759	0.4433	9.6203
2.5400	0.7531	0.4337	9.6305
2.5500	0.7621	0.4588	9.6095
2.5600	0.7573	0.4475	9.6113
2.5700	0.7549	0.4313	9.6221
2.5800	0.7555	0.4588	9.5970
2.5900	0.7603	0.4744	9.6496
2.6000	0.7555	0.4463	9.6388
2.6100	0.7501	0.4265	9.5952
2.6200	0.7729	0.4379	9.6311
2.6300	0.7460	0.4457	9.5976
2.6400	0.7663	0.4439	9.5736
2.6500	0.7645	0.4427	9.6131
2.6600	0.7448	0.4594	9.6251
2.6700	0.7705	0.4636	9.6370
2.6800	0.7711	0.4648	9.6029
2.6900	0.7454	0.4576	9.5688
2.7000	0.7484	0.4397	9.6149
2.7100	0.7729	0.4498	9.6059
2.7200	0.7537	0.4445	9.6556
2.7300	0.7621	0.4385	9.6849
2.7400	0.7693	0.4385	9.6131
2.7500	0.7525	0.4606	9.6311
2.7600	0.7484	0.4211	9.6352
2.7700	0.9129	0.4361	9.5856
2.7800	0.7501	0.4385	9.6197
2.7900	0.7609	0.4654	9.5952
2.8000	0.7549	0.4295	9.6143
2.8100	0.7657	0.4600	9.6478
2.8200	0.7484	0.4319	9.6227
2.8300	0.7657	0.4439	9.6125
2.8400	0.7914	0.4403	9.6101
2.8500	0.7406	0.4415	9.6071
2.8600	0.7693	0.4373	9.6346
2.8700	0.7352	0.4301	9.6269
2.8800	0.7525	0.4391	9.6281
2.8900	0.7890	0.4421	9.6813
2.9000	0.7795	0.4463	9.6083
2.9100	0.7519	0.4654	9.6227
2.9200	0.7687	0.4379	9.6317
2.9300	0.7675	0.4498	9.5246
2.9400	0.7585	0.4528	9.6167
2.9500	0.6203	0.4618	9.6023
2.9600	0.7759	0.4331	9.6341
2.9700	0.7741	0.4481	9.6382
2.9800	0.7597	0.4385	9.6454
2.9900	0.7525	0.4463	9.6131
3.0000	0.7597	0.4510	9.6508
3.0100	0.7597	0.4289	9.6107
3.0200	0.7645	0.4313	9.6143
3.0300	0.7759	0.4158	9.6239
3.0400	0.7807	0.4588	9.6191
3.0500	0.7729	0.4259	9.6628
3.0600	0.7699	0.4409	9.5880
3.0700	0.7813	0.4445	9.6227
3.0800	0.7669	0.4427	9.6197
3.0900	0.7651	0.4528	9.6341
3.1000	0.7555	0.4337	9.5988
3.1100	0.7615	0.4433	9.5838
3.1200	0.7537	0.4469	9.6388
3.1300	0.7501	0.4624	9.6532
3.1400	0.7561	0.4534	9.6388
3.1500	0.7699	0.4487	9.6299
3.1600	0.7699	0.4487	9.6957
3.1700	0.7609	0.4445	9.6227
3.1800	0.7489	0.4349	9.6083
3.1900	0.7675	0.4331	9.5976
3.2000	0.7789	0.4439	9.5940
3.2100	0.7400	0.4445	9.6394
3.2200	0.7663	0.4558	9.6089
3.2300	0.7848	0.4391	9.6269
3.2400	0.7585	0.4516	9.6424
3.2500	0.7717	0.4169	9.6029
3.2600	0.7519	0.4702	9.5940
3.2700	0.7633	0.4469	9.5970
3.2800	0.7340	0.4415	9.6526
3.2900	0.7657	0.4415	9.6335
3.3000	0.7436	0.4582	9.6179
3.3100	0.7663	0.4469	9.6149
3.3200	0.7813	0.4546	9.6275
3.3300	0.7813	0.4558	9.6275
3.3400	0.7645	0.4253	9.6227
3.3500	0.7771	0.4427	9.6023
3.3600	0.7388	0.4576	9.5802
3.3700	0.7531	0.4528	9.6544
3.3800	0.7645	0.4349	9.6526
3.3900	0.7807	0.4367	9.6311
3.4000	0.7699	0.4463	9.6101
3.4100	0.7466	0.4403	9.5994
3.4200	0.7597	0.4493	9.6466
3.4300	0.7489	0.4337	9.6113
3.4400	0.7549	0.4481	9.6143
3.4500	0.7585	0.4475	9.6346
3.4600	0.7687	0.4451	9.6143
3.4700	0.9081	0.4504	9.6191
3.4800	0.7735	0.4504	9.6185
3.4900	0.7651	0.4534	9.5940
3.5000	0.7561	0.4403	9.6257
3.5100	0.7675	0.3093	9.5946
3.5200	0.7484	0.4534	9.5928
3.5300	0.7609	0.4361	9.6185
3.5400	0.7549	0.4409	9.6526
3.5500	0.7866	0.4618	9.6000
3.5600	0.7268	0.4516	9.6197
3.5700	0.7962	0.4654	9.6352
3.5800	0.7585	0.4672	9.6012
3.5900	0.7902	0.4570	9.6197
3.6000	0.7645	0.4439	9.6526
3.6100	0.7627	0.4528	9.6299
3.6200	0.7537	0.4343	9.6257
3.6300	0.7723	0.4469	9.6329
3.6400	0.7842	0.4427	9.5952
3.6500	0.7495	0.4546	9.6095
3.6600	0.7723	0.4223	9.6484
3.6700	0.7741	0.4564	9.5677
3.6800	0.7639	0.4487	9.6191
3.6900	0.7376	0.4349	9.6460
3.7000	0.7531	0.4475	9.6215
3.7100	0.7382	0.4451	9.6083
3.7200	0.7484	0.4409	9.6006
3.7300	0.7501	0.4373	9.5928
3.7400	0.7771	0.4427	9.6095
3.7500	0.7675	0.4391	9.6323
3.7600	0.7669	0.4247	9.6191
3.7700	0.7573	0.4307	9.6753
3.7800	0.7549	0.4152	9.5976
3.7900	0.7495	0.4534	9.6113
3.8000	0.7765	0.4630	9.6496
3.8100	0.7866	0.4528	9.5934
3.8200	0.7699	0.4463	9.6275
3.8300	0.6156	0.4415	9.5826
3.8400	0.7789	0.4493	9.6059
3.8500	0.7621	0.4546	9.6323
3.8600	0.7663	0.4558	9.6652
3.8700	0.7549	0.4445	9.6041
3.8800	0.7735	0.4618	9.6263
3.8900	0.7478	0.4385	9.6167
3.9000	0.7591	0.4475	9.6089
3.9100	0.7597	0.4451	9.6364
3.9200	0.7328	0.4546	9.6251
3.9300	0.7956	0.4379	9.6317
3.9400	0.7621	0.4475	9.6436
3.9500	0.7615	0.4439	9.6454
3.9600	0.7519	0.4265	9.6101
3.9700	0.7974	0.4600	9.5880
3.9800	0.7717	0.4319	9.6143
3.9900	0.7472	0.4277	9.6346
4.0000	0.7771	0.4510	9.6155
4.0100	0.7466	0.4445	9.6227
4.0200	0.7466	0.4558	9.6185
4.0300	0.7513	0.4487	9.6113
4.0400	0.7813	0.4331	9.6257
4.0500	0.7466	0.4552	9.6221
4.0600	0.7645	0.4660	9.6227
4.0700	0.7687	0.4708	9.6299
4.0800	0.7214	0.4235	9.6125
4.0900	0.7681	0.4379	9.5898
4.1000	0.7507	0.4594	9.6077
4.1100	0.7807	0.4439	9.6466
4.1200	0.7573	0.4487	9.5868
4.1300	0.7484	0.4630	9.6179
4.1400	0.7591	0.4582	9.6203
4.1500	0.7801	0.4570	9.6281
4.1600	0.7621	0.4469	9.6233
4.1700	0.7765	0.4433	9.6287
4.1800	0.7489	0.4403	9.6239
4.1900	0.7723	0.4313	9.6460
4.2000	0.7729	0.4498	9.6299
4.2100	0.7663	0.4247	9.6047
4.2200	0.7932	0.4355	9.6215
4.2300	0.7663	0.4504	9.6029
4.2400	0.7771	0.4325	9.6089
4.2500	0.7448	0.4546	9.6394
4.2600	0.9152	0.4277	9.6394
4.2700	0.7783	0.4445	9.6544
4.2800	0.7549	0.4570	9.6448
4.2900	0.7741	0.4445	9.6000
4.3000	0.7531	0.4343	9.6221
4.3100	0.7872	0.4283	9.5898
4.3200	0.7651	0.4481	9.6424
4.3300	0.7669	0.4313	9.6604
4.3400	0.7747	0.4295	9.6442
4.3500	0.6167	0.4594	9.6071
4.3600	0.7549	0.4510	9.6436
4.3700	0.7687	0.4307	9.5808
4.3800	0.7579	0.4445	9.6012
4.3900	0.7376	0.4385	9.6323
4.4000	0.7322	0.4522	9.5844
4.4100	0.7519	0.4301	9.6125
4.4200	0.7412	0.4481	9.6029
4.4300	0.7723	0.4457	9.5994
4.4400	0.7501	0.4367	9.6317
4.4500	0.7974	0.4552	9.6556
4.4600	0.7681	0.4301	9.6293
4.4700	0.7430	0.4457	9.6448
4.4800	0.7478	0.4445	9.6012
4.4900	0.7603	0.4558	9.6167
4.5000	0.7675	0.4403	9.6323
4.5100	0.7388	0.4660	9.6000
4.5200	0.7884	0.4343	9.6131
4.5300	0.6269	0.4355	9.6071
4.5400	0.7813	0.4522	9.6329
4.5500	0.7687	0.4277	9.6083
4.5600	0.7741	0.4325	9.6095
4.5700	0.7663	0.4421	9.6305
4.5800	0.7735	0.4498	9.6400
4.5900	0.7663	0.4618	9.5808
4.6000	0.7747	0.4439	9.6215
4.6100	0.7430	0.4331	9.6113
4.6200	0.7681	0.4475	9.5760
4.6300	0.7555	0.4445	9.6424
4.6400	0.7687	0.4391	9.5766
4.6500	0.7741	0.4319	9.6544
4.6600	0.7789	0.4475	9.6299
4.6700	0.7358	0.4451	9.6113
4.6800	0.7573	0.4654	9.5952
4.6900	0.7693	0.4451	9.5784
4.7000	0.7693	0.4600	9.6101
4.7100	0.9099	0.4493	9.6329
4.7200	0.7824	0.4546	9.6000
4.7300	0.7819	0.3129	9.6400
4.7400	0.7579	0.4451	9.6508
4.7500	0.7633	0.4510	9.7561
4.7600	0.7501	0.4415	9.6227
4.7700	0.7627	0.4439	9.6125
4.7800	0.7669	0.4487	9.6275
4.7900	0.7807	0.4463	9.5958
4.8000	0.7495	0.4648	9.5856
4.8100	0.7777	0.4385	9.6293
4.8200	0.7579	0.4325	9.6209
4.8300	0.7585	0.4576	9.5988
4.8400	0.7519	0.4570	9.6131
4.8500	0.7531	0.4391	9.5916
4.8600	0.7789	0.4421	9.6035
4.8700	0.7472	0.4247	9.6400
4.8800	0.7585	0.4307	9.6179
4.8900	0.8955	0.4504	9.6508
4.9000	0.7693	0.4666	9.6239
4.9100	0.7591	0.4445	9.6269
4.9200	0.7920	0.4576	9.6352
4.9300	0.7555	0.4463	9.5946
4.9400	0.7830	0.4498	9.6143
4.9500	0.7591	0.4379	9.6233
4.9600	0.7178	0.4253	9.5808
4.9700	0.7723	0.4361	9.6077
4.9800	0.6138	0.4618	9.5856
4.9900	0.7693	0.4516	9.6047
5.0000	0.7501	0.3069	9.5862
5.0100	0.7406	0.4528	9.6131
5.0200	0.7753	0.4277	9.6382
5.0300	0.7472	0.4475	9.5832
5.0400	0.7579	0.4618	9.6029
5.0500	0.7675	0.4487	9.6083
5.0600	0.7466	0.4624	9.6233
5.0700	0.7842	0.4439	9.6508
5.0800	0.7968	0.4247	9.6233
5.0900	0.7495	0.4463	9.6323
5.1000	0.7418	0.4475	9.5814
5.1100	0.7454	0.4481	9.5988
5.1200	0.7244	0.4403	9.5742
5.1300	0.7478	0.4415	9.6215
5.1400	0.7699	0.4319	9.6155
5.1500	0.7669	0.4385	9.6586
5.1600	0.7412	0.4415	9.6448
5.1700	0.7753	0.4481	9.6089
5.1800	0.7711	0.4415	9.6000
5.1900	0.7609	0.4469	9.6185
5.2000	0.7394	0.4481	9.6269
5.2100	0.7495	0.4379	9.5916
5.2200	0.7525	0.4546	9.6472
5.2300	0.7603	0.4487	9.6496
5.2400	0.7711	0.4612	9.6275
5.2500	0.7274	0.4498	9.6041
5.2600	0.7681	0.4481	9.6376
5.2700	0.7597	0.4373	9.6125
5.2800	0.7418	0.4451	9.5946
5.2900	0.7878	0.4457	9.5994
5.3000	0.7489	0.4307	9.6412
5.3100	0.7376	0.4445	9.6394
5.3200	0.7448	0.4528	9.6364
5.3300	0.7627	0.4624	9.6341
5.3400	0.7717	0.4493	9.6107
5.3500	0.7651	0.4241	9.6161
5.3600	0.7597	0.4415	9.5910
5.3700	0.7507	0.4463	9.5874
5.3800	0.7789	0.4457	9.6227
5.3900	0.7531	0.4732	9.6006
5.4000	0.7681	0.4415	9.6400
5.4100	0.7639	0.4385	9.6065
5.4200	0.7729	0.4504	9.6323
5.4300	0.7537	0.4528	9.5970
5.4400	0.7436	0.4516	9.5988
5.4500	0.7442	0.4271	9.6071
5.4600	0.7466	0.4457	9.6335
5.4700	0.7579	0.4540	9.5970
5.4800	0.7908	0.4475	9.6287
5.4900	0.7537	0.4361	9.6430
5.5000	0.9027	0.4510	9.6089
5.5100	0.7699	0.4427	9.6335
5.5200	0.7591	0.4295	9.5856
5.5300	0.7681	0.4445	9.6023
5.5400	0.7783	0.4445	9.6496
5.5500	0.7495	0.4522	9.6251
5.5600	0.7639	0.4552	9.5880
5.5700	0.7436	0.4564	9.5665
5.5800	0.7489	0.4319	9.6000
5.5900	0.8949	0.4433	9.6484
5.6000	0.7801	0.4487	9.6251
5.6100	0.7729	0.4313	9.6448
5.6200	0.7609	0.4427	9.6640
5.6300	0.7513	0.4439	9.6167
5.6400	0.7651	0.4588	9.6400
5.6500	0.7723	0.4421	9.4989
5.6600	0.7495	0.4528	9.5521
5.6700	0.7669	0.4379	9.6221
5.6800	0.7729	0.4301	9.6012
5.6900	0.7484	0.4181	9.6012
5.7000	0.7525	0.4193	9.6652
5.7100	0.7501	0.4564	9.6293
5.7200	0.7501	0.4343	9.6035
5.7300	0.7681	0.4373	9.6335
5.7400	0.7579	0.4624	9.6035
5.7500	0.7729	0.4546	9.6155
5.7600	0.7663	0.4361	9.6496
5.7700	0.7537	0.4546	9.6406
5.7800	0.7543	0.4636	9.6556
5.7900	0.7663	0.4415	9.5934
5.8000	0.7884	0.4534	9.6352
5.8100	0.7801	0.4331	9.6197
5.8200	0.7579	0.4528	9.5383
5.8300	0.7621	0.4313	9.6323
5.8400	0.7095	0.4409	9.5712
5.8500	0.7561	0.4528	9.6233
5.8600	0.6209	0.4451	9.6681
5.8700	0.7693	0.4439	9.6466
5.8800	0.7771	0.4433	9.6574
5.8900	0.7795	0.4403	9.6143
5.9000	0.7651	0.4475	9.6179
5.9100	0.7400	0.4552	9.6137
5.9200	0.7711	0.4463	9.6287
5.9300	0.7418	0.4726	9.6041
5.9400	0.7890	0.4475	9.6424
5.9500	0.8889	0.4576	9.6442
5.9600	0.7986	0.4439	9.6478
5.9700	0.7735	0.5922	9.6149
5.9800	0.7771	0.4582	9.5784
5.9900	0.7651	0.4510	9.6245
6.0000	0.7783	0.4403	9.6012
6.0100	0.7675	0.4475	9.6197
6.0200	0.7460	0.4391	9.6556
6.0300	0.7687	0.4600	9.6335
6.0400	0.7466	0.4397	9.6227
6.0500	0.7466	0.4624	9.6137
6.0600	0.7729	0.4528	9.5916
6.0700	0.7615	0.4385	9.5928
6.0800	0.7639	0.4403	9.5712
6.0900	0.7675	0.4379	9.6293
6.1000	0.7585	0.4193	9.6723
6.1100	0.7639	0.4612	9.6341
6.1200	0.7615	0.4277	9.6191
6.1300	0.7495	0.4367	9.6472
6.1400	0.7406	0.4367	9.6329
6.1500	0.7801	0.4379	9.6352
6.1600	0.7376	0.4570	9.5784
6.1700	0.7615	0.4457	9.7746
6.1800	0.7364	0.4660	9.6335
6.1900	0.7484	0.4337	9.6436
6.2000	0.7693	0.4421	9.6053
6.2100	0.7663	0.4259	9.5748
6.2200	0.7567	0.4463	9.6041
6.2300	0.7693	0.4487	9.6341
6.2400	0.7585	0.4451	9.6000
6.2500	0.7442	0.4229	9.5790
6.2600	0.7705	0.4331	9.5994
6.2700	0.7484	0.4433	9.6263
6.2800	0.7735	0.4498	9.6167
6.2900	0.9147	0.4630	9.6317
6.3000	0.7848	0.4439	9.6215
6.3100	0.7495	0.4421	9.6077
6.3200	0.7430	0.4409	9.6131
6.3301	0.7908	0.4301	9.6095
6.3401	0.7645	0.4498	9.6131
6.3501	0.7615	0.4504	9.6161
6.3601	0.7418	0.4522	9.6059
6.3701	0.7424	0.4439	9.6412
6.3801	0.9129	0.4493	9.6299
6.3901	0.7442	0.4140	9.6460
6.4001	0.7807	0.4648	9.5796
6.4101	0.7519	0.4277	9.5856
6.4201	0.7591	0.4475	9.6604
6.4301	0.7519	0.4630	9.6125
6.4401	0.7699	0.4385	9.6089
6.4501	0.7663	0.4594	9.5593
6.4601	0.7687	0.4415	9.6173
6.4701	0.7675	0.4349	9.6083
6.4801	0.7567	0.4355	9.6006
6.4901	0.7896	0.4343	9.6376
6.5001	0.7585	0.4433	9.6173
6.5101	0.7627	0.4493	9.6077
6.5201	0.7615	0.4487	9.6185
6.5301	0.7717	0.4337	9.6113
6.5401	0.7537	0.4540	9.5952
6.5501	0.7615	0.4696	9.6047
6.5601	0.7777	0.4463	9.6281
6.5701	0.7292	0.4325	9.6089
6.5801	0.7591	0.4319	9.6532
6.5901	0.7597	0.4582	9.6382
6.6001	0.7723	0.4463	9.6323
6.6101	0.7460	0.4546	9.6239
6.6201	0.7478	0.4313	9.6095
6.6301	0.7699	0.4433	9.5952
6.6401	0.7633	0.4600	9.6287
6.6501	0.6209	0.4409	9.6227
6.6601	0.7687	0.4385	9.6765
6.6701	0.7286	0.4307	9.6251
6.6801	0.7639	0.4271	9.6053
6.6901	0.7639	0.4373	9.6514
6.7001	0.7543	0.4534	9.5874
6.7101	0.7675	0.4540	9.6041
6.7201	0.7830	0.4445	9.6095
6.7301	0.7609	0.4415	9.6131
6.7401	0.7651	0.4403	9.6406
6.7501	0.7430	0.4451	9.6388
6.7601	0.7753	0.4534	9.6598
6.7701	0.7890	0.4319	9.6185
6.7801	0.7699	0.4409	9.6131
6.7901	0.7717	0.4475	9.6358
6.8001	0.7699	0.4487	9.6161
6.8101	0.7310	0.4588	9.6376
6.8201	0.8046	0.4469	9.6071
6.8301	0.7687	0.4469	9.5940
6.8401	0.7651	0.4498	9.6233
6.8501	0.7729	0.4439	9.6035
6.8601	0.7615	0.4498	9.5868
6.8701	0.7753	0.4415	9.6083
6.8801	0.7537	0.4379	9.5862
6.8901	0.7633	0.4528	9.6442
6.9001	0.7866	0.4498	9.6346
6.9101	0.7304	0.4463	9.6065
6.9201	0.6227	0.4421	9.6616
6.9301	0.7842	0.4379	9.6107
6.9401	0.7573	0.4385	9.5928
6.9501	0.7777	0.4588	9.6323
6.9601	0.7669	0.4558	9.6029
6.9701	0.7232	0.4355	9.6006
6.9801	0.7705	0.4457	9.6215
6.9901	0.7777	0.4331	9.6053
7.0001	0.7555	0.4439	9.6370
7.0101	0.7729	0.4319	9.6580
7.0201	0.7448	0.4606	9.5706
7.0301	0.7645	0.4385	9.6143
7.0401	0.7609	0.4319	9.6209
7.0501	0.7627	0.4570	9.5952
7.0601	0.7537	0.4493	9.6125
7.0701	0.7621	0.4313	9.6209
7.0801	0.7657	0.4379	9.6233
7.0901	0.7633	0.4475	9.6191
7.1001	0.7639	0.4756	9.6000
7.1101	0.7567	0.4397	9.6269
7.1201	0.7591	0.4313	9.6083
7.1301	0.7543	0.4451	9.5922
7.1401	0.7615	0.4636	9.7878
7.1501	0.7567	0.4600	9.6155
7.1601	0.7507	0.4510	9.6167
7.1701	0.8997	0.4457	9.6358
7.1801	0.7854	0.4481	9.5862
7.1901	0.7460	0.4373	9.6352
7.2001	0.7531	0.4528	9.6478
7.2101	0.7669	0.4331	9.5718
7.2201	0.7633	0.4540	9.6161
7.2301	0.7573	0.4504	9.6382
7.2401	0.7364	0.4720	9.6000
7.2501	0.7657	0.4564	9.6197
7.2601	0.7466	0.4337	9.6125
7.2701	0.7454	0.4522	9.6406
7.2801	0.7926	0.4546	9.6203
7.2901	0.7555	0.4481	9.6071
7.3001	0.7795	0.4570	9.6472
7.3101	0.7681	0.4415	9.6496
7.3201	0.7789	0.4421	9.7914
7.3301	0.7651	0.4648	9.6358
7.3401	0.7723	0.4433	9.6203
7.3501	0.9009	0.4361	9.6317
7.3601	0.7687	0.4331	9.6448
7.3701	0.7585	0.4391	9.5838
7.3801	0.7621	0.4445	9.6921
7.3901	0.7513	0.6024	9.6017
7.4001	0.7418	0.4504	9.5778
7.4101	0.7801	0.4247	9.6071
7.4201	0.7561	0.4564	9.5228
7.4301	0.7621	0.4247	9.6185
7.4401	0.7789	0.4510	9.6197
7.4501	0.7478	0.4421	9.5994
7.4601	0.7537	0.4397	9.6346
7.4701	0.7902	0.4481	9.6783
7.4801	0.7747	0.4516	9.6442
7.4901	0.7412	0.4451	9.6089
7.5001	0.7549	0.4510	9.6311
7.5101	0.7442	0.4582	9.5491
7.5201	0.7687	0.4373	9.6317
7.5301	0.7621	0.4493	9.6263
7.5401	0.7675	0.4289	9.6227
7.5501	0.7681	0.4319	9.5994
7.5601	0.7484	0.4397	9.6173
7.5701	0.7597	0.4134	9.6538
7.5801	0.7328	0.4546	9.6179
7.5901	0.7484	0.4343	9.6191
7.6001	0.7603	0.4379	9.6203
7.6101	0.7591	0.4140	9.6275
7.6201	0.7507	0.4481	9.6203
7.6301	0.7759	0.4403	9.6789
7.6401	0.7872	0.4391	9.6448
7.6501	0.7531	0.4522	9.6299
7.6601	0.7454	0.4265	9.6143
7.6701	0.7519	0.4528	9.5790
7.6801	0.7585	0.4463	9.6029
7.6901	0.7729	0.4391	9.6580
7.7001	0.7460	0.4493	9.6215
7.7101	0.7609	0.4433	9.6478
7.7201	0.7663	0.4498	9.6275
7.7301	0.7681	0.4475	9.6394
7.7401	0.7573	0.4355	9.6119
7.7501	0.7711	0.4421	9.5934
7.7601	0.7717	0.4726	9.6233
7.7701	0.7675	0.4481	9.6317
7.7801	0.7962	0.4504	9.6478
7.7901	0.7591	0.4445	9.6239
7.8001	0.7645	0.4516	9.6245
7.8101	0.8022	0.4277	9.6418
7.8201	0.7759	0.5928	9.6029
7.8301	0.7436	0.4439	9.5940
7.8401	0.7699	0.4522	9.6071
7.8501	0.7334	0.4301	9.5856
7.8601	0.7657	0.4427	9.5946
7.8701	0.7645	0.4540	9.6137
7.8801	0.7442	0.4570	9.6412
7.8901	0.7495	0.4540	9.6580
7.9001	0.7561	0.4277	9.6006
7.9101	0.7609	0.4433	9.6263
7.9201	0.7561	0.4421	9.5916
7.9301	0.7430	0.4307	9.6239
7.9401	0.7675	0.4361	9.6131
7.9501	0.7597	0.4409	9.6281
7.9601	0.7687	0.4439	9.6586
7.9701	0.7795	0.4588	9.5892
7.9801	0.7478	0.4415	9.5838
7.9901	0.7747	0.4271	9.6155
8.0001	0.7460	0.5904	9.5814
8.0101	0.7627	0.4570	9.6281
8.0201	0.7442	0.4504	9.6221
8.0301	0.7543	0.4319	9.6418
8.0401	0.7573	0.4403	9.4965
8.0501	0.7795	0.4385	9.6287
8.0601	0.7729	0.4570	9.5880
8.0701	0.9039	0.4146	9.6095
8.0801	0.7681	0.4325	9.6053
8.0901	0.7741	0.4391	9.6047
8.1001	0.7328	0.4594	9.5766
8.1101	0.7621	0.4397	9.6017
8.1201	0.7597	0.4522	9.6125
8.1301	0.7639	0.4582	9.6029
8.1401	0.7747	0.4403	9.6006
8.1501	0.7723	0.4618	9.6640
8.1601	0.6138	0.4415	9.6388
8.1701	0.7478	0.4516	9.6023
8.1801	0.7585	0.4546	9.6484
8.1901	0.7232	0.4283	9.6053
8.2001	0.7753	0.4606	9.5892
8.2101	0.7836	0.4528	9.6478
8.2201	0.7675	0.4534	9.6209
8.2301	0.7723	0.4445	9.6329
8.2401	0.7495	0.4259	9.6275
8.2501	0.7424	0.4295	9.5886
8.2601	0.7729	0.4331	9.6173
8.2701	0.7501	0.4433	9.5970
8.2801	0.7328	0.4481	9.6251
8.2901	0.7591	0.4493	9.5964
8.3001	0.7687	0.4714	9.5401
8.3101	0.7639	0.4409	9.5982
8.3201	0.6287	0.4187	9.6155
8.3301	0.7388	0.4325	9.6323
8.3401	0.7561	0.4498	9.6376
8.3501	0.7699	0.4427	9.6466
8.3601	0.7771	0.4660	9.6305
8.3701	0.7585	0.4349	9.5688
8.3801	0.7717	0.4451	9.6167
8.3901	0.7466	0.4504	9.5515
8.4001	0.7759	0.4355	9.6287
8.4101	0.7567	0.4265	9.6394
8.4201	0.7681	0.4313	9.6263
8.4301	0.7621	0.4498	9.6113
8.4401	0.7687	0.4391	9.6514
8.4501	0.7633	0.4349	9.6233
8.4601	0.7489	0.4630	9.5694
8.4701	0.7531	0.4493	9.6203
8.4801	0.7675	0.4493	9.6101
8.4901	0.7537	0.4421	9.6083
8.5001	0.7501	0.4373	9.6693
8.5101	0.7346	0.4193	9.6245
8.5201	0.7854	0.4493	9.6293
8.5301	0.7567	0.4445	9.6496
8.5401	0.7478	0.5982	9.6041
8.5501	0.7693	0.4403	9.5910
8.5601	0.7675	0.4403	9.6107
8.5701	0.7735	0.4403	9.6335
8.5801	0.7495	0.4427	9.6335
8.5901	0.7693	0.4307	9.6550
8.6001	0.7621	0.4307	9.6035
8.6101	0.7687	0.4487	9.6335
8.6201	0.7262	0.4487	9.6017
8.6301	0.7645	0.4361	9.6526
8.6401	0.7484	0.4427	9.6000
8.6501	0.7424	0.4361	9.6215
8.6601	0.7489	0.4397	9.6472
8.6701	0.7795	0.4487	9.6077
8.6801	0.7627	0.4439	9.6053
8.6901	0.7693	0.4552	9.6089
8.7001	0.7519	0.4343	9.6023
8.7101	0.7759	0.4487	9.5677
8.7201	0.7472	0.4481	9.6113
8.7301	0.7196	0.4385	9.6083
8.7401	0.7519	0.4421	9.5802
8.7501	0.7771	0.4301	9.6759
8.7601	0.7597	0.4475	9.6634
8.7701	0.9021	0.4403	9.6436
8.7801	0.7693	0.4325	9.6131
8.7901	0.7627	0.4403	9.6059
8.8001	0.7591	0.4469	9.6496
8.8101	0.7406	0.4265	9.6101
8.8201	0.7460	0.4427	9.5910
8.8301	0.7579	0.4540	9.6436
8.8401	0.7549	0.4409	9.6203
8.8501	0.7454	0.4445	9.6430
8.8601	0.7507	0.4576	9.6394
8.8701	0.7914	0.4385	9.5970
8.8801	0.7681	0.4367	9.6442
8.8901	0.7370	0.4415	9.6317
8.9001	0.7579	0.4421	9.6191
8.9101	0.7531	0.4475	9.6335
8.9201	0.7699	0.4463	9.6179
8.9301	0.7478	0.4397	9.6490
8.9401	0.7543	0.4343	9.6299
8.9501	0.7507	0.4349	9.5940
8.9601	0.7579	0.4558	9.6006
8.9701	0.7472	0.4522	9.5922
8.9801	0.7364	0.4433	9.5934
8.9901	0.7537	0.4576	9.6233
9.0001	0.7448	0.4463	9.6382
9.0101	0.7717	0.4427	9.7435
9.0201	0.7711	0.4451	9.6012
9.0301	0.7633	0.4636	9.6149
9.0401	0.7567	0.4570	9.5928
9.0501	0.7466	0.4582	9.6000
9.0601	0.7346	0.4409	9.6370
9.0701	0.7388	0.4558	9.6221
9.0801	0.7741	0.4475	9.6203
9.0901	0.7705	0.4516	9.6323
9.1001	0.7478	0.4397	9.6053
9.1101	0.7771	0.4522	9.5712
9.1201	0.7543	0.4259	9.6424
9.1301	0.7448	0.4570	9.5760
9.1401	0.7513	0.4397	9.6197
9.1501	0.7555	0.4540	9.6341
9.1601	0.7370	0.4367	9.6358
9.1701	0.7639	0.4313	9.6143
9.1801	0.7573	0.4552	9.6358
9.1901	0.7645	0.4445	9.5958
9.2001	0.9063	0.4498	9.6209
9.2101	0.7268	0.4516	9.6251
9.2201	0.6173	0.4349	9.6293
9.2301	0.7741	0.4493	9.6430
9.2401	0.7603	0.4331	9.6125
9.2501	0.7783	0.4606	9.6341
9.2601	0.7591	0.4187	9.6006
9.2701	0.7507	0.4546	9.6023
9.2801	0.7633	0.4409	9.6173
9.2901	0.7400	0.4337	9.6287
9.3001	0.7442	0.4570	9.6352
9.3101	0.7537	0.4678	9.6394
9.3201	0.7466	0.4445	9.5892
9.3301	0.7717	0.4504	9.6364
9.3401	0.7543	0.4618	9.6137
9.3501	0.7567	0.4403	9.6119
9.3601	0.7657	0.4421	9.6125
9.3701	0.7627	0.4498	9.6000
9.3801	0.7615	0.4367	9.6047
9.3901	0.7639	0.4307	9.6143
9.4001	0.7334	0.4475	9.6263
9.4101	0.7633	0.4636	9.6155
9.4201	0.7807	0.4516	9.6299
9.4301	0.7645	0.4475	9.5856
9.4401	0.7579	0.4403	9.4953
9.4501	0.7747	0.4540	9.6424
9.4601	0.7651	0.4211	9.6089
9.4701	0.7454	0.4337	9.6496
9.4801	0.7436	0.4427	9.6071
9.4901	0.7729	0.4361	9.6089
9.5001	0.7579	0.4439	9.6203
9.5101	0.7801	0.4355	9.6412
9.5201	0.7932	0.4481	9.6670
9.5301	0.7633	0.4385	9.6137
9.5401	0.7687	0.4403	9.5916
9.5501	0.7723	0.4307	9.6335
9.5601	0.7525	0.4361	9.6149
9.5701	0.7765	0.4373	9.6251
9.5801	0.7687	0.4540	9.6376
9.5901	0.7430	0.4516	9.5682
9.6001	0.7681	0.4385	9.6161
9.6101	0.7519	0.4337	9.6454
9.6201	0.7699	0.4259	9.6209
9.6301	0.7442	0.4379	9.6568
9.6401	0.7489	0.4433	9.6287
9.6501	0.8943	0.4457	9.6490
9.6601	0.7567	0.4409	9.6089
9.6701	0.7501	0.4403	9.5958
9.6801	0.7579	0.4498	9.5934
9.6901	0.7549	0.4516	9.5916
9.7001	0.7352	0.4409	9.5748
9.7101	0.7711	0.4493	9.6179
9.7201	0.7519	0.4469	9.6227
9.7301	0.7418	0.4510	9.6299
9.7401	0.7705	0.4289	9.6161
9.7501	0.7513	0.4469	9.5838
9.7601	0.7484	0.4403	9.6562
9.7701	0.7478	0.4481	9.5940
9.7801	0.7920	0.4229	9.6269
9.7901	0.7645	0.4534	9.6687
9.8001	0.7741	0.4385	9.6197
9.8101	0.7573	0.4403	9.6269
9.8201	0.7651	0.4283	9.6095
9.8301	0.7537	0.4666	9.5850
9.8401	0.7418	0.4373	9.6095
9.8501	0.7669	0.4481	9.5904
9.8601	0.7238	0.4498	9.6167
9.8701	0.7621	0.4576	9.6556
9.8801	0.7442	0.4600	9.6329
9.8901	0.7639	0.4439	9.6203
9.9001	0.7747	0.4397	9.6466
9.9101	0.7723	0.4481	9.5718
9.9201	0.7549	0.4433	9.6173
9.9301	0.7460	0.4433	9.6227
9.9401	0.7495	0.4481	9.6466
9.9501	0.7495	0.4463	9.6131
9.9601	0.7561	0.4588	9.6358
9.9701	0.7555	0.4343	9.6562
9.9801	0.7549	0.4445	9.6047
9.9901	0.7454	0.4439	9.6394
10.0001	0.7448	0.4415	9.6167
10.0101	0.7705	0.4223	9.6508
10.0201	0.7723	0.4481	9.6185
10.0301	0.7669	0.4421	9.6173
10.0401	0.7448	0.4391	9.6329
10.0501	0.7681	0.4295	9.6544
10.0601	0.7615	0.4325	9.6616
10.0701	0.7651	0.4403	9.5964
10.0801	0.7830	0.4427	9.6006
10.0901	0.7406	0.4343	9.5982
10.1001	0.7537	0.4457	9.6424
10.1101	0.7519	0.4600	9.6400
10.1201	0.7615	0.4397	9.6215
10.1301	0.7890	0.4451	9.6257
10.1401	0.7537	0.4391	9.6233
10.1501	0.7633	0.4421	9.5898
10.1601	0.7442	0.4433	9.6436
10.1701	0.7525	0.4247	9.6113
10.1801	0.7478	0.4516	9.6113
10.1901	0.7597	0.4421	9.6388
10.2001	0.7591	0.4469	9.5814
10.2101	0.7711	0.4373	9.6484
10.2201	0.7819	0.4666	9.6293
10.2301	0.7663	0.4516	9.6215
10.2401	0.7872	0.4235	9.6209
10.2501	0.7478	0.4469	9.6376
10.2601	0.7489	0.4481	9.5928
10.2701	0.7753	0.4463	9.6275
10.2801	0.7585	0.4522	9.5886
10.2901	0.7406	0.4588	9.6376
10.3001	0.7573	0.4433	9.6520
10.3101	0.7639	0.4552	9.5700
10.3201	0.7795	0.4469	9.6305
10.3301	0.7801	0.4253	9.6191
10.3401	0.7807	0.4445	9.6143
10.3501	0.8997	0.4403	9.6382
10.3601	0.7573	0.4445	9.6592
10.3701	0.7537	0.4678	9.6341
10.3801	0.7561	0.4522	9.6215
10.3901	0.7675	0.4475	9.6077
10.4001	0.7549	0.4337	9.6137
10.4101	0.7651	0.4409	9.6418
10.4201	0.7190	0.4504	9.5754
10.4301	0.7579	0.4564	9.6017
10.4401	0.7376	0.4612	9.6023
10.4501	0.7322	0.4415	9.6107
10.4601	0.7663	0.4110	9.6436
10.4701	0.7238	0.4504	9.5940
10.4801	0.7627	0.4475	9.6430
10.4901	0.7537	0.4379	9.5784
10.5001	0.7478	0.4229	9.6113
10.5101	0.7771	0.4439	9.6311
10.5201	0.7723	0.4606	9.6191
10.5301	0.6197	0.4534	9.6412
10.5401	0.7705	0.4397	9.6209
10.5501	0.7591	0.4313	9.6012
10.5601	0.7519	0.4564	9.5958
10.5701	0.7561	0.4313	9.6012
10.5801	0.7729	0.4307	9.6323
10.5901	0.7448	0.4373	9.6155
10.6001	0.7537	0.4528	9.6400
10.6101	0.7430	0.4493	9.6400
10.6201	0.7537	0.4349	9.6161
10.6301	0.7489	0.4319	9.5808
10.6401	0.7747	0.4289	9.5946
10.6501	0.7615	0.4415	9.6167
10.6601	0.7842	0.4349	9.5641
10.6701	0.7729	0.4445	9.6370
10.6801	0.7418	0.4361	9.6173
10.6901	0.7675	0.4391	9.6173
10.7001	0.7711	0.4331	9.5982
10.7101	0.8901	0.4319	9.6197
10.7201	0.7501	0.4259	9.5970
10.7301	0.7489	0.4313	9.5784
10.7402	0.7352	0.4319	9.6167
10.7502	0.7801	0.4427	9.6041
10.7602	0.7705	0.4558	9.6221
10.7702	0.7472	0.4475	9.6041
10.7802	0.7669	0.4415	9.6610
10.7902	0.7657	0.4660	9.5928
10.8002	0.7436	0.4552	9.6430
10.8102	0.7711	0.4295	9.6101
10.8202	0.7466	0.4391	9.6173
10.8302	0.7573	0.4463	9.6239
10.8402	0.7609	0.4433	9.6149
10.8502	0.7531	0.4696	9.6227
10.8602	0.7639	0.4433	9.6341
10.8702	0.9158	0.4331	9.5982
10.8802	0.7478	0.4498	9.6101
10.8902	0.6233	0.4403	9.6089
10.9002	0.7543	0.4343	9.6185
10.9102	0.7466	0.4289	9.6496
10.9202	0.7675	0.4696	9.6251
10.9302	0.7430	0.4570	9.6430
10.9402	0.7346	0.4510	9.6400
10.9502	0.7693	0.4313	9.6209
10.9602	0.7938	0.4301	9.6023
10.9702	0.7543	0.4409	9.6233
10.9802	0.6138	0.4498	9.5940
10.9902	0.7597	0.4433	9.6341
11.0002	0.7651	0.4289	9.6460
11.0102	0.7358	0.4534	9.6185
11.0202	0.7531	0.4534	9.6179
11.0302	0.7872	0.4379	9.6335
11.0402	0.7543	0.4457	9.6185
11.0502	0.8082	0.4086	9.6029
11.0602	0.7621	0.4552	9.6173
11.0702	0.7472	0.4247	9.6382
11.0802	0.7507	0.4337	9.6089
11.0902	0.7537	0.3176	9.6125
11.1002	0.7741	0.4409	9.6508
11.1102	0.7561	0.4463	9.6568
11.1202	0.7549	0.4534	9.6029
11.1302	0.7549	0.4349	9.6215
11.1402	0.7645	0.4337	9.6233
11.1502	0.7400	0.4487	9.5886
11.1602	0.6126	0.4630	9.5904
11.1702	0.7412	0.4600	9.6245
11.1802	0.7460	0.4361	9.6526
11.1902	0.7406	0.4451	9.5671
11.2002	0.7639	0.4343	9.6281
11.2102	0.7705	0.4301	9.6358
11.2202	0.7519	0.4463	9.6209
11.2302	0.7579	0.4427	9.6646
11.2402	0.7549	0.4421	9.6041
11.2502	0.7561	0.4498	9.6245
11.2602	0.7657	0.4403	9.6203
11.2702	0.7621	0.4307	9.5994
11.2802	0.7687	0.4522	9.5838
11.2902	0.7412	0.4564	9.6203
11.3002	0.7412	0.4427	9.6209
11.3102	0.7489	0.4606	9.6197
11.3202	0.7819	0.4421	9.6622
11.3302	0.7555	0.4558	9.5952
11.3402	0.7645	0.4361	9.6233
11.3502	0.7484	0.4516	9.6257
11.3602	0.7454	0.4409	9.6424
11.3702	0.7525	0.4259	9.6137
11.3802	0.7609	0.4433	9.6107
11.3902	0.7531	0.4463	9.6400
11.4002	0.7675	0.4481	9.6227
11.4102	0.7567	0.4415	9.6263
11.4202	0.7543	0.4355	9.6155
11.4302	0.7484	0.4451	9.5982
11.4402	0.7436	0.4415	9.5425
11.4502	0.7854	0.4504	9.6071
11.4602	0.7256	0.4451	9.5844
11.4702	0.7615	0.4463	9.6293
11.4802	0.7597	0.4355	9.6598
11.4902	0.7753	0.4367	9.6550
11.5002	0.9063	0.4463	9.6562
11.5102	0.7358	0.4307	9.5820
11.5202	0.7513	0.4534	9.5790
11.5302	0.7747	0.4923	9.6311
11.5402	0.7406	0.4331	9.5964
11.5502	0.7322	0.4211	9.5946
11.5602	0.7633	0.4552	9.5970
11.5702	0.7687	0.4223	9.6364
11.5802	0.7549	0.4540	9.6293
11.5902	0.7442	0.4349	9.5988
11.6002	0.7567	0.4301	9.6047
11.6102	0.7705	0.4223	9.5677
11.6202	0.7388	0.4540	9.6035
11.6302	0.7531	0.4409	9.6131
11.6402	0.7657	0.4510	9.6335
11.6502	0.7370	0.4510	9.6329
11.6602	0.7890	0.4510	9.6580
11.6702	0.7454	0.4307	9.6101
11.6802	0.7657	0.4433	9.5844
11.6902	0.7364	0.4487	9.5838
11.7002	0.7585	0.4427	9.6269
11.7102	0.7107	0.4391	9.5868
11.7202	0.7454	0.4337	9.6305
11.7302	0.7759	0.4301	9.6341
11.7402	0.7723	0.4271	9.6341
11.7502	0.7777	0.4403	9.5778
11.7602	0.7436	0.4498	9.6053
11.7702	0.7555	0.4421	9.5766
11.7802	0.7543	0.4277	9.6012
11.7902	0.7657	0.4451	9.6281
11.8002	0.7495	0.4313	9.6382
11.8102	0.7609	0.4367	9.6245
11.8202	0.7460	0.4469	9.6305
11.8302	0.7675	0.4564	9.7669
11.8402	0.7759	0.4487	9.5916
11.8502	0.7466	0.4163	9.6269
11.8602	0.7585	0.4475	9.6179
11.8702	0.7645	0.4301	9.6012
11.8802	0.7478	0.4534	9.6113
11.8902	0.7478	0.4307	9.6071
11.9002	0.7424	0.4349	9.6185
11.9102	0.7717	0.4397	9.6490
11.9202	0.7603	0.4612	9.5982
11.9302	0.7585	0.4522	9.5964
11.9402	0.7364	0.4379	9.5958
11.9502	0.7753	0.4391	9.6233
11.9602	0.7310	0.4504	9.5880
11.9702	0.7388	0.4427	9.6484
11.9802	0.7525	0.4451	9.6335
11.9902	0.7573	0.4349	9.6275
12.0002	0.7561	0.4582	9.5982
12.0102	0.7813	0.4534	9.6263
12.0202	0.7495	0.4331	9.6119
12.0302	0.7495	0.4612	9.6287
12.0402	0.7370	0.4343	9.6341
12.0502	0.7466	0.4648	9.6251
12.0602	0.7454	0.4421	9.6370
12.0702	0.7645	0.4259	9.6472
12.0802	0.7561	0.4349	9.5862
12.0902	0.7974	0.4421	9.6227
12.1002	0.7346	0.4582	9.6203
12.1102	0.7813	0.4504	9.5994
12.1202	0.7495	0.4439	9.6317
12.1302	0.6251	0.4558	9.6017
12.1402	0.7777	0.4457	9.6341
12.1502	0.7382	0.4403	9.6257
12.1602	0.7382	0.4564	9.6364
12.1702	0.7711	0.4457	9.6161
12.1802	0.7729	0.4504	9.6197
12.1902	0.7430	0.4528	9.6059
12.2002	0.7693	0.4187	9.6514
12.2102	0.7460	0.4487	9.6424
12.2202	0.7448	0.4457	9.6269
12.2302	0.7358	0.4451	9.6137
12.2402	0.7591	0.6024	9.6077
12.2502	0.7759	0.4361	9.6305
12.2602	0.7741	0.4391	9.6239
12.2702	0.7466	0.4427	9.6388
12.2802	0.7741	0.4481	9.6323
12.2902	0.7478	0.4421	9.6263
12.3002	0.7753	0.4301	9.6000
12.3102	0.7765	0.4552	9.6221
12.3202	0.7555	0.4457	9.6185
12.3302	0.7507	0.3111	9.6053
12.3402	0.7501	0.4337	9.6490
12.3502	0.7717	0.4522	9.6149
12.3602	0.7777	0.4331	9.6717
12.3702	0.7669	0.4475	9.6131
12.3802	0.6167	0.4570	9.6670
12.3902	0.7507	0.4337	9.6215
12.4002	0.7549	0.4403	9.5898
12.4102	0.7801	0.4534	9.6101
12.4202	0.7729	0.4403	9.5964
12.4302	0.7693	0.4163	9.6329
12.4402	0.7603	0.4403	9.6269
12.4502	0.7723	0.4540	9.6586
12.4602	0.7627	0.4445	9.6125
12.4702	0.9087	0.4409	9.6556
12.4802	0.7489	0.4475	9.5988
12.4902	0.7633	0.4528	9.6287
12.5002	0.7376	0.4558	9.5904
12.5102	0.7783	0.4576	9.5730
12.5202	0.7388	0.4319	9.6490
12.5302	0.7370	0.4271	9.6275
12.5402	0.7615	0.4493	9.6245
12.5502	0.7699	0.4469	9.5958
12.5602	0.7495	0.4433	9.6012
12.5702	0.7615	0.4522	9.5976
12.5802	0.7872	0.4253	9.5754
12.5902	0.7615	0.4504	9.6233
12.6002	0.7579	0.4522	9.6227
12.6102	0.7579	0.4331	9.6197
12.6202	0.7579	0.4421	9.6400
12.6302	0.7783	0.4373	9.6508
12.6402	0.7830	0.4570	9.6263
12.6502	0.7549	0.4235	9.5976
12.6602	0.7627	0.4271	9.6221
12.6702	0.7890	0.4343	9.6257
12.6802	0.7543	0.4283	9.6041
12.6902	0.7639	0.4510	9.6400
12.7002	0.7830	0.4409	9.6346
12.7102	0.7693	0.4493	9.5874
12.7202	0.7807	0.4146	9.6185
12.7302	0.7795	0.4391	9.5772
12.7402	0.9063	0.4319	9.5958
12.7502	0.7466	0.4588	9.6095
12.7602	0.7543	0.4415	9.6610
12.7702	0.7394	0.4540	9.5988
12.7802	0.7501	0.4355	9.6358
12.7902	0.7771	0.4457	9.6239
12.8002	0.7765	0.4289	9.5748
12.8102	0.7531	0.4588	9.5934
12.8202	0.7388	0.4349	9.6125
12.8302	0.7489	0.4504	9.5946
12.8402	0.7627	0.4481	9.6538
12.8502	0.7543	0.4552	9.6358
12.8602	0.7765	0.4487	9.6454
12.8702	0.7729	0.4445	9.6029
12.8802	0.7633	0.4469	9.6077
12.8902	0.7938	0.4594	9.6113
12.9002	0.7418	0.4475	9.5916
12.9102	0.7651	0.4379	9.6161
12.9202	0.6329	0.4510	9.6424
12.9302	0.7603	0.4570	9.6155
12.9402	0.7813	0.4385	9.6574
12.9502	0.7358	0.4445	9.5694
12.9602	0.7699	0.4493	9.5796
12.9702	0.7920	0.4193	9.6083
12.9802	0.7370	0.4528	9.6119
12.9902	0.7424	0.4301	9.6275
13.0002	0.7424	0.4427	9.6119
13.0102	0.7507	0.4253	9.5898
13.0202	0.7262	0.4504	9.6173
13.0302	0.7478	0.6012	9.5994
13.0402	0.7495	0.4504	9.6424
13.0502	0.7328	0.4343	9.6239
13.0602	0.7884	0.4373	9.6215
13.0702	0.7525	0.4265	9.6167
13.0802	0.7478	0.4229	9.6681
13.0902	0.7011	0.4313	9.6101
13.1002	0.7489	0.4283	9.6323
13.1102	0.7920	0.4564	9.6508
13.1202	0.7555	0.4606	9.5952
13.1302	0.7741	0.4241	9.6311
13.1402	0.7501	0.4469	9.6023
13.1502	0.7489	0.4498	9.6107
13.1602	0.7579	0.4487	9.6119
13.1702	0.7495	0.4469	9.6149
13.1802	0.7603	0.4379	9.6149
13.1902	0.6138	0.4199	9.6227
13.2002	0.7406	0.4158	9.6035
13.2102	0.7669	0.4415	9.5904
13.2202	0.7657	0.4469	9.6376
13.2302	0.7603	0.4373	9.6269
13.2402	0.7579	0.4421	9.6574
13.2502	0.7460	0.4379	9.6227
13.2602	0.7466	0.4427	9.5982
13.2702	0.7615	0.4654	9.6197
13.2802	0.7675	0.4600	9.5904
13.2902	0.7466	0.4379	9.5904
13.3002	0.7525	0.4463	9.6341
13.3102	0.7597	0.4445	9.5694
13.3202	0.7669	0.4337	9.5934
13.3302	0.7693	0.4307	9.6424
13.3402	0.7561	0.4289	9.6059
13.3502	0.7507	0.4397	9.6454
13.3602	0.7226	0.4552	9.6083
13.3702	0.7579	0.4325	9.6394
13.3802	0.7513	0.4271	9.5916
13.3902	0.7525	0.4493	9.6059
13.4002	0.7513	0.4439	9.6281
13.4102	0.7669	0.4433	9.6095
13.4202	0.7484	0.4487	9.6101
13.4302	0.7693	0.4451	9.6185
13.4402	0.9164	0.4247	9.5856
13.4502	0.7519	0.4576	9.6305
13.4602	0.7501	0.3117	9.5952
13.4702	0.7376	0.4349	9.6059
13.4802	0.7561	0.4439	9.6418
13.4902	0.7376	0.4469	9.6574
13.5002	0.7729	0.4367	9.6203
13.5102	0.7777	0.4427	9.6424
13.5202	0.7364	0.4379	9.6131
13.5302	0.7567	0.4654	9.6095
13.5402	0.7884	0.4319	9.6382
13.5502	0.7489	0.4355	9.5491
13.5602	0.7657	0.4546	9.6221
13.5702	0.7645	0.4534	9.6478
13.5802	0.7711	0.4445	9.6191
13.5902	0.7741	0.4271	9.7914
13.6002	0.7531	0.4690	9.6305
13.6102	0.7484	0.4463	9.5952
13.6202	0.9021	0.4457	9.6376
13.6302	0.7645	0.4582	9.5838
13.6402	0.7495	0.4582	9.6424
13.6502	0.7466	0.4475	9.6448
13.6602	0.7585	0.4522	9.6065
13.6702	0.7902	0.4475	9.6687
13.6802	0.7364	0.4534	9.6293
13.6902	0.7651	0.4534	9.5700
13.7002	0.7507	0.4564	9.5964
13.7102	0.7609	0.4367	9.5665
13.7202	0.7621	0.4343	9.6317
13.7302	0.7609	0.4277	9.6053
13.7402	0.7729	0.4337	9.6023
13.7502	0.7495	0.4277	9.6687
13.7602	0.7723	0.4642	9.6155
13.7702	0.7519	0.4487	9.5754
13.7802	0.7663	0.4152	9.6346
13.7902	0.7777	0.4391	9.6035
13.8002	0.7824	0.4325	9.6317
13.8102	0.7340	0.4325	9.6400
13.8202	0.7591	0.4522	9.6233
13.8302	0.7813	0.4397	9.6664
13.8402	0.7597	0.4576	9.6101
13.8502	0.7723	0.4469	9.5838
13.8602	0.7418	0.4558	9.6287
13.8702	0.7448	0.4349	9.5970
13.8802	0.7454	0.4325	9.6209
13.8902	0.7591	0.4457	9.6448
13.9002	0.7484	0.4666	9.5820
13.9102	0.7609	0.4331	9.6412
13.9202	0.7651	0.4570	9.5599
13.9302	0.7639	0.4415	9.6101
13.9402	0.7980	0.4409	9.6370
13.9502	0.7394	0.4301	9.6388
13.9602	0.7525	0.4415	9.6676
13.9702	0.7735	0.4385	9.6400
13.9802	0.7579	0.4349	9.6131
13.9902	0.7657	0.4421	9.5814
14.0002	0.7789	0.4337	9.6293
14.0102	0.7585	0.4217	9.6370
14.0202	0.7543	0.4493	9.6329
14.0302	0.7639	0.4385	9.6233
14.0402	0.7537	0.4319	9.6281
14.0502	0.7525	0.4379	9.5952
14.0602	0.7388	0.4445	9.6113
14.0702	0.8931	0.4385	9.6323
14.0802	0.7436	0.4618	9.5868
14.0902	0.7633	0.5844	9.5946
14.1002	0.7759	0.4313	9.5886
14.1102	0.7597	0.4612	9.6430
14.1202	0.7687	0.4110	9.6903
14.1302	0.7478	0.4181	9.6209
14.1402	0.7501	0.4594	9.6376
14.1502	0.7914	0.4361	9.6131
14.1602	0.9033	0.4570	9.5736
14.1702	0.7454	0.4493	9.6179
14.1802	0.7627	0.4403	9.6143
14.1902	0.7651	0.4361	9.6233
14.2002	0.7519	0.4307	9.6191
14.2102	0.7466	0.4451	9.6628
14.2202	0.7537	0.4504	9.6299
14.2302	0.7621	0.4403	9.6466
14.2402	0.7603	0.4618	9.6335
14.2502	0.7513	0.4469	9.6370
14.2602	0.7531	0.4373	9.6059
14.2702	0.7519	0.4373	9.6245
14.2802	0.7819	0.4403	9.6478
14.2902	0.7489	0.4289	9.6251
14.3002	0.7633	0.4223	9.6394
14.3102	0.7501	0.4588	9.5970
14.3202	0.7340	0.4570	9.6335
14.3302	0.7627	0.4570	9.6119
14.3402	0.7824	0.4349	9.5772
14.3502	0.7340	0.4606	9.5952
14.3602	0.7597	0.4331	9.6514
14.3702	0.7543	0.4367	9.6490
14.3802	0.7591	0.4498	9.7794
14.3902	0.7866	0.4487	9.6568
14.4002	0.7633	0.4469	9.6472
14.4102	0.7454	0.4528	9.5862
14.4202	0.7711	0.4421	9.6119
14.4302	0.7663	0.4534	9.6006
14.4402	0.7651	0.4277	9.6305
14.4502	0.7555	0.4469	9.6269
14.4602	0.7567	0.4397	9.6406
14.4702	0.7543	0.4481	9.6382
14.4802	0.7830	0.4457	9.6382
14.4902	0.7699	0.4427	9.6293
14.5002	0.7741	0.4391	9.5982
14.5102	0.7304	0.4504	9.6197
14.5202	0.7513	0.4337	9.6646
14.5302	0.7657	0.4307	9.6358
14.5402	0.7513	0.4391	9.6568
14.5502	0.8189	0.4439	9.6496
14.5602	0.7579	0.4241	9.5820
14.5702	0.7555	0.4696	9.5856
14.5802	0.7603	0.4349	9.5970
14.5902	0.7627	0.4463	9.5862
14.6002	0.7460	0.4277	9.6287
14.6102	0.7537	0.4373	9.6029
14.6202	0.7346	0.4313	9.6041
14.6302	0.7639	0.4223	9.6909
14.6402	0.7896	0.4319	9.6185
14.6502	0.7741	0.4385	9.5922
14.6602	0.7890	0.4253	9.6311
14.6702	0.7567	0.4116	9.5790
14.6802	0.9147	0.4259	9.6287
14.6902	0.7316	0.4361	9.6299
14.7002	0.7525	0.4552	9.6000
14.7102	0.7549	0.4259	9.6520
14.7202	0.7675	0.4421	9.5994
14.7302	0.7573	0.4385	9.5796
14.7402	0.7771	0.4475	9.6221
14.7502	0.7358	0.4343	9.6221
14.7602	0.7609	0.4469	9.6167
14.7702	0.6179	0.4325	9.5970
14.7802	0.7388	0.4481	9.6047
14.7902	0.7639	0.4540	9.6400
14.8002	0.7699	0.4403	9.6406
14.8102	0.7513	0.4241	9.6017
14.8202	0.7543	0.4313	9.6257
14.8302	0.7537	0.4457	9.6107
14.8402	0.7370	0.4349	9.6041
14.8502	0.7364	0.4451	9.6329
14.8602	0.6383	0.4325	9.5838
14.8702	0.7352	0.4349	9.6197
14.8802	0.7513	0.4522	9.6370
14.8902	0.7567	0.4534	9.6023
14.9002	0.7531	0.4397	9.6239
14.9102	0.7830	0.4445	9.6173
14.9202	0.7328	0.4421	9.6311
14.9302	0.7699	0.4283	9.6807
14.9402	0.7400	0.4289	9.6071
14.9502	0.7579	0.4247	9.6466
14.9602	0.7639	0.4504	9.6203
14.9702	0.7783	0.5904	9.6053
14.9802	0.7609	0.4319	9.6329
14.9902	0.7633	0.4415	9.7704
15.0002	0.7525	0.4522	9.5922
15.0102	0.7609	0.4379	9.6143
15.0202	0.7543	0.4451	9.6364
15.0302	0.7418	0.4510	9.6287
15.0402	0.7759	0.4487	9.5730
15.0502	0.7615	0.4319	9.5874
15.0602	0.7591	0.4247	9.5862
15.0702	0.7884	0.4409	9.6406
15.0802	0.7639	0.4349	9.6227
15.0902	0.7436	0.4439	9.6532
15.1002	0.7789	0.4463	9.6119
15.1103	0.7824	0.4498	9.6221
15.1203	0.7860	0.4612	9.6376
15.1303	0.7400	0.4409	9.6035
15.1403	0.7591	0.4445	9.5916
15.1503	0.7531	0.4325	9.6035
15.1603	0.7717	0.4415	9.6472
15.1703	0.7555	0.4379	9.6119
15.1803	0.7448	0.4576	9.5898
15.1903	0.7489	0.4427	9.6113
15.2003	0.7783	0.4463	9.6131
15.2103	0.7717	0.4343	9.6095
15.2203	0.9105	0.4253	9.6329
15.2303	0.7495	0.4666	9.6083
15.2403	0.7621	0.4498	9.6191
15.2503	0.7729	0.4439	9.6317
15.2603	0.7783	0.4522	9.7531
15.2703	0.7908	0.4277	9.6915
15.2803	0.7519	0.4379	9.6221
15.2903	0.9129	0.4343	9.6215
15.3003	0.7687	0.4469	9.5892
15.3103	0.7573	0.4481	9.5964
15.3203	0.7484	0.4421	9.6125
15.3303	0.7585	0.4457	9.6263
15.3403	0.7454	0.4415	9.6502
15.3503	0.7525	0.4373	9.7627
15.3603	0.7771	0.4367	9.6442
15.3703	0.7484	0.4397	9.6131
15.3803	0.7478	0.4510	9.6047
15.3903	0.7729	0.4481	9.6006
15.4003	0.7836	0.4540	9.6364
15.4103	0.7705	0.4361	9.6556
15.4203	0.7573	0.4421	9.5832
15.4303	0.7693	0.4433	9.6179
15.4403	0.7699	0.4445	9.6323
15.4503	0.7759	0.4570	9.5952
15.4603	0.7513	0.4594	9.6227
15.4703	0.7376	0.4493	9.5940
15.4803	0.7418	0.4552	9.5946
15.4903	0.7513	0.4558	9.6185
15.5003	0.7472	0.4445	9.6101
15.5103	0.7579	0.4528	9.6041
15.5203	0.7896	0.4582	9.6526
15.5303	0.7585	0.4289	9.6203
15.5403	0.7998	0.4253	9.5970
15.5503	0.7627	0.4528	9.5724
15.5603	0.7645	0.4516	9.5916
15.5703	0.7364	0.4528	9.6335
15.5803	0.7519	0.3075	9.5838
15.5903	0.7537	0.4391	9.6293
15.6003	0.7460	0.4493	9.5964
15.6103	0.7824	0.4355	9.6000
15.6203	0.7735	0.4534	9.6053
15.6303	0.7699	0.4313	9.6311
15.6403	0.7495	0.4451	9.6251
15.6503	0.7609	0.4427	9.6484
15.6603	0.7346	0.4481	9.6269
15.6703	0.7501	0.4510	9.6532
15.6803	0.7663	0.4385	9.6209
15.6903	0.7729	0.4385	9.5940
15.7003	0.7412	0.4618	9.5988
15.7103	0.7759	0.4576	9.6119
15.7203	0.7334	0.4660	9.5988
15.7303	0.7519	0.4217	9.6311
15.7403	0.7370	0.4552	9.6424
15.7503	0.7747	0.4349	9.6436
15.7603	0.7567	0.4337	9.5886
15.7703	0.7561	0.4528	9.5724
15.7803	0.7513	0.4516	9.6364
15.7903	0.7460	0.4385	9.6191
15.8003	0.7454	0.4433	9.6101
15.8103	0.7615	0.4397	9.6352
15.8203	0.7801	0.4169	9.6023
15.8303	0.9063	0.4289	9.6358
15.8403	0.7615	0.4445	9.6137
15.8503	0.7621	0.4588	9.6065
15.8603	0.7717	0.4355	9.6520
15.8703	0.7627	0.4433	9.6059
15.8803	0.7591	0.4313	9.6257
15.8903	0.7513	0.4355	9.6287
15.9003	0.7256	0.4433	9.6041
15.9103	0.7693	0.4415	9.6245
15.9203	0.9057	0.4612	9.6293
15.9303	0.7513	0.4409	9.5946
15.9403	0.7842	0.4361	9.6167
15.9503	0.7603	0.4205	9.6203
15.9603	0.7693	0.4343	9.6083
15.9703	0.7783	0.4361	9.6556
15.9803	0.7418	0.4307	9.6137
15.9903	0.7693	0.4570	9.6131
16.0003	0.7669	0.4463	9.6358
16.0103	0.7436	0.4445	9.6125
16.0203	0.7771	0.4415	9.6239
16.0303	0.7747	0.4475	9.6035
16.0403	0.7717	0.4522	9.6029
16.0503	0.7603	0.4487	9.7866
16.0603	0.7382	0.4457	9.6185
16.0703	0.7549	0.4498	9.6155
16.0803	0.7884	0.4588	9.6113
16.0903	0.7531	0.4445	9.5784
16.1003	0.8997	0.4564	9.6095
16.1103	0.7717	0.4451	9.6095
16.1203	0.7418	0.4355	9.6035
16.1303	0.7866	0.4307	9.6580
16.1403	0.7394	0.4301	9.6197
16.1503	0.7298	0.4259	9.5856
16.1603	0.7454	0.4439	9.6323
16.1703	0.7639	0.4504	9.5970
16.1803	0.7621	0.4409	9.6185
16.1903	0.6197	0.4510	9.5874
16.2003	0.7830	0.4415	9.6329
16.2103	0.7501	0.4433	9.6341
16.2203	0.7418	0.4403	9.6676
16.2303	0.7651	0.4469	9.6514
16.2403	0.7711	0.4457	9.6257
16.2503	0.7669	0.4181	9.6239
16.2603	0.7549	0.4349	9.5820
16.2703	0.7513	0.4433	9.6197
16.2803	0.7573	0.4546	9.5778
16.2903	0.7352	0.4295	9.6233
16.3003	0.7669	0.4534	9.6329
16.3103	0.7531	0.4421	9.6083
16.3203	0.7484	0.4451	9.6185
16.3303	0.7442	0.4630	9.5838
16.3403	0.7561	0.4570	9.6035
16.3503	0.9003	0.4241	9.6598
16.3603	0.7525	0.4564	9.6281
16.3703	0.7519	0.4391	9.6251
16.3803	0.7543	0.4516	9.6143
16.3903	0.7573	0.4421	9.6885
16.4003	0.7986	0.4343	9.6454
16.4103	0.7489	0.4522	9.6179
16.4203	0.7567	0.4391	9.6065
16.4303	0.7388	0.4451	9.5988
16.4403	0.6263	0.4367	9.5754
16.4503	0.7412	0.4331	9.6496
16.4603	0.7908	0.4457	9.6394
16.4703	0.7442	0.4582	9.6227
16.4803	0.7597	0.4379	9.6125
16.4903	0.7639	0.4684	9.6095
16.5003	0.7591	0.4433	9.6077
16.5103	0.7466	0.4229	9.5904
16.5203	0.7627	0.4498	9.6155
16.5303	0.6161	0.4295	9.6317
16.5403	0.7645	0.4582	9.6143
16.5503	0.7466	0.4241	9.6364
16.5603	0.7759	0.4283	9.6263
16.5703	0.7561	0.4427	9.5533
16.5803	0.7663	0.4175	9.6269
16.5903	0.7603	0.4379	9.6173
16.6003	0.7597	0.4445	9.6047
16.6103	0.7663	0.4487	9.6376
16.6203	0.7507	0.4493	9.6155
16.6303	0.7842	0.4439	9.6059
16.6403	0.7693	0.4367	9.6394
16.6503	0.7495	0.4421	9.6496
16.6603	0.7430	0.4463	9.6598
16.6703	0.7627	0.4247	9.6484
16.6803	0.7460	0.4319	9.6341
16.6903	0.7507	0.4343	9.6149
16.7003	0.7621	0.4463	9.6574
16.7103	0.7454	0.4654	9.6012
16.7203	0.7669	0.4475	9.6203
16.7303	0.7489	0.4349	9.6053
16.7403	0.7424	0.4385	9.6047
16.7503	0.7675	0.4373	9.6293
16.7603	0.7436	0.4439	9.6095
16.7703	0.7340	0.4576	9.6323
16.7803	0.7597	0.4307	9.6352
16.7903	0.7531	0.4445	9.6077
16.8003	0.9033	0.4469	9.6370
16.8103	0.7633	0.4475	9.5970
16.8203	0.7442	0.4504	9.6197
16.8303	0.7735	0.4313	9.6460
16.8403	0.7418	0.4427	9.6358
16.8503	0.7705	0.4289	9.6508
16.8603	0.7489	0.4498	9.6095
16.8703	0.7669	0.4451	9.6113
16.8803	0.7448	0.4469	9.6275
16.8903	0.7573	0.4319	9.5623
16.9003	0.7603	0.4349	9.6239
16.9103	0.7549	0.4558	9.5982
16.9203	0.7507	0.4253	9.6370
16.9303	0.7693	0.4445	9.6484
16.9403	0.7472	0.4211	9.6574
16.9503	0.7196	0.4379	9.5886
16.9603	0.7376	0.4600	9.6023
16.9703	0.7346	0.4403	9.5784
16.9803	0.7573	0.4175	9.6269
16.9903	0.7741	0.4445	9.5886
17.0003	0.7543	0.4337	9.6119
17.0103	0.7597	0.4187	9.5880
17.0203	0.7573	0.4594	9.6299
17.0303	0.8339	0.4283	9.6424
17.0403	0.7484	0.4475	9.6430
17.0503	0.7531	0.4576	9.5718
17.0603	0.7442	0.4582	9.5958
17.0703	0.7567	0.4493	9.5712
17.0803	0.7615	0.4433	9.5754
17.0903	0.7717	0.3063	9.6520
17.1003	0.7597	0.4528	9.6478
17.1103	0.7561	0.4576	9.6107
17.1203	0.7537	0.4367	9.6436
17.1303	0.7519	0.4582	9.6185
17.1403	0.7478	0.4487	9.6341
17.1503	0.7663	0.4457	9.6012
17.1603	0.7370	0.4636	9.6047
17.1703	0.7723	0.4391	9.6616
17.1803	0.7603	0.4570	9.5856
17.1903	0.7717	0.4343	9.6227
17.2003	0.7597	0.4271	9.5844
17.2103	0.7687	0.4624	9.6131
17.2203	0.7501	0.4361	9.6173
17.2303	0.7370	0.4337	9.5653
17.2403	0.7699	0.4391	9.6257
17.2503	0.9105	0.4217	9.6275
17.2603	0.7352	0.4313	9.6622
17.2703	0.7310	0.4451	9.6346
17.2803	0.7836	0.4481	9.6687
17.2903	0.7549	0.4307	9.6113
17.3003	0.7555	0.4612	9.5958
17.3103	0.7789	0.4391	9.5802
17.3203	0.6144	0.4487	9.6023
17.3303	0.7400	0.4295	9.6269
17.3403	0.7489	0.4193	9.6472
17.3503	0.7478	0.4618	9.6412
17.3603	0.7795	0.4259	9.6412
17.3703	0.7693	0.4504	9.5934
17.3803	0.7693	0.4493	9.6269
17.3903	0.7842	0.4331	9.6035
17.4003	0.7436	0.4295	9.6227
17.4103	0.7585	0.4337	9.6652
17.4203	0.7878	0.4457	9.6323
17.4303	0.7484	0.4289	9.5910
17.4403	0.7717	0.4391	9.6466
17.4503	0.7615	0.4475	9.6006
17.4603	0.7472	0.4403	9.6125
17.4703	0.7669	0.4343	9.6023
17.4803	0.7519	0.4325	9.6394
time	accelx	accely	accelz
0.0000	1.0391	1.5846	9.7848
0.0100	0.8913	-0.3428	9.8650
0.0200	1.1192	0.0706	9.6885
0.0300	1.6498	-0.8004	8.5992
0.0400	1.2658	-0.3984	9.5072
0.0500	0.2309	1.3555	8.8779
0.0600	0.9141	0.4528	10.8717
0.0700	1.2873	-1.4686	8.7505
0.0800	0.9817	-0.1322	9.4337
0.0900	0.2016	0.4337	9.3726
0.1000	1.3011	-0.4080	9.5084
0.1100	1.2712	1.8730	8.1852
0.1200	-0.0269	0.6401	9.2195
0.1300	0.2477	0.9404	10.8460
0.1400	-0.7137	0.6042	8.0410
0.1500	0.1890	1.8730	9.2219
0.1600	-0.4415	0.2393	11.0117
0.1700	-0.8315	0.0712	10.7766
0.1800	1.7402	-1.0534	7.7132
0.1900	2.1637	-0.5755	8.1900
0.2000	1.4752	0.5641	8.3246
0.2100	1.3178	-0.7274	8.2510
0.2200	2.4048	-1.7300	8.8546
0.2300	2.0500	-1.3645	8.4646
0.2400	0.8632	0.5940	8.0380
0.2500	1.2359	2.0465	9.2237
0.2600	0.1585	0.7759	10.7742
0.2700	1.1360	1.1791	8.9617
0.2800	0.8877	1.4752	9.9009
0.2900	-0.1358	0.9218	8.9904
0.3000	0.4205	1.2323	9.4079
0.3100	0.9661	0.9595	10.5750
0.3200	1.4674	-1.4788	9.6323
0.3300	1.4106	-0.9272	8.0709
0.3400	-0.0144	1.5733	8.8319
0.3500	2.1822	-1.0636	8.1457
0.3600	2.4975	0.4666	10.2059
0.3700	0.9589	-0.9320	10.1826
0.3800	1.3406	-0.2309	10.2472
0.3900	0.1250	0.9547	9.9463
0.4000	1.3268	-0.2285	10.7539
0.4100	0.1376	0.4600	9.5443
0.4200	0.2243	0.2261	9.9559
0.4300	1.1641	0.8590	9.4313
0.4400	0.1938	1.0151	9.0484
0.4500	0.5809	0.2518	9.8183
0.4600	0.8919	0.6066	11.0530
0.4700	-0.0915	2.1990	10.0606
0.4800	0.8177	-0.2136	9.7764
0.4900	0.3793	-0.0592	8.8181
0.5000	1.9214	0.0915	7.5685
0.5100	1.6265	-0.4122	7.0779
0.5200	1.8694	-1.2670	9.6239
0.5300	1.3376	0.4223	9.5473
0.5400	0.6766	1.5356	10.4799
0.5500	0.6640	-0.8189	9.9858
0.5600	0.3200	0.1202	10.8257
0.5700	1.7354	-0.6700	9.8668
0.5800	1.7767	-0.0939	8.5710
0.5900	-0.0209	2.2068	8.6590
0.6000	-1.3442	1.5799	9.5174
0.6100	-0.0156	2.3246	9.5312
0.6200	0.4510	0.4265	9.3086
0.6300	0.6634	2.3306	10.9740
0.6400	1.6343	-1.7964	9.6006
0.6500	2.1625	-0.8100	10.0055
0.6600	1.9932	1.7115	8.1021
0.6700	0.3846	1.0534	9.3702
0.6800	2.4359	0.9685	8.7457
0.6900	2.2098	-1.0498	10.6677
0.7000	0.2668	0.3182	10.2047
0.7100	0.2614	0.5055	10.0743
0.7200	-0.2465	0.2459	11.3467
0.7300	1.8861	-0.3655	8.6602
0.7400	1.5069	0.8674	8.0339
0.7500	-0.3410	0.2010	9.7752
0.7600	1.0217	1.7629	10.2466
0.7700	-0.3637	1.8496	10.9220
0.7800	-0.8997	1.5362	9.6263
0.7900	0.1615	-0.7639	9.6975
0.8000	1.1270	-1.1629	8.8989
0.8100	2.6542	-0.2584	8.4532
0.8200	1.2347	1.5380	10.0211
0.8300	-1.2341	1.2138	10.9674
0.8400	-0.1603	2.1864	9.5587
0.8500	-0.2279	0.2506	9.2333
0.8600	-0.6724	-0.4385	10.1748
0.8700	1.9011	-2.2564	9.2345
0.8800	3.1011	-0.0724	8.0051
0.8900	2.3641	0.1741	9.4408
0.9000	0.8267	-0.8046	10.8376
0.9100	0.5629	1.3579	10.1910
0.9200	-0.2740	0.7418	8.6859
0.9300	-0.2692	0.9278	8.8366
0.9400	0.8070	0.0778	9.9248
0.9500	2.0321	-1.2628	8.4544
0.9600	1.9824	0.8883	9.5545
0.9700	0.5737	0.0299	9.8584
0.9800	0.1256	2.0488	10.5906
0.9900	-0.2770	1.1306	9.5252
1.0000	0.1334	0.7561	9.1639
1.0100	0.6281	1.1527	9.7334
1.0200	0.9158	-0.7878	10.6881
1.0300	1.4387	1.1593	9.4169
1.0400	1.2556	-0.5862	9.9074
1.0500	1.6678	0.4146	9.5419
1.0600	0.1872	0.8183	8.8049
1.0700	1.6277	-0.7466	10.6570
1.0800	2.3874	-1.5936	9.6580
1.0900	0.5258	0.8201	10.1820
1.1000	1.7797	-0.5557	8.5298
1.1100	1.3382	-0.1651	10.8891
1.1200	1.0181	0.7962	11.3264
1.1300	0.4929	0.7149	9.9613
1.1400	1.9358	-0.0066	9.6741
1.1500	1.2341	1.3561	8.0440
1.1600	-0.2812	1.8191	8.9401
1.1700	-0.6873	2.7069	9.7016
1.1800	-0.1938	1.4686	10.2574
1.1900	-0.2554	0.3691	10.5672
1.2000	-0.3834	-0.0443	9.3086
1.2100	0.4463	-1.0134	8.6183
1.2200	1.2496	0.0209	10.0857
1.2300	1.4040	0.5737	10.7108
1.2400	0.6825	1.3537	9.3224
1.2500	-0.3434	0.0443	8.3964
1.2600	1.7545	-1.7049	10.5020
1.2700	1.3244	-0.1178	10.1706
1.2800	1.7479	-0.1908	9.0167
1.2900	0.9194	0.4762	8.2893
1.3000	0.8375	-1.1533	10.0241
1.3100	1.3699	-0.4905	9.5425
1.3200	1.4901	0.5180	10.0713
1.3300	1.5302	0.5342	9.6436
1.3400	1.6116	2.0500	10.7796
1.3500	0.5318	0.8327	10.6031
1.3600	0.0084	1.4620	9.3870
1.3700	-0.5743	0.6598	9.4235
1.3800	-0.6951	0.3930	10.2000
1.3900	0.5342	0.5228	8.4227
1.4000	1.3454	0.3278	9.5431
1.4100	0.9464	1.0397	9.6185
1.4200	0.3781	0.2339	9.5246
1.4300	0.0425	2.6459	9.8398
1.4400	-1.4028	2.4825	10.2101
1.4500	1.1820	-0.9787	10.8484
1.4600	0.4588	0.4540	11.3276
1.4700	1.0768	-0.1926	7.8783
1.4800	0.2261	2.0871	9.7495
1.4900	0.2165	0.6544	9.0885
1.5000	1.6104	-0.4475	9.5796
1.5100	1.0337	-0.1184	9.3990
1.5200	-0.5067	2.2905	9.9499
1.5300	1.8855	0.1196	7.7766
1.5400	1.4794	-0.3649	10.2257
1.5500	1.0905	0.5617	9.5132
1.5600	0.6449	-0.0293	9.9954
1.5700	1.9364	-0.2171	8.4556
1.5800	0.4696	0.2728	10.6642
1.5900	0.8590	0.2901	11.5459
1.6000	-0.2387	3.1537	9.1070
1.6100	-2.2923	3.2333	8.9599
1.6200	0.1687	1.6750	9.6448
1.6300	0.2148	0.3745	11.8450
1.6400	-1.5380	1.9711	11.7493
1.6500	-1.0875	1.9376	9.9726
1.6600	1.4817	0.8949	8.8372
1.6700	-0.1723	0.2829	9.5778
1.6800	1.6259	0.2530	10.9872
1.6900	0.9398	0.6825	8.8325
1.7000	1.2000	0.9182	7.5595
1.7100	0.7035	-0.2148	8.2355
1.7200	0.0054	0.1430	10.2825
1.7300	0.4098	0.3745	8.4556
1.7400	2.4078	0.8524	9.0012
1.7500	1.7838	0.5342	10.4763
1.7600	1.1677	-1.5206	10.3375
1.7700	-0.7633	2.4305	10.7288
1.7800	-0.1071	2.1822	10.4602
1.7900	1.2975	-0.1496	8.9114
1.8000	1.4817	0.9416	10.5128
1.8100	1.0660	-1.7910	9.9708
1.8200	-0.0526	0.6000	10.3208
1.8300	-0.5904	0.3236	10.0115
1.8400	1.7761	-0.5527	10.5451
1.8500	1.4447	1.0552	9.4899
1.8600	1.9250	-0.2297	8.4562
1.8700	0.5874	0.7807	9.1441
1.8800	0.1956	1.2526	9.5389
1.8900	1.3848	-0.5037	9.6604
1.9000	1.9358	1.7258	9.9894
1.9100	-0.6903	1.6038	7.5948
1.9200	1.7067	0.9811	10.0331
1.9300	0.2106	2.2642	8.5698
1.9400	-0.3326	2.3551	10.0390
1.9500	0.1753	0.0610	10.8406
1.9600	-0.1256	1.6977	10.1353
1.9700	-0.6425	2.0560	9.2871
1.9800	-1.4746	1.0744	9.9206
1.9900	0.2764	-0.7077	10.9579
2.0000	0.2489	1.3824	10.0211
2.0100	0.1537	0.5007	10.4147
2.0200	0.2213	1.0540	10.4069
2.0300	0.0772	1.7462	9.4085
2.0400	0.9003	-0.7914	10.7036
2.0500	1.2401	-0.4827	8.2301
2.0600	0.6245	0.8650	9.4917
2.0700	1.2365	0.9302	10.1252
2.0800	1.3968	0.4798	7.4811
2.0900	0.3302	-0.2901	9.7603
2.1000	0.1047	1.2550	11.1062
2.1100	0.1609	2.2439	11.4652
2.1200	0.8943	0.5982	11.3060
2.1300	-0.1035	1.7551	8.5621
2.1400	-1.1994	0.7687	11.1505
2.1500	0.8949	1.4064	10.9208
2.1600	0.3673	0.7561	12.1058
2.1700	0.8339	2.2714	9.7956
2.1800	0.7376	-0.3141	8.7421
2.1900	2.1882	-0.8542	7.9752
2.2000	0.7513	-0.9416	7.9172
2.2100	1.1402	1.1426	8.1356
2.2200	1.7581	-0.0820	6.3451
2.2300	2.6770	-0.7160	8.6524
2.2400	1.6570	0.2692	7.7162
2.2500	2.7308	-1.0552	9.3206
2.2600	0.2632	-2.8492	6.8608
2.2700	2.1739	-1.4752	8.1481
2.2800	1.0774	2.5597	10.9441
2.2900	0.3194	0.9284	6.4504
2.3000	2.0740	-0.6616	9.9439
2.3100	-1.3460	0.8303	9.1130
2.3200	0.2261	0.5228	11.0440
2.3300	0.2165	-0.1418	8.8642
2.3400	0.1771	-0.1603	7.5445
2.3500	-0.6664	3.3314	11.2558
2.3600	-1.3304	2.2941	9.6424
2.3700	-1.2496	0.9164	10.9375
2.3800	-2.0817	1.6780	10.5960
2.3900	-0.1095	2.5753	12.2285
2.4000	0.2339	3.6413	9.3655
2.4100	-0.9517	2.1362	8.2881
2.4200	0.2722	1.0301	10.8574
2.4300	0.2716	1.2347	11.7989
2.4400	2.9880	-2.0363	10.5595
2.4500	3.0090	-0.4241	10.7982
2.4600	-0.4516	-0.1388	10.1066
2.4700	3.4654	-1.3125	10.1557
2.4800	1.6893	1.1988	7.7832
2.4900	0.5432	-1.7055	9.8105
2.5000	1.4608	-1.3274	8.6518
2.5100	0.2189	2.5172	9.5964
2.5200	-0.7298	1.8431	10.3022
2.5300	-0.5533	1.8018	12.5401
2.5400	1.0325	2.5382	8.7170
2.5500	0.6090	-0.1890	11.0973
2.5600	-0.5222	1.9424	13.5690
2.5700	-0.8477	1.6343	11.9617
2.5800	1.0558	-0.8584	11.3150
2.5900	0.8429	2.2074	9.6394
2.6000	1.3454	0.8100	8.4568
2.6100	1.8736	-0.8638	7.7246
2.6200	2.9294	-0.2261	6.5527
2.6300	1.7761	0.9027	10.4590
2.6400	1.5182	-0.3392	9.4701
2.6500	0.0395	1.1922	8.4777
2.6600	1.2550	0.7902	10.6773
2.6700	0.3727	1.0798	10.1084
2.6800	2.5579	-0.4134	10.4805
2.6900	2.2133	-0.9206	6.6245
2.7000	0.5976	-2.0375	10.5014
2.7100	1.1659	-1.6433	11.7493
2.7200	1.0247	-0.8632	7.7192
2.7300	0.3356	-0.7723	11.5950
2.7400	0.8626	1.9244	8.2133
2.7500	-1.7868	0.7250	7.2520
2.7600	-0.4421	1.5541	10.3800
2.7700	-0.8973	1.4064	12.2027
2.7800	0.9218	0.9631	12.0113
2.7900	0.2865	1.8443	11.3132
2.8000	-0.9063	0.0293	8.7685
2.8100	2.4461	-0.8584	9.2817
2.8200	2.3946	0.4026	5.9055
2.8300	-0.1047	-1.4405	7.6199
2.8400	1.9920	0.2345	10.5463
2.8500	0.7155	-0.9278	9.2739
2.8600	0.3057	0.1346	8.5262
2.8700	2.2576	1.5511	10.4751
2.8800	0.4451	1.2969	10.5415
2.8900	0.2405	0.8955	10.6707
2.9000	1.8203	0.0485	9.8997
2.9100	1.4225	0.8512	8.3210
2.9200	-1.3430	-0.4080	9.7423
2.9300	1.9675	0.8716	10.2723
2.9400	-0.5366	0.5898	10.1216
2.9500	-0.2064	1.7228	9.4014
2.9600	1.1587	1.8030	8.4975
2.9700	0.0610	1.5972	10.3016
2.9800	-0.4301	-0.3254	11.4143
2.9900	1.0068	-0.8387	12.6514
3.0000	1.8724	-0.3069	7.7575
3.0100	0.5605	-0.1801	7.5374
3.0200	1.2945	0.6897	7.8861
3.0300	1.3262	2.5561	10.4757
3.0400	1.5392	1.0098	9.8865
3.0500	2.9497	-0.3308	6.0915
3.0600	0.9380	-0.2674	9.9439
3.0700	1.5278	-1.0756	9.9098
3.0800	0.6485	0.0640	9.4959
3.0900	0.8961	0.7699	13.2687
3.1000	0.6718	1.9310	10.0175
3.1100	-0.4152	2.8522	5.9288
3.1200	0.7214	2.0435	8.4335
3.1300	0.5121	0.4044	9.6951
3.1400	0.8991	-0.2740	10.2837
3.1500	1.4303	-1.6648	11.6356
3.1600	2.9258	-0.4062	8.7750
3.1700	-0.4062	1.2646	10.6480
3.1800	-0.3924	1.3645	12.9325
3.1900	2.6028	0.9643	10.2466
3.2000	3.7118	-1.5936	8.7804
3.2100	1.7713	1.3561	7.4686
3.2200	0.0712	2.6925	7.5858
3.2300	1.5810	-0.7956	9.5898
3.2400	1.1832	-0.3153	9.7423
3.2500	-0.4552	2.1661	9.3768
3.2600	1.0750	0.2022	11.1684
3.2700	0.9254	3.6999	12.7333
3.2800	0.1149	0.4660	9.6221
3.2900	0.8835	0.1896	5.4867
3.3000	-2.0518	3.7519	7.1641
3.3100	-1.8191	0.7119	7.0109
3.3200	-0.4080	0.4684	10.5373
3.3300	0.4104	0.6933	10.7330
3.3400	1.7958	-1.4728	8.2061
3.3500	3.1723	-0.0437	10.0313
3.3600	2.3354	-0.8004	11.0925
3.3700	-0.3260	1.5135	10.3980
3.3800	-0.7884	0.5773	10.7790
3.3900	3.1262	-2.4897	6.1752
3.4000	0.6574	0.6102	9.0544
3.4100	2.7188	0.6867	7.0014
3.4200	0.1184	-1.7641	8.1080
3.4300	0.1615	-1.3519	9.8644
3.4400	-0.0084	0.8542	9.7663
3.4500	1.3382	0.1107	10.3250
3.4600	1.6205	-0.2357	9.2111
3.4700	0.3039	0.6802	9.0065
3.4800	1.3884	1.1958	8.4550
3.4900	-0.7238	1.0187	6.8596
3.5000	-0.3182	1.7593	7.6588
3.5100	0.1872	1.3083	9.0831
3.5200	0.3153	1.7103	9.0538
3.5300	-0.9129	0.3751	8.8606
3.5400	0.8847	0.8112	9.1908
3.5500	-0.3601	-0.7059	7.0977
3.5600	-0.4612	-0.6401	8.5088
3.5700	1.4788	-1.1970	8.4418
3.5800	0.6455	-0.7292	8.7553
3.5900	1.4339	-1.2873	11.8570
3.6000	1.6193	1.5745	10.0618
3.6100	0.9613	-0.3194	8.4783
3.6200	1.1581	-0.8177	6.5862
3.6300	-0.0688	0.5294	10.7994
3.6400	1.3789	-0.0299	10.3381
3.6500	0.5509	0.8560	7.9166
3.6600	1.6636	0.3338	9.5862
3.6700	0.7543	-2.6847	9.1573
3.6800	1.7521	0.2662	8.2779
3.6900	0.4373	1.9017	10.9405
3.7000	1.0463	1.6600	9.3954
3.7100	0.6203	-0.4307	9.9852
3.7200	0.2249	1.2263	10.5798
3.7300	0.3840	0.2686	10.0313
3.7400	-0.1089	2.8786	9.5210
3.7500	0.3906	0.1196	8.8588
3.7600	0.6724	1.8688	7.6546
3.7700	-1.3208	2.5806	8.7397
3.7800	-1.8155	0.3817	7.4799
3.7900	-0.7872	1.0642	9.6562
3.8000	0.5420	0.4140	8.0602
3.8100	0.0796	-0.7711	8.6045
3.8200	-0.2255	-0.1268	10.2646
3.8300	0.3918	0.4229	10.7670
3.8400	1.1737	-1.2634	10.4165
3.8500	2.3127	-0.9362	9.1651
3.8600	0.7376	-1.0337	9.9367
3.8700	1.4237	-0.0114	10.6283
3.8800	1.3597	1.5446	10.3722
3.8900	1.2508	-0.0245	9.3032
3.9000	1.7719	-0.9194	8.6434
3.9100	-0.4666	1.4106	6.3326
3.9200	0.5384	1.2066	7.1234
3.9300	0.5671	0.3523	9.3559
3.9400	-0.2824	1.5404	7.2789
3.9500	0.8130	0.2794	7.5607
3.9600	-0.5342	1.7844	10.4303
3.9700	-0.4510	0.0933	7.5356
3.9800	0.2417	0.3380	9.5306
3.9900	2.3976	0.9350	9.4014
4.0000	-0.7292	2.7787	9.7555
4.0100	-0.3147	1.0833	12.8500
4.0200	1.5081	-0.8680	9.0083
4.0300	1.6893	1.5625	9.7340
4.0400	1.4967	-0.7681	11.9808
4.0500	1.3998	-0.4804	10.8580
4.0600	1.9477	0.3505	10.1934
4.0700	1.4626	0.7920	11.5046
4.0800	-1.0696	0.1944	9.4217
4.0900	1.2251	-0.5228	8.3443
4.1000	1.8580	1.4321	8.0614
4.1100	-0.0873	0.9170	8.9437
4.1200	0.1089	-1.3220	7.5936
4.1300	0.6030	1.1533	7.8694
4.1400	0.3015	0.7472	7.5272
4.1500	0.6598	-0.6640	9.9750
4.1600	0.0694	0.4869	10.7186
4.1700	1.5511	3.0024	10.0552
4.1800	-0.4163	0.8118	8.9013
4.1900	-1.0648	0.3978	9.8243
4.2000	0.3649	0.8554	8.7050
4.2100	-0.0347	1.1288	9.6628
4.2200	0.6712	-0.4959	9.5276
4.2300	0.1866	1.1336	10.6217
4.2400	1.1306	-1.2030	10.2029
4.2500	2.7691	-1.7438	10.4584
4.2600	1.4985	1.7037	10.5212
4.2700	0.1872	-0.1292	10.1078
4.2800	1.8909	-2.1493	9.9708
4.2900	2.5083	0.2794	10.9447
4.3000	1.2215	-1.2766	9.2691
4.3100	0.2387	0.1639	9.9894
4.3200	2.7392	0.5103	9.1184
4.3300	2.0249	0.9613	10.0025
4.3400	0.9517	0.6371	9.1519
4.3500	0.9864	-0.5815	9.5850
4.3600	1.5529	-1.6732	10.2466
4.3700	0.8249	0.9242	8.0063
4.3800	0.4959	1.0522	10.7760
4.3900	0.4696	0.8847	10.2652
4.4000	1.3675	2.2253	8.9072
4.4100	-0.0981	2.5615	11.5764
4.4200	-0.8488	1.1234	8.2474
4.4300	-0.1723	2.8427	7.1461
4.4400	0.1400	1.0427	8.7260
4.4500	-0.3517	1.1180	11.4741
4.4600	-0.7854	2.1781	10.6474
4.4700	0.6730	-0.2028	7.5457
4.4800	0.2704	0.8638	9.6981
4.4900	0.0221	0.2291	8.6739
4.5000	0.1161	0.8159	8.8995
4.5100	0.9571	-0.4606	9.8572
4.5200	2.3701	-0.2034	9.3984
4.5300	0.7926	-1.0193	10.6456
4.5400	0.7585	-0.1825	8.7762
4.5500	0.7974	0.4827	8.3019
4.5600	2.0506	-0.8847	7.4560
4.5700	-0.3811	0.3236	10.2364
4.5800	0.1077	0.4032	8.9700
4.5900	1.0451	0.8429	8.8103
4.6000	0.3380	-0.4510	9.2488
4.6100	0.0473	1.9089	8.6428
4.6200	-0.3846	-0.2363	8.7098
4.6300	1.3250	1.6678	9.7190
4.6400	0.1717	0.0538	8.6799
4.6500	0.9930	0.0927	9.4977
4.6600	-0.1364	0.8740	9.6155
4.6700	1.7468	2.6758	8.4939
4.6800	-0.3565	0.9003	8.5525
4.6900	-1.4662	2.2433	8.9354
4.7000	0.2919	2.7858	7.8700
4.7100	-0.3374	0.0592	9.3367
4.7200	-1.0558	-0.8925	8.8020
4.7300	-0.3559	0.7980	9.0532
4.7400	0.6855	-0.5354	9.7818
4.7500	1.1689	-0.3906	9.5994
4.7600	-1.3232	2.2002	9.7734
4.7700	0.5611	0.0377	8.9503
4.7800	1.9148	-0.2524	10.3411
4.7900	2.8546	0.5773	10.0283
4.8000	0.4869	-0.4193	9.2117
4.8100	1.4788	-1.2754	10.7587
4.8200	0.6610	-1.0247	9.0664
4.8300	0.2620	0.6371	9.5742
4.8400	1.9322	-1.2287	9.5946
4.8500	1.5206	1.2275	12.3786
4.8600	1.0217	0.7753	9.3152
4.8700	-0.2578	-0.5964	9.5659
4.8800	1.1994	0.5204	10.1353
4.8900	1.2903	1.4500	10.4787
4.9000	1.9878	0.3565	11.2534
4.9100	1.2479	0.0915	9.2512
4.9200	1.5452	1.8472	9.1453
4.9300	-0.1220	0.0018	10.3070
4.9400	1.6349	1.4937	9.1740
4.9500	0.6628	0.8692	9.2590
4.9600	-0.1819	-0.1825	11.1481
4.9700	-0.2716	0.3649	8.9718
4.9800	0.8548	2.4718	10.0432
4.9900	0.8459	0.1184	8.8767
5.0000	0.3565	-0.3703	9.5946
5.0100	0.5414	0.6592	8.9318
5.0200	0.7400	0.8303	9.6346
5.0300	-0.6209	0.2483	9.7453
5.0400	0.6921	0.2877	9.7609
5.0500	1.3836	-0.2189	9.3254
5.0600	1.8580	-0.9775	9.7184
5.0700	-0.2524	-0.4421	7.3387
5.0800	1.0546	1.4602	11.0446
5.0900	1.3507	-1.1862	11.6805
5.1000	0.8979	0.4947	10.5266
5.1100	1.3884	0.5210	10.7216
5.1200	0.2165	-0.8219	9.5982
5.1300	1.4590	0.7017	7.9316
5.1400	1.6827	2.7475	9.3954
5.1500	0.6574	-0.2327	12.0622
5.1600	-0.1286	-0.6586	10.9046
5.1700	2.2463	0.6425	9.2380
5.1800	0.2794	0.8985	11.2791
5.1900	0.0461	1.1868	8.9892
5.2000	0.8058	1.8730	7.5188
5.2100	0.6861	1.4506	8.2558
5.2200	0.6167	-0.6616	9.1088
5.2300	-0.1723	2.4054	9.8656
5.2400	1.2239	1.0780	9.5007
5.2500	0.6317	-0.9900	8.8109
5.2600	1.0008	0.8297	9.0849
5.2700	0.2393	0.8889	11.1002
5.2800	0.1944	0.6365	11.0799
5.2900	1.6744	0.6329	10.2065
5.3000	0.0215	-0.3685	7.9555
5.3100	1.7856	-0.5372	9.3092
5.3200	2.5477	0.7083	7.9896
5.3300	0.4804	1.4201	8.3683
5.3400	0.9715	-0.1316	9.1818
5.3500	1.4363	0.9745	10.2358
5.3600	1.2646	0.6987	9.3003
5.3700	0.4995	-0.1771	10.7760
5.3800	1.3131	-0.4457	10.2550
5.3900	0.5731	1.5816	9.6107
5.4000	-0.3051	1.7312	9.2757
5.4100	0.2740	-1.5583	9.4660
5.4200	1.1324	0.5456	10.6241
5.4300	0.7495	1.6151	8.3976
5.4400	1.2652	-0.0945	10.0205
5.4500	-0.1292	-0.0090	10.2586
5.4600	1.3083	1.7252	9.5533
5.4700	0.4678	0.6132	12.0957
5.4800	1.0869	0.8722	10.1557
5.4900	0.4265	0.9015	8.5381
5.5000	0.7543	0.1286	10.0965
5.5100	0.0179	-0.6556	11.1912
5.5200	-0.8776	2.9868	11.4047
5.5300	0.8405	1.0504	7.7784
5.5400	1.2090	-0.0688	10.1575
5.5500	0.0820	0.0526	8.5160
5.5600	1.8012	0.2662	8.4550
5.5700	0.7208	-0.6586	11.1786
5.5800	0.2064	0.5910	7.3609
5.5900	0.8865	1.2610	8.1499
5.6000	2.3294	0.1968	9.4205
5.6100	1.4034	0.3296	9.1980
5.6200	0.1974	0.2656	9.4582
5.6300	-0.0042	1.2455	11.3617
5.6400	1.9890	1.0295	10.0570
5.6500	1.1180	1.6905	9.5204
5.6600	-0.0837	1.4411	11.2941
5.6700	0.8494	-0.0167	10.5002
5.6800	-0.1053	2.1428	9.7112
5.6900	0.4313	1.7246	8.8115
5.7000	1.2455	0.0323	10.5990
5.7100	0.0209	-0.4439	9.9930
5.7200	0.5198	1.2036	9.6113
5.7300	-0.6879	0.3045	11.4795
5.7400	0.2782	-0.3882	10.9519
5.7500	-0.0467	-0.0072	9.1011
5.7600	-0.4588	0.9188	9.7423
5.7700	0.6239	1.1976	10.8311
5.7800	1.6080	1.2538	7.7701
5.7900	-0.1107	1.2102	10.1856
5.8000	0.0251	-0.7125	9.6813
5.8100	2.4478	-1.0935	9.7848
5.8200	0.9828	1.4979	8.9306
5.8300	0.7962	-0.2327	10.2065
5.8400	0.1777	-1.0923	8.5405
5.8500	2.0542	1.0534	7.4279
5.8600	2.5543	-0.3787	9.0580
5.8700	1.0726	-0.5898	9.6239
5.8800	0.6221	2.0871	6.8225
5.8900	1.2353	1.5087	9.6149
5.9000	1.7581	-0.6209	10.3369
5.9100	2.2510	-0.3075	9.8213
5.9200	1.4327	-0.5348	8.3174
5.9300	0.5491	2.7948	10.1940
5.9400	0.2070	1.9011	11.5172
5.9500	0.9422	0.7418	10.6654
5.9600	1.2203	2.8175	10.0348
5.9700	0.2626	0.5037	9.9619
5.9800	0.2303	0.9990	9.3655
5.9900	-0.4917	2.1697	10.6325
6.0000	0.4134	0.6646	10.8328
6.0100	0.2650	-0.1364	10.2047
6.0200	-0.8626	-0.0939	10.0737
6.0300	1.0917	0.7196	9.3003
6.0400	0.1089	0.9069	9.5491
6.0500	-0.3470	1.4991	9.4983
6.0600	-0.5031	1.4692	11.0512
6.0700	0.5276	-1.0624	11.8731
6.0800	0.6640	-0.0197	9.6687
6.0900	0.7292	-1.9615	9.7794
6.1000	1.7001	0.0257	10.1030
6.1100	1.7013	-0.1914	9.0640
6.1200	1.1635	0.8608	8.1152
6.1300	0.4822	1.8652	10.8317
6.1400	1.5057	0.6144	8.7044
6.1500	1.6546	-0.6269	9.6454
6.1600	0.2824	0.3272	9.5102
6.1700	1.9699	-0.2130	8.4173
6.1800	1.8903	0.5097	9.0711
6.1900	1.1145	1.7013	7.8089
6.2000	-0.1591	0.2638	8.7972
6.2100	1.0947	0.3087	10.1545
6.2200	2.3258	1.4447	9.1770
6.2300	-0.5312	1.8742	11.6207
6.2400	1.2921	0.4594	8.4819
6.2500	0.1795	0.9266	10.2873
6.2600	-0.2171	0.5049	9.2422
6.2700	-0.5198	0.9194	10.6917
6.2800	2.7242	0.1932	9.8303
6.2900	0.8512	-0.4606	9.6592
6.3000	-0.2405	-0.2656	9.2470
6.3100	-0.1149	-0.1454	8.1643
6.3200	1.8257	0.3398	8.2887
6.3301	0.9721	1.3567	8.5340
6.3401	0.5689	0.9685	10.8580
6.3501	1.3023	0.5515	10.1569
6.3601	1.0008	-1.1850	7.4057
6.3701	0.6622	0.0383	9.3936
6.3801	1.3681	1.3765	8.4418
6.3901	1.9669	-0.1705	9.7980
6.4001	0.8806	0.3559	8.5818
6.4101	-0.2309	1.1551	10.2681
6.4201	0.6628	0.8494	11.0350
6.4301	0.5533	-0.6066	9.0484
6.4401	-1.1982	2.5639	8.6506
6.4501	-0.5809	1.7462	8.8911
6.4601	2.0907	-0.8662	9.8662
6.4701	0.5091	0.6652	9.1214
6.4801	0.4134	-0.1801	8.8283
6.4901	1.5948	-0.2495	10.2825
6.5001	0.1765	0.1579	11.4047
6.5101	-1.3801	1.3053	10.0085
6.5201	0.1358	1.7892	10.3728
6.5301	1.4321	-0.2829	10.0660
6.5401	0.5844	0.6730	9.8590
6.5501	0.3206	-1.2927	9.4618
6.5601	0.8859	1.1623	9.2033
6.5701	2.0291	-0.1747	10.6426
6.5801	-0.2016	0.6879	9.7633
6.5901	0.1250	-0.6724	8.4897
6.6001	1.7593	0.7687	9.4378
6.6101	0.7657	0.4816	10.2376
6.6201	0.1268	2.0758	9.8452
6.6301	1.2652	0.6909	7.9681
6.6401	2.0692	-0.2267	8.5262
6.6501	2.0776	-1.6762	8.9138
6.6601	1.5613	-0.6820	8.6141
6.6701	2.1721	-0.8309	9.0544
6.6801	1.9017	1.3657	10.7844
6.6901	0.6090	0.7902	8.1164
6.7001	0.0544	2.8169	10.0504
6.7101	0.6138	1.6869	10.8185
6.7201	0.7824	-1.1390	9.8979
6.7301	-0.7352	2.1960	11.6793
6.7401	0.2094	1.1844	8.8821
6.7501	1.6851	2.0626	9.5467
6.7601	1.0032	-1.6630	10.2993
6.7701	1.2096	-1.8042	9.5425
6.7801	0.0371	1.6780	9.6969
6.7901	0.5599	0.9840	9.5306
6.8001	1.7432	-0.1196	8.6273
6.8101	0.8698	1.2467	9.9505
6.8201	1.3292	0.3230	10.5373
6.8301	-0.6479	0.1621	8.4945
6.8401	0.2070	1.5852	9.0939
6.8501	0.4810	2.8678	10.6875
6.8601	1.3531	-0.2465	10.9106
6.8701	0.5880	-1.2778	10.3064
6.8801	1.2963	-1.3824	7.7485
6.8901	0.9709	0.4564	7.5930
6.9001	-0.0508	0.0479	10.9160
6.9101	1.5679	-0.4582	8.1242
6.9201	0.8423	0.8734	9.0101
6.9301	0.9003	1.4482	10.1862
6.9401	-0.0927	0.2919	9.8889
6.9501	0.0802	1.3017	8.3288
6.9601	1.0636	1.4596	10.1730
6.9701	0.7418	0.4373	10.9178
6.9801	0.6945	-0.5605	10.8693
6.9901	1.8718	-1.2042	9.9074
7.0001	-0.0646	1.7025	9.2949
7.0101	1.4255	-0.4421	8.2797
7.0201	1.5619	-1.0684	8.6410
7.0301	3.1495	-0.9320	8.3198
7.0401	2.1021	-0.2483	8.7487
7.0501	0.7149	0.7741	10.0175
7.0601	0.2554	0.7143	9.8691
7.0701	0.8016	0.5055	11.0877
7.0801	1.3878	0.6909	10.7982
7.0901	1.1569	0.3978	10.4482
7.1001	0.7250	1.5266	8.2588
7.1101	0.5665	-0.1430	10.9591
7.1201	0.6425	0.1131	10.0522
7.1301	0.7137	-0.4385	10.6360
7.1401	-0.2812	2.8600	10.7940
7.1501	-1.7252	1.1462	8.6775
7.1601	0.2148	2.9186	10.8795
7.1701	0.9123	0.4720	10.1288
7.1801	-0.8321	0.8644	10.0348
7.1901	-1.0564	0.7687	8.7876
7.2001	0.8632	0.8602	10.3890
7.2101	1.6606	-1.3926	9.8991
7.2201	1.5224	0.2327	7.6576
7.2301	0.2495	0.5204	9.9009
7.2401	1.9866	0.3661	8.7481
7.2501	1.9615	-1.4566	9.2057
7.2601	1.8849	-2.0345	8.7750
7.2701	2.3563	0.9822	8.4849
7.2801	1.1844	-0.6239	8.6763
7.2901	1.9316	-1.3322	11.0267
7.3001	0.1525	-1.0558	9.0664
7.3101	2.6112	0.4977	8.0273
7.3201	2.6435	-0.4696	9.3535
7.3301	1.4524	-0.4851	9.0604
7.3401	1.9274	-1.4291	8.3874
7.3501	1.9729	0.7029	11.0608
7.3601	1.3460	-0.9912	8.6351
7.3701	1.5996	1.1396	7.7467
7.3801	1.0977	0.8435	10.1904
7.3901	1.1509	1.2102	9.8709
7.4001	0.2183	-0.0467	9.7220
7.4101	-0.3655	2.3994	8.5651
7.4201	0.0981	2.6285	11.4197
7.4301	1.4279	1.0151	11.9563
7.4401	0.3948	-0.7023	9.7100
7.4501	0.4265	2.8672	7.6893
7.4601	-0.8668	3.2548	9.9744
7.4701	-0.2058	0.9398	9.9074
7.4801	0.3176	-1.2096	9.9248
7.4901	1.1557	-0.3882	9.8949
7.5001	-1.1916	2.6345	9.6921
7.5101	-0.4863	-1.7725	8.5459
7.5201	1.6163	-2.0010	10.4039
7.5301	1.1797	-0.8405	9.1549
7.5401	-0.2632	2.6482	8.8307
7.5501	0.9117	1.3328	8.8480
7.5601	1.1677	-2.2612	9.1884
7.5701	1.5434	0.1418	9.8524
7.5801	-0.3589	0.2578	10.1001
7.5901	0.6742	0.8889	7.4847
7.6001	2.4323	-0.9769	8.2313
7.6101	-0.7029	-0.4068	9.6071
7.6201	-1.0923	1.1222	8.4556
7.6301	1.8431	1.3107	10.7485
7.6401	1.3483	-0.5204	10.8406
7.6501	2.4466	-1.6331	8.9066
7.6601	0.9170	0.6622	7.5840
7.6701	2.1392	-0.0676	10.5373
7.6801	0.8291	-1.8574	8.4478
7.6901	0.6790	-2.8056	6.0478
7.7001	-0.2148	1.2652	6.8452
7.7101	2.8995	0.6018	9.7447
7.7201	2.3982	-0.5916	11.4460
7.7301	1.2305	-2.1392	9.9625
7.7401	2.0082	0.6233	7.4099
7.7501	0.9924	0.6634	9.9810
7.7601	2.1069	-1.3436	9.4701
7.7701	-0.5761	1.1258	9.0867
7.7801	-0.4104	1.2269	8.9306
7.7901	0.2680	0.6090	10.3357
7.8001	0.3440	-0.7017	11.1188
7.8101	-0.8297	-0.5988	9.3122
7.8201	-0.1884	1.5757	9.0891
7.8301	0.9799	0.0263	10.3208
7.8401	1.6397	-1.8772	8.7936
7.8501	0.9703	0.0329	9.6987
7.8601	-0.4098	1.2377	9.1106
7.8701	1.5033	0.4439	8.8390
7.8801	1.2975	-0.0287	8.5884
7.8901	0.2961	-0.0461	9.6275
7.9001	1.2048	0.3153	9.8344
7.9101	2.1739	0.3320	9.0478
7.9201	1.6445	-2.1816	9.3607
7.9301	0.0879	-0.1896	8.3898
7.9401	1.3424	1.9663	9.9128
7.9501	1.9848	0.6610	8.9485
7.9601	0.8064	-0.8357	8.8558
7.9701	-0.6191	1.4225	9.9188
7.9801	-0.0646	1.8042	10.8903
7.9901	2.2917	0.4044	9.8099
8.0001	0.6371	-1.5290	9.2213
8.0101	-0.1322	-0.3733	9.7172
8.0201	0.1507	1.3262	11.3192
8.0301	0.8662	0.4265	10.4949
8.0401	-0.0162	0.2201	10.3992
8.0501	-0.3404	0.7950	9.3032
8.0601	-0.2692	1.1976	10.2634
8.0701	0.6808	-0.4881	9.0496
8.0801	1.8682	0.7645	10.6157
8.0901	-0.2895	0.9703	8.7954
8.1001	-1.0247	1.9298	10.8095
8.1101	0.7322	2.1745	10.0905
8.1201	0.6299	1.2437	10.4506
8.1301	1.6157	-1.4638	8.7732
8.1401	1.4016	-1.3866	9.7890
8.1501	1.1994	0.7795	9.4516
8.1601	1.6205	0.3123	10.3567
8.1701	0.9398	-2.4461	7.8538
8.1801	2.1894	-1.2132	8.9001
8.1901	0.6682	0.8931	8.8372
8.2001	1.4004	-0.6467	9.4193
8.2101	2.3378	-1.2203	8.7056
8.2201	0.3697	-0.3715	8.1409
8.2301	0.8106	-0.0407	7.6145
8.2401	1.7904	-0.0843	8.8773
8.2501	1.7850	-1.5206	8.6087
8.2601	0.7412	1.6044	9.0000
8.2701	-0.6664	1.6827	10.2819
8.2801	1.6211	0.3972	9.3553
8.2901	0.7974	0.8590	10.1036
8.3001	0.5426	1.0092	10.3034
8.3101	0.8506	-0.3751	8.9509
8.3201	1.1665	1.2903	8.6488
8.3301	0.0401	0.7669	10.3232
8.3401	0.4708	-0.4451	9.8679
8.3501	1.0056	0.8871	9.2267
8.3601	0.1705	2.1697	9.0382
8.3701	-0.1681	0.7101	9.8632
8.3801	0.8171	-1.8365	8.5393
8.3901	1.7683	-1.0684	9.2865
8.4001	0.7645	1.2568	10.3112
8.4101	-0.5707	1.6522	10.8879
8.4201	1.1001	-1.3723	9.4929
8.4301	0.7507	-0.6084	8.9240
8.4401	1.0038	1.1617	9.8781
8.4501	0.7484	-0.9595	8.0506
8.4601	2.3246	-1.1886	10.8406
8.4701	-0.3224	-0.4211	8.2552
8.4801	-0.7328	0.7507	9.8315
8.4901	0.9105	2.1673	9.3355
8.5001	2.0153	-1.2395	9.0735
8.5101	-0.0945	0.5725	9.4767
8.5201	-0.1178	0.4678	10.9519
8.5301	1.4859	1.5840	8.9694
8.5401	0.2291	0.8572	8.2055
8.5501	-0.8118	1.8592	10.3459
8.5601	1.4937	-0.1998	10.2209
8.5701	1.1180	1.3992	9.7806
8.5801	1.2688	0.4732	10.4195
8.5901	1.5350	-0.6006	9.5114
8.6001	2.8786	-0.4211	8.9904
8.6101	1.1683	-0.0054	8.1798
8.6201	1.3256	0.3619	10.3692
8.6301	-0.1561	-0.3410	10.4165
8.6401	-1.4225	1.1204	9.8482
8.6501	0.7495	0.9224	10.9304
8.6601	1.2072	2.4957	9.5545
8.6701	1.0181	1.0193	10.9345
8.6801	0.5641	0.6257	10.2681
8.6901	0.8106	-0.4570	10.3112
8.7001	0.8788	2.0291	8.3976
8.7101	0.4445	1.9675	8.3671
8.7201	0.6275	-0.7986	9.3218
8.7301	0.6084	-0.0329	8.8666
8.7401	-1.2772	2.0913	11.9934
8.7501	1.8215	-0.1729	9.4307
8.7601	0.5468	-0.7597	8.4717
8.7701	-0.9978	1.1868	9.0412
8.7801	-1.7270	1.1444	10.3076
8.7901	-0.3912	2.1099	9.8889
8.8001	0.1137	2.0135	9.0137
8.8101	2.3850	-0.9601	8.9288
8.8201	0.6945	0.2853	8.5824
8.8301	-1.1910	0.9559	10.9118
8.8401	2.1990	-0.5880	9.6915
8.8501	2.1858	-0.1519	10.3447
8.8601	-1.2550	1.5984	9.3918
8.8701	-1.1791	1.8772	10.7288
8.8801	1.4471	0.0682	10.8281
8.8901	0.9111	-0.4235	10.7742
8.9001	-0.1478	0.3589	10.3956
8.9101	1.5123	0.0903	11.3347
8.9201	2.7655	1.4064	9.7106
8.9301	1.2754	0.4684	10.3980
8.9401	0.7274	-2.3138	7.9950
8.9501	1.0869	-0.1035	8.1068
8.9601	0.8088	1.5224	10.0875
8.9701	1.1988	-0.3852	9.4091
8.9801	1.4171	-1.6469	9.3415
8.9901	0.5330	0.8285	9.0323
9.0001	0.4534	1.0923	10.5188
9.0101	1.2484	1.7892	11.1876
9.0201	1.2784	-0.1813	10.0977
9.0301	0.8142	-2.6871	9.1669
9.0401	2.2331	-1.2981	8.5208
9.0501	2.7517	1.5212	7.8113
9.0601	1.4859	-0.2937	8.9593
9.0701	0.9870	-1.9974	9.5156
9.0801	-1.0768	2.1918	10.0929
9.0901	-0.0987	2.0931	8.5782
9.1001	0.8375	0.6544	10.0265
9.1101	1.2102	1.5344	10.1162
9.1201	0.5605	-1.0804	8.9126
9.1301	1.9113	0.1023	9.8769
9.1401	-0.8883	1.7856	10.4937
9.1501	2.0297	0.6371	9.5222
9.1601	1.5284	-0.5737	10.4051
9.1701	-0.1645	0.1854	9.2356
9.1801	-0.7047	1.5745	10.9908
9.1901	3.6448	1.0786	10.3190
9.2001	2.4604	0.0879	10.8550
9.2101	1.2012	-2.7081	8.7212
9.2201	1.5553	-1.3974	9.0305
9.2301	1.5499	1.1635	9.7639
9.2401	0.6030	0.4493	8.4478
9.2501	0.1723	-0.9918	10.5798
9.2601	-0.9493	0.9817	8.7044
9.2701	-0.8441	2.0034	10.4656
9.2801	0.5252	2.5765	8.9048
9.2901	0.7298	2.1260	11.1631
9.3001	1.8132	-0.9894	6.4977
9.3101	-1.6534	1.6756	10.1341
9.3201	0.4325	1.5404	11.1912
9.3301	0.8058	1.5487	12.1232
9.3401	-0.0281	-0.0784	10.7814
9.3501	1.1575	0.6580	10.0672
9.3601	1.2048	2.2504	11.0279
9.3701	0.1089	1.7659	9.2865
9.3801	0.4558	0.0024	9.3631
9.3901	0.4163	-0.1902	9.4175
9.4001	-0.5767	0.8046	8.9300
9.4101	-1.6050	1.5709	11.6655
9.4201	0.8483	2.1523	9.8799
9.4301	0.6897	0.1490	11.2480
9.4401	-0.2644	0.7717	9.9828
9.4501	-0.0891	1.2867	9.3373
9.4601	1.2490	2.3318	9.7232
9.4701	1.3466	0.7549	10.1862
9.4801	0.7334	-2.4401	9.2829
9.4901	0.0293	0.6778	9.4546
9.5001	-0.4008	2.4903	11.8360
9.5101	1.2072	1.8580	10.2939
9.5201	-0.2327	0.2207	10.1503
9.5301	1.3980	0.8052	10.3082
9.5401	0.2213	0.1436	10.2035
9.5501	-1.5015	1.7773	8.9605
9.5601	0.7131	0.6006	9.6687
9.5701	1.8909	-1.9017	7.9681
9.5801	-0.2459	1.8114	9.6430
9.5901	-1.0959	1.5906	10.4147
9.6001	0.8590	0.4558	9.2285
9.6101	0.7896	0.6610	10.2544
9.6201	0.8895	-1.6851	9.6999
9.6301	1.5194	-0.9882	7.3645
9.6401	0.1226	1.5212	10.3465
9.6501	2.0782	-1.4913	8.8337
9.6601	0.3332	0.2841	10.6821
9.6701	1.1085	-0.0431	9.6867
9.6801	0.8608	-0.5731	8.9258
9.6901	1.0259	0.3942	8.1116
9.7001	1.5182	-0.6479	8.6446
9.7101	1.2191	-1.0660	8.3174
9.7201	0.1651	1.2365	9.6592
9.7301	-0.7681	1.7037	11.4861
9.7401	0.7316	0.6227	9.6257
9.7501	1.0510	-0.0251	10.4105
9.7601	1.3926	-1.8855	7.5224
9.7701	-0.1011	0.5366	8.6004
9.7801	0.8614	2.4658	8.0309
9.7901	2.0189	-0.7854	9.5904
9.8001	1.0325	0.4223	8.7027
9.8101	-1.2526	0.6341	9.4474
9.8201	0.5462	-0.0491	8.4418
9.8301	0.7926	1.5326	8.4215
9.8401	2.3509	0.1101	8.3485
9.8501	0.7196	0.8136	8.6309
9.8601	0.2931	-0.1244	10.4416
9.8701	-1.0343	1.6540	11.2648
9.8801	1.2419	1.0792	9.9044
9.8901	1.6606	-0.5234	11.2438
9.9001	-0.0873	-0.0239	11.4352
9.9101	1.1462	-0.6167	9.0801
9.9201	0.4798	1.2335	9.6269
9.9301	0.7866	-1.1168	9.1968
9.9401	0.4887	-1.8999	7.3453
9.9501	-0.6479	1.0708	10.6390
9.9601	1.3860	0.5695	11.8061
9.9701	1.7091	1.1091	9.7836
9.9801	2.4508	-0.2261	9.5282
9.9901	1.0762	-0.7591	9.9391
10.0001	1.2484	0.5408	7.6127
10.0101	-0.0275	2.5107	11.2247
10.0201	1.5458	0.1801	8.5597
10.0301	2.0835	-1.4309	9.1603
10.0401	0.3284	0.6999	8.4077
10.0501	1.0983	-0.8249	9.0107
10.0601	1.3376	1.8114	8.6051
10.0701	2.9641	-0.6903	9.7675
10.0801	1.2149	-1.8215	7.2981
10.0901	-0.5007	0.9733	11.1361
10.1001	0.4068	0.5898	10.4231
10.1101	1.6989	1.4949	9.6544
10.1201	0.7974	0.3386	11.3018
10.1301	1.2748	-1.0720	7.9932
10.1401	0.0407	0.7537	8.3413
10.1501	-0.9482	2.0913	10.2388
10.1601	1.1222	0.3649	10.8592
10.1701	0.9918	0.6048	9.9876
10.1801	1.2598	-1.3998	9.2081
10.1901	-0.4660	0.7926	9.4097
10.2001	1.2688	1.0445	10.7341
10.2101	1.3789	-0.1005	8.8761
10.2201	0.8500	-0.3565	8.4735
10.2301	0.5617	-1.1121	9.0759
10.2401	-0.0233	1.1641	12.1716
10.2501	1.2502	2.5035	8.1302
10.2601	2.6327	-0.4265	10.0755
10.2701	1.2245	0.2303	8.7385
10.2801	-1.1880	1.0552	8.6811
10.2901	-0.2572	2.4000	12.3625
10.3001	1.1480	1.8120	10.1778
10.3101	1.7150	-0.1543	8.6093
10.3201	1.1856	-1.2562	8.5932
10.3301	-0.0945	1.1761	9.2004
10.3401	-0.9655	1.7468	10.7970
10.3501	2.2821	1.6451	10.0151
10.3601	2.0620	-0.7777	9.9493
10.3701	1.1575	-1.6708	10.5505
10.3801	0.4403	1.1946	8.6578
10.3901	-1.0804	2.3671	11.5842
10.4001	0.4319	1.2084	10.9585
10.4101	1.4351	1.1079	10.3860
10.4201	0.8477	0.8536	10.0929
10.4301	2.0453	-0.8812	6.9876
10.4401	-0.0502	1.3771	8.0692
10.4501	2.1511	-0.4008	9.1585
10.4601	-0.1615	0.0018	9.1860
10.4701	-1.6343	1.5906	10.6516
10.4801	0.3679	0.4475	10.3615
10.4901	1.3011	1.5589	9.7531
10.5001	0.4558	0.0036	9.7896
10.5101	1.1186	-1.8766	8.7840
10.5201	-0.0604	2.1057	9.6610
10.5301	-0.5707	1.4758	12.4426
10.5401	-0.4235	1.2706	9.7088
10.5501	1.4417	-0.7137	9.5629
10.5601	2.1541	1.3412	4.9800
10.5701	-1.2072	0.6508	7.8107
10.5801	1.7228	1.1653	8.9826
10.5901	1.3286	0.3063	9.7890
10.6001	0.5151	0.1304	8.8887
10.6101	-0.1555	-1.0122	9.9044
10.6201	0.4666	0.0401	10.3663
10.6301	2.9641	1.0038	8.6817
10.6401	1.4339	0.3416	8.9976
10.6501	0.5372	-0.8381	9.7178
10.6601	0.7765	0.0012	10.7054
10.6701	0.7280	-0.3296	10.2161
10.6801	-1.1689	0.7866	10.3591
10.6901	-0.3828	0.6383	9.1190
10.7001	0.3912	1.0211	10.4823
10.7101	-1.2957	1.8915	9.8805
10.7201	-0.5569	0.9996	9.7298
10.7301	1.0379	2.7003	9.7011
10.7402	2.1326	-1.1635	9.9529
10.7502	0.9069	-1.1515	8.9904
10.7602	-0.5432	1.7246	8.7882
10.7702	0.7065	0.4857	11.4735
10.7802	1.2401	2.0494	9.2374
10.7902	0.3996	0.0054	10.2101
10.8002	0.9631	-0.6496	9.7387
10.8102	-0.0305	1.8472	9.9194
10.8202	-0.4175	0.7735	10.4464
10.8302	1.2586	1.0786	9.5479
10.8402	0.7681	-0.1089	9.5503
10.8502	0.4433	-2.0626	8.2115
10.8602	0.2913	1.4453	10.8376
10.8702	1.0845	0.4648	12.1106
10.8802	-0.0963	1.7982	9.7549
10.8902	1.9178	1.1055	10.3782
10.9002	1.3460	-1.8413	9.0430
10.9102	-1.1719	1.2275	9.7106
10.9202	-0.5336	2.1661	11.4663
10.9302	2.0584	1.3753	10.1138
10.9402	2.3587	0.1155	11.0913
10.9502	0.1711	-1.7557	9.5030
10.9602	1.0899	-1.3065	8.5908
10.9702	1.4321	1.3244	10.5194
10.9802	0.8488	0.9739	9.4486
10.9902	0.3930	1.0833	9.5772
11.0002	-0.1292	0.4355	9.8500
11.0102	0.4337	0.2524	8.5232
11.0202	-1.1097	1.8945	9.6490
11.0302	0.0215	1.2999	9.0406
11.0402	2.2821	-0.4457	8.8396
11.0502	0.1543	1.9573	9.9589
11.0602	0.2566	-0.4044	8.6428
11.0702	0.1729	0.8746	8.7200
11.0802	1.2353	-0.1077	10.0109
11.0902	1.0343	-0.5198	8.9617
11.1002	-0.2465	0.6796	10.5678
11.1102	1.5350	-0.2064	10.9010
11.1202	0.1364	1.5984	9.1022
11.1302	1.4524	0.8985	10.2340
11.1402	0.9691	0.1819	8.6285
11.1502	-0.3440	0.7125	9.6173
11.1602	0.6443	0.1041	10.0139
11.1702	2.0399	0.4636	10.5481
11.1802	-0.0586	0.1442	9.3655
11.1902	0.7986	-1.3878	9.7794
11.2002	1.5972	-0.4110	9.7902
11.2102	0.8812	-0.3344	9.1878
11.2202	0.4241	1.8670	8.0727
11.2302	1.4835	0.6215	8.2055
11.2402	0.4750	0.5809	10.1581
11.2502	1.0684	-0.5354	9.6131
11.2602	0.0395	0.9924	9.4737
11.2702	1.4871	1.5781	10.2113
11.2802	1.7791	-0.0377	9.0113
11.2902	1.0863	0.5474	11.0721
11.3002	-0.3021	1.3143	9.0783
11.3102	1.2012	-0.1771	10.2945
11.3202	1.1641	1.6439	9.3302
11.3302	1.8377	0.8656	9.2027
11.3402	1.1444	0.5186	10.3621
11.3502	-0.1609	1.7593	10.1102
11.3602	0.0963	-1.2861	9.8620
11.3702	0.6036	0.9320	9.2153
11.3802	1.4112	2.0028	10.1006
11.3902	1.2239	0.0227	9.4313
11.4002	-0.9314	0.0215	9.7746
11.4102	0.8871	-0.1765	9.2117
11.4202	0.9595	1.4973	11.3527
11.4302	0.4361	0.2375	7.4345
11.4402	-0.4211	-0.5850	10.4267
11.4502	0.5151	0.8530	10.7856
11.4602	1.2849	0.7232	11.5022
11.4702	1.5984	1.4776	8.5100
11.4802	1.8634	-0.7095	8.7314
11.4902	0.2034	-0.8136	9.9068
11.5002	1.3753	-0.0592	9.8919
11.5102	-0.3709	-0.7071	10.2526
11.5202	0.7741	0.8746	8.6697
11.5302	2.6100	-1.3202	9.9349
11.5402	1.1085	0.4624	10.2161
11.5502	-0.0042	2.2349	11.4544
11.5602	0.3392	0.1872	11.2211
11.5702	2.2762	1.9017	8.9784
11.5802	3.1304	0.2088	9.1555
11.5902	0.9972	-0.2477	9.3463
11.6002	-0.0861	0.5785	10.0977
11.6102	1.2281	-0.4026	11.4305
11.6202	2.7188	2.0429	8.5567
11.6302	0.5025	1.3041	9.8883
11.6402	0.7513	-2.3970	7.7001
11.6502	0.1268	0.8728	9.6999
11.6602	1.1348	0.7292	12.5742
11.6702	0.5444	1.2855	8.8462
11.6802	0.1119	0.5737	9.9188
11.6902	1.0265	-0.7579	10.4913
11.7002	0.9882	-1.1898	9.3930
11.7102	0.1472	-0.6933	10.4979
11.7202	-1.3884	1.8574	11.5549
11.7302	1.3962	0.7454	8.6602
11.7402	1.7091	1.2790	9.9966
11.7502	0.5683	-1.2048	10.0235
11.7602	0.0987	1.4165	10.3274
11.7702	0.7986	1.0816	9.2548
11.7802	0.9607	0.8435	10.5379
11.7902	1.5888	0.0138	11.1110
11.8002	2.1039	-1.3705	6.6077
11.8102	1.5816	-0.1304	9.6801
11.8202	0.8100	2.3856	10.7347
11.8302	1.4447	0.9236	9.3876
11.8402	2.0865	0.7771	10.0995
11.8502	1.2155	-1.5978	8.3730
11.8602	-0.4576	1.5954	8.8319
11.8702	-0.6999	1.6498	10.6163
11.8802	2.2576	2.2774	8.9216
11.8902	2.1194	-0.8919	8.3659
11.9002	0.6670	-1.7025	8.2827
11.9102	-0.8859	0.0329	8.5561
11.9202	0.3164	-1.1755	9.8482
11.9302	2.2905	1.2784	8.7158
11.9402	1.4614	-1.3705	7.9525
11.9502	0.0832	-2.7134	6.8805
11.9602	0.5515	0.0018	10.6911
11.9702	0.8243	-0.9152	11.2534
11.9802	0.0586	1.9519	9.4462
11.9902	2.8995	-1.0971	8.1074
12.0002	0.8997	-1.1019	9.9343
12.0102	-1.3292	0.7968	9.5395
12.0202	-0.9517	1.3525	11.6165
12.0302	1.1222	1.5428	8.1768
12.0402	2.0327	-1.2730	6.8147
12.0502	0.4869	-1.0229	10.2538
12.0602	-0.0754	0.6251	11.2241
12.0702	-0.6455	0.5671	10.7114
12.0802	1.4076	2.1954	9.8679
12.0902	1.5595	-0.5904	9.0915
12.1002	0.2315	-0.2536	10.2454
12.1102	0.2435	1.5577	9.8255
12.1202	0.5635	-0.0837	9.8004
12.1302	1.0786	1.4871	9.1878
12.1402	1.3615	-1.2550	9.8027
12.1502	0.2315	-1.0110	8.7176
12.1602	-0.4014	0.4875	10.1952
12.1702	0.1388	0.6772	10.9842
12.1802	1.0151	1.0827	8.6805
12.1902	1.5356	1.6319	9.8662
12.2002	0.9996	0.5862	10.4620
12.2102	-1.0492	-1.2269	8.5615
12.2202	-0.3906	1.5793	8.3820
12.2302	0.5390	1.6229	11.7391
12.2402	1.0786	0.6634	9.7974
12.2502	1.0762	-0.8171	10.1162
12.2602	1.4662	-2.0064	10.1467
12.2702	0.2764	0.3900	8.6351
12.2802	-0.8285	2.4580	10.4530
12.2902	0.8309	1.5493	11.5304
12.3002	1.5619	-0.6263	9.1471
12.3102	1.0104	-1.5212	8.8283
12.3202	-0.1956	0.6634	9.7034
12.3302	-0.6670	1.1623	11.6853
12.3402	1.3633	1.6319	8.7607
12.3502	2.7870	-0.3691	9.1352
12.3602	-0.4002	-0.8279	8.8857
12.3702	-1.6959	0.1131	10.4697
12.3802	1.1282	-0.0263	10.4853
12.3902	1.4016	2.3886	10.2843
12.4002	1.0301	0.1771	10.5762
12.4102	0.0066	-0.6078	9.5509
12.4202	-0.3529	1.1228	9.8847
12.4302	0.5438	1.3328	10.6295
12.4402	-0.1448	1.9597	9.9942
12.4502	1.0253	-1.3340	8.8522
12.4602	0.0485	-0.6084	10.3238
12.4702	0.7131	-0.0173	10.1916
12.4802	0.1908	0.4804	9.5258
12.4902	0.9864	1.5822	8.4801
12.5002	2.5250	-1.2646	9.6101
12.5102	1.6905	0.6329	10.4937
12.5202	-0.8070	-0.7172	9.1633
12.5302	0.0317	0.5653	9.1489
12.5402	1.3555	1.4399	9.2530
12.5502	1.5559	1.0600	10.5768
12.5602	1.7629	-0.1328	9.4109
12.5702	0.6969	-1.1509	9.5970
12.5802	0.7956	0.4923	9.9870
12.5902	0.8291	1.2179	10.8215
12.6002	0.9278	1.4913	9.4827
12.6102	2.7655	-0.8040	8.7936
12.6202	1.1396	-1.2215	8.5023
12.6302	-0.5127	0.9870	8.5495
12.6402	-0.1023	0.0353	11.2516
12.6502	2.2104	1.9789	8.8767
12.6602	0.6520	-0.4648	9.0496
12.6702	0.0754	-1.1372	8.9084
12.6802	0.0078	2.2038	9.6161
12.6902	1.2897	-0.0485	10.7784
12.7002	1.2879	2.0130	9.3242
12.7102	1.9202	0.5025	10.4003
12.7202	1.4165	0.5228	10.4512
12.7302	0.6999	-1.8676	7.4422
12.7402	0.1352	0.6676	8.4269
12.7502	0.5007	2.7057	10.9465
12.7602	1.0624	1.4058	9.0167
12.7702	1.2813	0.7202	9.9696
12.7802	0.0975	-1.0881	8.8193
12.7902	0.0694	-0.5162	9.3661
12.8002	0.7346	0.2829	10.3555
12.8102	1.6492	1.5846	8.8528
12.8202	2.2923	-0.5049	8.4484
12.8302	1.1904	-1.4907	7.8185
12.8402	0.6987	-0.0981	9.3613
12.8502	-1.0146	0.8291	10.6564
12.8602	2.1505	1.6056	9.2261
12.8702	1.1079	0.2895	10.3046
12.8802	0.8273	-0.5103	9.7992
12.8902	1.1749	-1.3322	9.7142
12.9002	-0.0239	-0.1615	8.4496
12.9102	0.1107	-0.2088	11.5010
12.9202	1.4650	-0.0311	8.8785
12.9302	1.1886	0.0329	9.5377
12.9402	-0.0485	-2.3856	8.9042
12.9502	-0.0431	1.3442	8.7320
12.9602	-0.5180	1.0283	10.5750
12.9702	1.1408	1.6325	10.2311
12.9802	1.6672	-1.1557	7.6241
12.9902	0.9224	-1.5541	7.9806
13.0002	0.2303	1.3699	8.6572
13.0102	-1.0367	1.1258	10.5349
13.0202	0.5683	1.3166	9.5066
13.0302	1.9896	0.1567	9.5587
13.0402	0.4672	-1.5188	9.4851
13.0502	-0.3523	1.1545	10.6893
13.0602	0.3511	0.3685	11.7050
13.0702	2.1643	1.2185	8.2534
13.0802	1.7509	0.2991	8.6829
13.0902	0.6933	-1.6833	9.4354
13.1002	0.0048	-0.5868	8.6817
13.1102	1.0116	0.1214	9.0131
13.1202	0.3218	0.4905	8.8516
13.1302	2.2498	-0.9003	8.3880
13.1402	1.9047	0.6879	10.1617
13.1502	0.3834	-0.5731	10.3274
13.1602	-0.0179	0.7645	9.5970
13.1702	-0.2889	2.7721	9.7100
13.1802	1.0528	2.3186	9.6191
13.1902	1.4339	0.5647	9.5186
13.2002	0.3667	-1.6941	9.3212
13.2102	-1.2281	1.3693	10.1653
13.2202	0.2387	0.2548	11.4514
13.2302	1.1013	2.0632	9.7232
13.2402	0.8584	0.6867	8.8343
13.2502	0.3966	0.2824	10.2059
13.2602	-1.0205	0.8195	9.5449
13.2702	0.5174	0.7083	8.4915
13.2802	-0.0335	1.3938	11.7218
13.2902	1.0905	1.5392	8.3234
13.3002	2.1870	0.2201	9.6502
13.3102	0.2112	-0.6036	10.0875
13.3202	-0.7053	1.2197	10.4679
13.3302	-0.3470	1.9394	11.7391
13.3402	1.3585	1.9639	10.1024
13.3502	1.9148	0.4181	9.7304
13.3602	-0.6945	-1.1695	11.1463
13.3702	0.4313	0.5946	10.2526
13.3802	0.3619	-0.1555	8.6626
13.3902	0.0096	0.6897	9.7465
13.4002	0.7908	0.9817	9.3260
13.4102	1.7336	-1.5685	8.5316
13.4202	-0.1591	0.0293	8.2923
13.4302	0.8405	1.1605	9.5736
13.4402	-0.0491	0.2423	10.2987
13.4502	0.9290	2.1464	10.2364
13.4602	1.5775	-0.0778	9.0915
13.4702	0.4223	-1.4506	9.7794
13.4802	1.1162	0.3422	10.1300
13.4902	0.2638	-0.2824	9.9625
13.5002	0.1974	1.3454	10.0486
13.5102	1.6050	1.0558	10.7186
13.5202	1.5637	-0.6520	8.7015
13.5302	0.8417	0.0126	7.9585
13.5402	0.2925	1.2006	10.7012
13.5502	0.9972	0.7681	10.4327
13.5602	0.6443	0.8590	10.6588
13.5702	-0.9027	0.9613	9.8626
13.5802	0.1478	-0.2088	8.4753
13.5902	0.0491	0.1454	9.3744
13.6002	1.0163	0.0520	9.3547
13.6102	1.3585	-0.5850	9.1459
13.6202	0.4295	-0.0556	8.5190
13.6302	0.0449	2.2774	11.0015
13.6402	0.8548	-1.0092	10.3112
13.6502	1.7713	-0.6401	9.3338
13.6602	-0.6287	0.5097	8.5471
13.6702	0.1149	0.3589	9.4283
13.6802	1.9651	0.2572	9.0466
13.6902	0.7089	0.7567	10.2586
13.7002	-0.4223	0.8494	10.6893
13.7102	-0.4600	0.2291	9.6592
13.7202	1.5619	1.8550	8.0548
13.7302	1.3531	0.2524	11.2031
13.7402	-0.7041	0.2213	8.8522
13.7502	0.5031	0.7406	10.0612
13.7602	1.0026	0.5372	8.6560
13.7702	0.8213	0.2512	10.1916
13.7802	1.2538	0.1161	10.3692
13.7902	1.0959	0.8518	8.7661
13.8002	0.8865	0.8746	10.2388
13.8102	1.5278	0.0814	9.7417
13.8202	0.1980	0.0377	9.3272
13.8302	0.4510	0.1436	9.9068
13.8402	0.8500	1.7013	9.7124
13.8502	0.8237	0.7926	10.1569
13.8602	0.6682	-0.0712	9.2733
13.8702	0.6090	1.2233	8.3802
13.8802	1.1264	1.1653	10.6073
13.8902	0.3727	1.4680	9.9343
13.9002	0.8429	0.2500	9.2680
13.9102	1.1192	-0.2363	9.3391
13.9202	1.0157	0.1208	10.7018
13.9302	1.0768	0.6814	9.1633
13.9402	0.9553	0.1119	9.2817
13.9502	0.5013	-0.6526	9.5060
13.9602	0.9876	0.8955	9.9619
13.9702	1.0660	0.3948	9.8937
13.9802	0.8261	0.4307	10.3435
13.9902	1.2658	0.8124	8.9389
14.0002	1.0959	0.2913	10.0414
14.0102	0.4570	0.6849	9.7082
14.0202	0.7292	-0.4917	8.2265
14.0302	0.3834	0.7633	10.3298
14.0402	0.9147	0.7795	9.0047
14.0502	1.0217	0.0102	9.5587
14.0602	0.9990	0.4104	9.3882
14.0702	1.0433	-0.1448	9.5766
14.0802	0.5737	0.6024	9.8949
14.0902	0.7519	0.2309	9.6275
14.1002	0.3206	0.6012	9.3571
14.1102	0.7131	0.6532	10.8574
14.1202	0.6096	0.0502	8.9796
14.1302	0.5414	0.9087	10.0570
14.1402	0.6108	0.1077	9.8775
14.1502	0.7334	0.5725	9.6311
14.1602	0.8536	0.5168	9.9834
14.1702	0.8865	0.1836	10.0761
14.1802	0.6329	0.5157	9.3511
14.1902	0.7729	0.0209	9.6592
14.2002	0.6658	0.4349	9.6777
14.2102	0.6215	0.2620	9.5802
14.2202	0.7005	0.5509	10.4183
14.2302	0.6999	0.5689	9.8817
14.2402	0.2512	0.6999	10.1449
14.2502	0.9888	0.6132	10.7479
14.2602	0.9141	0.4481	10.0827
14.2702	0.1119	0.6126	9.8805
14.2802	1.4147	0.1944	9.6520
14.2902	0.6742	0.7101	10.0803
14.3002	1.1043	0.1496	9.5413
14.3102	0.6598	-0.0431	10.0145
14.3202	0.7783	0.0173	9.9122
14.3302	0.3499	0.5533	9.4642
14.3402	0.5904	0.5521	9.2428
14.3502	0.7561	-0.2165	9.7812
14.3602	0.6425	1.0421	9.2033
14.3702	1.2915	0.4600	10.1862
14.3802	0.8315	0.6670	9.7519
14.3902	1.2455	0.3350	9.5312
14.4002	0.8441	1.1952	9.9290
14.4102	1.1743	0.2512	9.0101
14.4202	0.4965	0.9117	9.4941
14.4302	0.3679	0.7214	9.2608
14.4402	0.3027	0.6329	10.5014
14.4502	0.9452	0.2824	10.2233
14.4602	1.1539	-0.1107	8.5411
14.4702	1.0612	0.4857	10.5218
14.4802	0.5444	0.0467	9.3637
14.4902	0.4947	-0.2393	8.2026
14.5002	0.7549	-0.0263	8.8684
14.5102	0.8949	0.3619	9.8763
14.5202	0.8578	-0.0497	9.4731
14.5302	0.9996	-0.1519	9.3541
14.5402	0.9846	0.6006	9.8811
14.5502	1.1019	0.3876	9.8500
14.5602	1.3489	0.4839	9.2261
14.5702	1.2568	0.4152	9.3266
14.5802	0.6251	0.0879	9.7962
14.5902	1.0762	0.3182	9.6753
14.6002	0.0963	0.5521	9.3786
14.6102	0.3745	0.9248	9.2500
14.6202	0.6419	0.5342	9.7866
14.6302	0.6939	0.8632	9.5090
14.6402	0.5354	0.4391	9.9254
14.6502	0.8058	0.0987	10.1982
14.6602	0.0461	0.8321	9.7244
14.6702	0.6287	0.4564	9.7094
14.6802	0.3482	1.2455	9.6448
14.6902	1.0391	0.0365	9.1471
14.7002	0.8548	0.2136	9.6981
14.7102	0.5204	-0.1406	9.8482
14.7202	0.6138	-0.1735	9.5288
14.7302	0.1771	0.8183	9.6574
14.7402	0.6544	1.0821	9.5042
14.7502	0.8997	1.3286	9.8153
14.7602	0.9649	-0.0120	9.2997
14.7702	0.9846	0.0652	10.0624
14.7802	0.6245	0.3314	9.9619
14.7902	0.5079	0.3811	9.4259
14.8002	0.7352	0.5575	9.8410
14.8102	0.6317	0.8399	9.8991
14.8202	0.8124	-0.1178	9.6083
14.8302	0.6048	0.1819	9.5575
14.8402	0.6592	0.6676	9.4450
14.8502	0.7813	0.8303	9.5778
14.8602	0.6634	0.7220	9.4809
14.8702	0.6849	0.2453	9.5688
14.8802	0.7753	0.3643	9.7411
14.8902	0.7166	0.0855	9.6604
14.9002	0.9470	0.2070	9.4947
14.9102	0.7824	0.4092	9.5784
14.9202	0.6891	0.1723	9.4283
14.9302	0.7639	0.4756	9.6071
14.9402	0.6060	0.0915	9.5617
14.9502	0.7597	0.5055	9.5419
14.9602	0.8094	0.2997	9.3924
14.9702	0.5174	0.3338	9.8500
14.9802	0.9631	0.4726	9.2721
14.9902	0.5330	0.7400	9.7220
15.0002	0.4780	0.6915	9.7471
15.0102	0.6831	0.0126	9.8691
15.0202	0.9117	0.5509	9.6711
15.0302	0.7956	0.1280	9.7346
15.0402	0.7866	0.3846	9.7184
15.0502	0.8907	0.0616	9.4277
15.0602	0.7424	0.6927	9.3439
15.0702	0.7232	0.7388	9.7836
15.0802	0.6449	0.4522	9.6658
15.0902	0.6449	0.7980	9.6891
15.1002	1.0875	0.4684	10.0378
15.1103	0.7328	1.0169	9.4863
15.1203	0.6664	0.2303	9.7088
15.1303	0.7807	0.0849	9.4678
15.1403	0.5450	0.1430	9.6502
15.1503	0.8165	0.6353	9.6179
15.1603	0.6520	0.7992	9.5760
15.1703	0.7131	0.6203	9.4618
15.1803	0.6347	0.3996	9.7316
15.1903	0.8028	0.1663	9.5060
15.2003	0.5868	0.3176	9.8997
15.2103	0.6299	0.1029	9.5940
15.2203	0.7651	0.9775	9.4660
15.2303	0.8046	0.4181	9.2877
15.2403	0.2363	0.5874	9.4707
15.2503	0.9302	-0.0275	10.0241
15.2603	0.8758	0.5874	9.6430
15.2703	0.7783	0.3607	9.5796
15.2803	0.8183	0.5976	9.5688
15.2903	0.7322	0.7920	10.0193
15.3003	0.6191	0.3619	9.7447
