accelx	accely	accelz
0.5856	-0.6048	8.6476
0.1836	0.6395	9.6693
1.1832	1.2580	8.1714
0.5557	0.9266	8.1116
1.1940	-0.1507	8.2773
-0.0024	1.0666	9.6975
0.6951	-0.9314	10.0845
1.0660	0.7908	10.2885
0.3326	0.0251	10.3902
1.0116	0.2800	9.8853
0.9434	0.5252	10.0797
0.7711	-0.2800	9.0705
0.8219	0.8686	8.9455
0.9051	-0.1047	9.9254
0.1687	0.3386	9.3302
1.3280	-0.3864	9.8410
0.6060	0.0724	10.3411
0.5198	0.9924	10.1772
0.2979	0.1125	8.9862
0.8728	0.1214	10.0534
-0.3422	0.4008	9.7752
0.4421	0.0562	9.9613
1.6780	0.2070	9.0353
0.3811	0.8770	9.7794
1.4255	0.2297	10.1575
0.4241	0.4152	11.0410
1.1300	-0.3188	9.0023
0.8626	0.9141	10.4386
0.9164	-1.0163	11.0572
1.0044	0.5252	8.3874
0.8614	-0.4367	9.2703
0.4558	0.0221	10.7664
0.1860	0.6999	10.7306
0.6843	0.0718	9.7980
0.7896	-0.0449	9.7824
0.8309	0.1729	9.4929
0.5545	0.5031	9.5060
1.1013	0.0203	9.4354
0.7705	0.7071	9.4349
0.4863	0.4642	10.2765
0.4654	0.3206	9.9499
0.6700	-0.2638	10.0289
1.1468	0.0090	9.7645
0.8524	0.1436	9.8201
0.4546	-0.0957	9.2937
0.4618	0.8022	9.6640
0.7980	0.2016	10.2335
0.7765	0.4122	9.7531
0.6024	-0.4253	11.1942
0.7902	-0.5438	10.1796
0.8931	0.3954	9.4073
0.2919	0.7484	9.2835
0.7334	0.1944	10.3268
0.5097	0.3075	9.3505
0.7083	-0.1639	9.6909
0.0221	0.7675	9.2889
0.4110	0.5563	8.7924
0.9577	-0.0544	9.2057
0.9296	1.2670	9.5300
0.9487	0.3458	8.5848
0.4481	0.5396	9.0915
0.4397	-0.1376	10.2209
0.9476	0.0760	10.4931
0.3565	0.1376	9.9050
0.5121	-0.4947	9.3068
0.6622	0.4056	9.2470
0.4510	0.6640	8.1200
0.8973	0.4929	8.6542
0.6574	0.5025	9.5533
0.9224	0.6508	9.5952
0.4792	-0.3081	10.7425
1.1922	0.1155	10.1994
0.6742	0.8889	10.3274
0.5408	0.1131	9.3732
1.1174	-0.4666	10.3214
0.8459	0.6586	9.5264
0.6808	-0.5103	9.3475
0.5390	0.0909	10.4530
0.5061	0.3272	9.4725
0.7980	-0.0843	9.6729
0.8740	0.0359	10.0827
0.4080	0.4062	9.7178
0.1723	0.8177	8.9994
0.8207	-0.3039	9.3284
1.0475	0.6849	10.0648
0.8931	0.8483	9.9278
0.3948	-0.3182	10.0815
1.2161	-0.0239	9.9732
0.4720	0.0413	9.6771
1.1737	0.4552	9.7830
0.2656	-0.0520	9.0329
1.1761	0.3649	9.0963
0.4768	0.6311	9.7974
0.3045	0.1932	9.2883
0.9793	0.0658	10.0546
0.9487	1.0409	10.0815
0.0096	-0.0754	9.6699
0.3834	-0.4211	9.3134
1.1581	0.8249	9.7585
-0.0108	-0.2237	9.8404
0.2853	-0.4804	10.1946
0.6843	0.0963	9.9152
0.8943	0.1089	9.2099
0.4588	-0.2716	9.6323
0.4504	0.7244	9.7399
0.1896	0.5079	9.4492
0.6395	0.3637	9.4181
0.0616	0.1011	9.0263
0.7884	-0.3153	9.6358
0.9787	0.3864	9.9050
1.1216	0.1807	8.8941
0.6018	-0.3936	9.6323
1.4722	1.4614	9.1698
-0.3093	1.2604	9.5186
1.2628	-0.4457	9.0999
1.1731	1.0534	9.5718
-0.8339	0.4080	10.7401
1.0199	-0.6945	8.5118
0.0413	1.1145	9.9918
0.9978	0.5928	10.1521
0.3218	0.1783	9.3822
0.9099	-0.7035	9.9451
0.9009	1.2622	10.4309
0.5874	-0.8632	8.4317
1.4967	0.1244	9.4480
0.3440	0.6963	9.8859
1.1880	-0.4002	8.7930
0.6568	0.6712	8.7972
0.7741	0.0502	9.2931
0.6496	0.4038	9.5377
0.3362	-0.3529	9.6442
1.3633	0.6114	10.5266
0.7992	0.0526	10.4997
1.4076	-0.0730	10.4003
0.2273	0.6377	9.6807
0.8010	0.3912	9.2201
0.7525	-0.0712	9.3631
0.7250	0.4606	9.2674
0.6502	0.4038	8.8008
0.9015	-0.2160	10.3022
-0.2572	1.5428	10.0534
0.8375	0.3296	9.9786
0.4229	0.7735	9.5760
1.1880	-0.1196	9.6538
0.4929	0.6598	9.8674
0.4654	0.2506	9.5359
0.9141	0.2112	9.3661
0.7729	0.2004	9.7423
1.4142	1.1695	9.4343
0.7723	-0.1358	9.8757
0.4989	0.7059	9.5162
0.9996	0.9954	10.2173
0.4457	0.2124	9.6000
0.7842	0.1226	9.7136
1.1551	0.0963	9.6801
1.2072	-0.0215	10.3788
0.4403	0.5402	9.5916
1.1521	-0.7406	9.7040
0.2309	0.5719	8.8719
1.1623	0.0748	10.1306
0.6060	0.8052	9.8153
1.2843	1.1605	10.2077
0.0054	0.3296	9.4713
0.5743	0.2303	8.8492
0.5958	-0.4140	9.9254
0.1268	1.5930	10.7066
0.5826	0.0239	10.1060
0.2315	0.5079	8.2343
1.5362	-0.1507	9.3230
0.5689	1.7797	9.4085
0.0102	0.1765	9.8291
0.7370	-0.0054	9.1525
1.1456	0.5988	10.9058
0.7304	-0.2034	10.6845
1.2598	-0.5581	9.1986
1.6379	-0.8106	9.6221
0.1753	0.9811	9.6227
0.9583	-0.1645	9.6388
0.9440	0.6473	9.0508
0.5659	-0.5922	9.8141
0.2148	0.0891	10.1102
0.2183	0.7190	9.7250
0.5234	-0.7872	9.2374
0.5671	0.5826	9.1208
1.3747	0.3685	10.5218
-0.0054	0.1801	9.6759
0.8722	-0.1143	10.3639
0.5838	0.4277	10.2263
1.0241	-0.4564	8.4418
0.6072	0.3781	8.7786
0.8393	1.0738	9.6861
0.5085	0.5408	9.5814
0.9093	0.5575	9.9511
0.0532	0.2094	9.3589
1.2831	0.2106	9.7334
1.0092	0.1693	10.5487
0.6742	0.3159	10.4931
0.9296	-0.5617	10.1892
0.6317	0.6341	9.1310
1.0953	-0.5803	9.1166
0.5743	0.0694	9.6388
1.0786	0.3966	10.0085
0.0042	-0.4564	9.2691
1.2305	-0.0179	10.1443
-0.2638	0.9739	10.3375
1.1276	-0.4528	9.4815
0.6664	0.5360	9.7232
0.7627	-0.2040	10.0977
0.2315	-0.1807	10.0779
1.5302	-0.2500	9.9529
-0.0927	1.1779	10.0109
1.0792	-0.6778	9.9493
1.1091	1.4614	9.6275
0.6461	0.3589	9.9128
0.5671	1.1252	10.2538
0.7077	1.1743	9.9230
0.0981	0.3703	10.2753
1.6959	-0.8823	9.8614
0.3344	0.5587	9.8931
0.8536	-0.7280	9.3595
0.9182	1.2903	9.7088
0.2818	0.6054	9.5605
0.7561	0.9015	9.9182
0.2243	1.4303	9.9708
0.4600	0.1932	9.8464
0.2913	-0.7639	10.4967
0.4606	-0.2441	9.8799
0.8333	-0.2142	9.8380
1.0433	-0.7675	9.2686
0.0072	0.6461	9.1788
1.0265	0.2692	9.6167
0.8327	0.8925	9.5210
0.3170	0.5204	10.1443
0.5318	0.6640	10.4590
0.3906	-0.4654	9.6095
0.6969	0.3781	9.6023
0.6999	-0.1202	9.5605
0.3990	0.0060	9.4719
1.7336	1.0433	10.4063
0.8626	1.1695	9.2518
0.3129	-0.5300	9.6107
0.7657	0.8943	10.8454
0.2483	-0.2632	9.9810
0.9350	0.1513	9.5318
0.5749	0.0341	10.2843
1.3579	-0.4277	9.7064
1.0415	0.0281	10.3830
1.7874	-0.7155	8.5208
0.4152	0.8764	9.3607
0.9416	0.5647	10.5278
0.5533	0.5587	10.3345
1.1444	-0.3541	9.4833
0.5282	0.6688	9.9206
1.2215	-1.1462	9.9074
0.7262	1.1408	9.5718
1.2831	-0.7807	9.0783
-0.0999	-0.0760	9.0382
0.9224	-0.1549	10.2029
0.6849	0.6449	9.9517
0.9673	-0.1220	10.0977
0.6467	0.3200	10.4069
0.8471	-0.4702	9.7657
0.2566	1.5882	10.3004
1.1001	-0.0120	9.6987
0.0963	0.4780	9.8877
0.2656	0.1107	9.1429
0.4552	0.2237	8.8528
0.7807	0.5545	9.5264
0.1364	0.1352	9.6741
1.4782	-0.8333	9.5892
0.4325	0.1687	9.2398
0.5336	0.9876	10.3118
0.1352	0.9158	9.8620
0.4546	-0.0467	9.1633
0.4642	0.4810	9.0496
0.2512	0.4636	9.2979
1.1832	0.0676	9.8709
0.3643	0.1741	9.2416
1.3723	-1.0947	9.3020
0.5091	1.0660	9.1669
0.8375	-0.1651	9.2333
0.7795	0.9422	9.8177
0.8973	0.7077	9.7621
0.5982	0.2967	9.5324
0.9757	0.2231	9.9116
0.0544	-0.2375	9.8446
0.6802	-0.0855	9.7675
0.1232	0.2393	9.8871
1.0558	0.2333	8.4095
0.5360	0.2818	9.3122
0.7795	0.7095	9.1393
0.2058	0.8291	9.0568
0.9996	0.3099	9.3074
0.8949	-0.0120	10.4111
0.1807	0.4199	9.7459
0.8506	0.3272	10.1336
0.6317	0.5569	9.9487
0.6616	-0.2399	9.1603
0.9344	0.2548	9.6664
1.0104	0.3045	9.3439
0.5115	-0.1490	9.0586
0.8698	0.7711	9.7561
0.1735	-0.5635	9.6711
0.4181	0.2530	9.9056
0.9984	-0.1813	10.1736
0.7645	-0.1089	9.7298
0.0993	-0.3093	9.0915
0.5324	0.0706	8.8360
0.8303	0.9452	8.7996
1.0181	0.0425	9.2291
1.0181	-0.2662	9.9116
0.7549	0.2082	9.5192
0.8907	0.2746	10.5601
0.3966	0.2171	9.4390
0.5109	0.1753	8.8588
1.1850	-0.7065	8.8175
0.4020	0.8130	9.4953
0.5019	0.5115	10.0857
0.5438	0.4869	8.5196
0.9422	-0.2889	9.3032
0.6377	0.3302	9.9056
0.7430	-0.2183	9.6083
0.9194	-0.1202	9.8727
0.8136	1.1641	10.1772
0.9344	-0.7095	9.3583
0.8500	0.4666	9.6735
0.2728	0.3966	9.7124
0.3565	0.7059	10.0295
0.9930	-0.0826	9.2542
0.5360	0.4839	11.2181
0.9565	0.6359	11.3970
0.3840	0.2889	8.8552
0.9105	-0.7926	9.1011
0.4558	1.2185	9.5240
0.5497	-0.0921	10.0683
0.5234	0.1645	9.6783
0.4989	0.0891	9.5078
0.2937	0.5761	9.8344
0.3894	0.0281	9.1710
0.5964	0.1723	9.8267
1.5194	0.5767	9.4019
0.5438	0.9009	9.4378
0.8082	0.0191	9.0173
0.4205	0.1884	10.0091
0.4098	0.6114	9.1956
0.8429	-0.0538	8.5836
0.3834	0.4851	9.1154
0.4684	0.4235	9.1220
0.9811	1.0600	9.7112
0.9428	-0.2764	8.7487
0.4774	0.6748	9.8171
0.8435	0.1633	10.2317
0.5109	0.0126	9.2010
0.9039	0.1723	8.6793
1.1174	0.9374	9.7393
0.4271	-0.1908	9.3696
0.8853	0.0544	9.5653
0.3242	0.5180	9.3738
0.6897	0.1723	9.1669
0.8536	-0.4193	9.3481
0.5174	0.6556	9.5515
0.8315	-0.1687	10.8251
0.7041	-0.1125	10.4823
0.7908	0.0921	10.0139
1.1551	0.0855	9.6580
0.5605	-0.0455	10.4482
1.0283	0.5067	10.1964
0.6024	0.0802	9.2715
0.3757	0.0365	8.2037
0.8596	0.3894	9.0257
0.8823	0.0239	9.4217
0.1573	0.0718	9.1752
0.9870	0.1825	10.2454
0.2315	0.4965	9.6269
0.6730	-0.0688	10.0761
0.5707	-0.0138	10.0079
0.7597	0.2429	9.7920
0.9894	0.0287	9.0765
0.5551	-0.1262	9.4899
0.7256	0.1872	10.3447
0.6694	0.3188	9.3487
0.5073	-0.0299	8.6237
1.2825	-0.0066	9.0717
0.4026	1.0092	9.8560
0.8506	0.4851	9.6245
0.7537	0.2776	10.6127
1.3011	-0.4038	10.3740
0.9476	-0.3745	9.5844
0.4319	0.2548	9.0634
0.5145	0.1448	9.3840
0.4415	0.7878	9.0562
0.7998	0.3015	9.0424
0.8465	0.6574	9.7651
0.5497	0.2530	10.3657
0.2052	0.8142	9.4091
0.9254	-0.1400	9.0897
0.6861	0.4804	9.4480
1.2233	0.5174	10.3782
0.2991	0.4134	9.4414
0.5653	0.2207	9.3978
0.8608	-0.1986	9.9092
0.5234	0.3529	8.7589
0.0790	0.1501	9.4438
0.9661	0.8524	10.0223
0.4935	0.1992	10.1814
0.8159	-0.2189	10.2305
0.5910	-0.1926	10.1312
0.8387	0.3565	9.6532
1.0570	0.2201	10.5625
0.6730	0.1914	9.9846
1.2012	-0.3529	10.4811
1.4016	0.1232	8.4323
0.1113	0.5390	8.9802
1.3340	0.2124	10.3112
0.0790	1.1408	11.5453
0.8291	1.4417	11.2462
1.0092	-0.3147	9.1184
1.6540	-0.6790	10.2723
0.3027	0.1807	9.9427
1.1940	-0.4510	10.2364
0.2124	-0.6586	9.8004
-0.0867	0.9224	9.7657
0.8889	-0.4929	8.2959
1.3184	0.7340	8.8474
0.7789	0.4421	11.2384
1.2012	1.1216	10.0755
1.3992	-0.8524	8.4077
0.5073	0.7178	9.4755
0.3817	0.1208	9.5479
0.6245	0.1657	9.3625
0.2094	0.9589	10.3202
0.7005	0.1567	8.8020
0.5886	-0.4247	9.0927
1.0361	0.5390	9.9870
0.2381	0.4642	10.0666
0.7968	0.0873	9.8201
0.9673	-0.0126	10.1569
0.2046	0.5390	9.7890
0.5480	-0.2883	8.7086
0.7065	0.3924	9.7609
0.9422	0.0999	10.2472
0.7244	0.0873	10.1844
0.2590	0.2351	9.5659
0.8381	0.2285	9.0825
0.6203	0.3296	9.9481
0.9499	0.0903	9.3188
0.4995	0.2459	9.8004
1.3322	0.2973	8.9473
0.7304	0.1490	9.2506
1.0151	0.2961	9.2243
0.6257	0.3613	9.7322
0.2082	0.8375	9.2727
0.7848	-0.4158	9.7034
0.2130	1.1485	9.9074
0.7196	-0.6532	8.1074
0.3852	0.5414	9.2482
0.2692	-0.8865	10.1778
1.0205	0.1346	10.1581
0.3009	0.1998	9.6741
0.9428	0.4582	9.3439
-0.0544	0.6508	9.2823
0.7842	-0.0012	9.2494
0.5575	0.8459	10.1712
1.1880	-0.7304	10.3405
0.3547	0.6084	10.1210
0.6951	-0.9117	9.9661
0.7735	0.1717	9.1160
0.6514	0.8494	10.1359
0.9069	-0.4349	10.2867
0.3093	-0.4564	9.7585
0.7902	0.2524	9.0831
0.2363	1.0504	8.7792
1.0140	0.8471	9.2261
0.3577	0.0742	9.5988
0.1131	0.9769	9.3397
0.4989	-0.2165	10.4901
0.8447	0.5964	9.1722
0.9906	0.3894	8.5734
1.1330	0.2728	9.8321
-0.2195	-0.3105	9.2159
1.3250	0.5025	9.5623
-0.0461	1.0391	9.3224
0.7890	0.1567	8.7212
-0.1932	0.8034	9.9302
0.6096	-0.4780	9.7704
0.7023	0.0622	9.9655
0.9661	-0.0054	9.9828
1.1198	0.1340	9.5521
0.6353	0.3703	8.9461
0.7286	0.4744	9.5383
0.8955	0.5354	9.4504
0.1250	0.3679	10.7856
0.5611	-0.0939	9.5174
0.9099	-0.2339	9.9206
0.8985	0.9039	9.8004
1.0163	0.0467	9.8333
0.7059	-0.1071	9.9302
0.3559	0.6407	10.1359
1.0056	0.4313	9.5527
0.5174	0.0132	9.2518
1.1222	0.3326	8.0333
0.9164	1.2502	9.8697
0.8602	0.2572	8.9090
1.0002	0.5898	9.9128
0.6042	0.6419	10.0737
0.3906	-0.0646	9.8368
0.8764	-0.2279	9.1950
0.6903	-0.0455	9.0329
1.0959	0.1723	8.9730
0.9523	-0.1418	9.1681
0.8028	0.6341	9.5587
0.7914	0.6036	9.2470
1.0313	0.1005	9.8823
0.0078	0.2315	9.8769
0.8088	-0.0383	9.3780
0.3739	0.4576	10.2059
0.9033	-0.2417	8.1146
0.7579	0.5509	9.3511
0.7603	0.6054	9.5013
0.5862	-0.0634	10.2179
0.8662	0.9170	10.1425
1.1605	-0.0724	9.0789
0.3990	0.9027	9.7489
0.7412	0.1137	9.8225
0.5384	-0.0532	9.9355
0.6329	-0.1436	9.4498
0.9727	-0.1268	10.0319
0.4193	0.4235	9.9631
0.4229	0.0090	9.9152
0.3302	0.6197	9.9152
1.3035	0.1292	9.9074
0.9446	0.3996	8.9982
0.4169	-0.0251	9.3320
0.9374	1.0624	9.2225
0.5222	1.0768	8.9647
1.4500	-0.0532	9.5611
0.2710	0.6257	9.7537
0.6909	-0.4708	10.9686
0.6401	0.6825	9.8153
0.7334	-0.2824	9.0251
1.0564	0.3787	9.4695
0.3464	0.3141	8.9647
0.1741	0.2471	9.6556
0.8626	0.5551	9.4989
0.8560	0.2542	9.2039
0.1615	0.0167	9.7399
-0.0796	0.3571	9.6795
0.8626	0.5133	10.5230
1.1468	-0.1603	10.1808
1.2473	-0.6377	9.4887
0.9093	-0.0329	10.5840
0.1268	0.2877	10.2035
0.7854	0.0371	9.3314
0.7436	0.2578	9.6897
1.0295	-0.1555	9.3218
0.1226	0.2309	10.3094
1.1055	0.2118	9.8117
0.6173	0.5234	9.5796
0.8387	0.1166	9.4719
0.5527	-0.0347	8.9994
0.7424	1.2538	9.9870
0.4199	0.2411	9.2177
1.1755	0.0263	10.0701
1.1497	0.0933	9.4725
0.6305	0.7131	9.2476
0.3320	0.0604	9.8679
0.5755	0.1196	9.7770
0.5797	0.2656	9.5700
0.6802	-0.3153	9.9032
0.2165	-0.0281	9.3469
1.0977	0.5539	9.5635
0.3170	0.1525	8.6817
1.0140	0.3894	8.7027
0.4259	0.3338	9.5545
0.4648	0.5324	9.6909
0.6126	0.4277	9.9248
0.6712	0.0742	9.8339
1.4632	-0.7525	9.9595
0.3906	0.6431	9.9792
0.9374	0.2776	9.7752
0.4959	0.5976	9.8674
0.4851	0.4851	9.3547
0.5115	0.9422	9.6759
0.3440	0.3715	10.6426
1.0947	1.1791	9.2147
1.0427	0.2800	10.0983
1.3998	0.3823	10.2209
0.9248	-0.2453	9.9206
0.7214	0.3063	9.4366
1.0947	-0.1352	9.3344
0.8991	-0.2016	9.3876
0.5145	0.6891	9.2045
0.6371	0.6443	9.1704
0.5617	0.7322	10.0127
0.4690	0.2536	9.6095
0.6790	0.4193	8.8995
1.2108	0.3828	9.2620
0.9296	0.4469	9.8967
0.4510	0.6245	9.6903
0.8243	-0.2626	10.4153
0.5832	0.0796	10.5308
0.9194	-0.4630	8.9802
0.7238	0.1819	9.4899
0.7424	0.9392	9.1728
0.3679	0.0407	9.8213
0.8291	0.1484	9.6472
-0.0167	0.4947	9.2476
0.7143	0.9152	8.0231
0.5037	1.2604	10.0067
0.9565	0.1890	9.8943
0.7789	0.5073	9.9678
0.6682	0.0939	10.0426
0.5234	0.7968	10.0695
0.8973	-0.3206	9.1908
0.5240	0.8399	10.1054
0.1029	-1.0002	9.7304
0.4199	0.3733	9.4642
0.9152	-0.5234	8.1272
0.8734	0.9320	8.6805
0.7184	0.4205	8.9808
0.9601	0.9117	9.5413
0.3996	1.0744	9.5240
1.2921	-0.4457	10.4177
1.2664	-0.2973	10.4309
0.3499	0.1496	9.7088
0.7890	-0.1543	8.9479
0.6897	0.5109	9.3930
1.1085	-0.1615	9.7088
0.2357	0.5043	9.8392
0.5665	-0.1807	9.5982
0.2542	0.6323	10.1868
0.7693	0.1789	10.1318
0.6156	-0.0179	10.4721
1.2586	0.2776	9.5808
0.6293	0.2471	10.6007
0.7567	0.5067	9.7866
0.1615	0.3823	9.2398
0.8937	0.6825	9.4851
0.2554	0.5264	8.8331
1.7025	-0.3045	9.1585
0.1292	0.8399	9.7471
0.9141	-0.8345	10.1072
0.0090	0.5438	9.9050
0.8333	-0.5982	9.1938
0.3422	0.4295	10.5984
0.8291	0.2937	10.5415
1.2604	-0.3846	9.2398
0.8315	0.0185	8.6793
0.6550	0.0598	9.4085
0.9661	0.7537	10.1688
0.7854	-0.1310	9.7507
0.7765	0.5001	9.6358
0.3242	-0.1836	10.3453
0.2835	0.8165	9.3948
0.7071	0.4923	9.5198
1.1946	-0.0473	10.3866
0.2644	-0.1220	9.7076
0.5892	0.4810	9.9403
0.5174	0.2459	9.4456
0.0550	0.3123	8.8887
1.0732	0.4540	10.0438
0.1705	0.6694	10.1503
1.7569	-0.8943	8.4335
0.2632	0.6239	8.8875
0.6604	-0.3176	9.3738
0.3039	0.4833	9.4672
0.7250	0.1149	9.0412
0.7113	0.5515	9.3720
0.5832	0.9033	11.0590
0.6377	-0.4612	10.3890
-0.2985	0.3559	9.7836
1.2538	-0.0126	9.0143
0.8375	1.4704	9.6131
0.7866	0.2411	9.8010
0.4391	0.5731	9.7872
0.4325	-0.3200	9.0813
0.6879	0.5791	9.2111
0.8572	1.0618	8.4353
0.9751	-0.2572	9.8889
0.2554	0.0473	9.9966
0.4564	0.3482	9.9260
0.7280	-0.1346	10.4799
0.4451	0.0598	9.7722
0.7352	0.0993	9.8339
0.7244	-0.0957	9.6945
1.2831	-0.0885	9.5934
0.2417	0.5133	9.1890
1.2712	-0.0431	9.0167
0.5749	0.7424	9.8063
0.6724	0.4146	9.5736
0.3458	0.3159	9.8781
0.7466	0.5773	10.2376
0.8076	0.2758	9.7423
0.1053	0.3003	8.9838
0.5815	0.4857	8.8157
0.4008	1.7803	9.2913
1.4076	-0.2237	10.4416
0.2590	0.5856	10.9004
0.2267	-0.3799	9.0448
0.0419	0.3003	8.6715
0.6383	0.3858	9.2165
1.1940	0.0305	10.7108
-0.0951	0.0096	10.6983
0.8435	-0.5282	9.8548
0.4851	0.7190	9.9433
0.4331	0.0598	9.1663
0.3571	0.2841	8.6985
0.8321	0.1729	8.8636
0.6556	1.5224	10.0211
0.7358	-0.3446	9.7160
1.1575	-0.2566	9.4953
0.2638	0.5838	9.8506
0.6610	0.0784	9.1232
0.8195	0.4893	9.6963
1.0325	0.3769	10.3555
0.2818	0.4887	11.1284
0.7884	-0.4887	8.5908
0.6496	0.4510	9.0113
0.9864	0.3529	8.1613
0.4654	0.3805	9.7848
0.5850	0.5689	9.4809
0.3488	0.9015	8.7451
0.3153	-0.0598	8.9964
0.4534	0.4020	9.3702
0.4319	0.5252	10.5984
0.6096	-0.5402	9.1076
0.9284	0.3727	10.7228
0.4056	0.0879	9.7316
0.9858	-0.8847	9.3834
0.0526	0.9284	10.2508
0.1597	-0.1633	9.6843
1.6044	-0.0891	9.4319
0.4163	0.6981	10.3998
0.7131	0.6479	10.1036
0.8764	-0.0879	8.5800
0.8124	-0.0855	9.4259
0.2148	0.6951	9.0502
0.6616	0.5928	11.2935
-0.2423	-0.1208	11.4819
1.0528	-0.3715	8.7487
0.6951	0.0473	9.3038
1.1587	-0.2656	9.2291
0.7603	0.2441	10.3124
0.5414	0.5545	10.0139
0.2500	-0.0676	8.2971
0.2064	0.1232	9.6574
0.2106	-0.3314	9.3314
0.7537	0.5318	9.7884
1.3388	0.0150	9.8159
0.8530	0.1854	9.8811
0.6730	0.0808	10.1246
0.2913	0.3290	9.5120
0.5079	0.4498	9.4025
0.4905	0.3236	10.2107
1.1444	-0.0598	9.1100
0.9314	-0.5593	10.0378
0.5509	0.4971	10.1766
0.5815	0.0365	9.6634
0.7908	0.0162	9.4390
0.2662	0.5491	9.1651
1.0409	0.2094	10.6043
0.6915	0.4822	10.5379
0.7466	0.0413	9.3296
0.6802	0.1065	9.3505
1.1623	-0.1166	10.0845
0.7388	-0.1460	9.0059
0.2847	0.4104	9.3272
0.6802	0.2584	8.9856
0.9499	0.3840	9.9080
1.2885	-0.3290	9.4725
0.3691	0.0855	9.6000
0.4965	0.4672	8.3395
0.7789	0.5103	10.5828
0.6981	0.4008	9.6023
0.9721	0.5378	10.1988
0.1011	0.9894	9.6233
0.2650	-0.3003	9.4127
0.6975	-0.2602	9.1782
0.9781	-0.2309	9.5718
0.3757	0.8112	8.8827
0.5330	0.9619	9.1011
0.7274	1.0989	9.6281
-0.1172	0.5456	9.4390
0.7107	-0.3374	9.9056
0.4415	0.2231	8.7463
1.1456	-0.5180	8.9485
0.1023	0.8991	10.0175
0.4169	0.6024	10.4943
1.0367	-0.1783	8.6237
1.4907	0.0401	8.9078
0.5982	0.4409	9.8303
0.6042	0.4020	10.1724
0.5844	0.4032	10.1659
0.9811	0.5850	10.2933
0.7137	-0.1944	10.1264
0.2453	-0.0802	10.1389
1.1862	-0.0461	9.5982
-0.6562	-0.1484	9.6472
1.3220	-0.5527	9.6335
0.6257	-0.0688	10.5278
1.2114	-0.7519	9.8279
0.7854	-0.1717	8.7894
1.2562	0.4152	8.8211
0.5162	0.4175	10.1485
0.1531	0.7597	9.9278
0.3410	-0.1053	9.5186
0.1059	0.1238	9.5036
0.9990	0.7155	9.2488
1.1491	0.7759	9.4612
1.1826	0.1095	9.1938
0.5916	0.6263	9.7220
0.3278	0.1729	9.5060
0.2112	0.6281	9.4337
0.3302	-0.2309	8.7104
0.1950	-0.2722	9.0305
1.0080	-0.0724	9.0939
0.7484	0.0473	9.8721
0.6903	0.7585	9.2739
0.8016	0.3392	10.4021
0.4062	-0.1178	9.9050
0.8058	-0.0072	9.6891
0.5647	0.2453	10.2783
1.2126	-0.3182	9.8195
0.1890	0.1196	9.8464
1.2203	-0.5073	9.3750
0.6676	0.8034	9.7914
0.9822	-0.1567	8.8014
0.1621	0.8106	9.7357
0.6461	0.0467	9.3720
0.4941	0.5958	9.7746
1.1115	-0.1932	9.6999
1.1946	0.3781	9.6059
0.9200	0.0784	9.4390
0.9834	0.8566	10.0247
0.4786	-0.0353	10.1024
0.3392	0.3003	10.2107
0.9649	-0.5288	10.2999
-0.0425	0.6592	9.2392
1.1013	-0.5049	8.9964
0.7472	0.7645	10.4368
0.8405	0.6736	9.8614
0.6574	0.3302	10.0839
0.8195	0.1926	9.7316
0.5258	0.0700	9.3355
0.7442	0.1478	10.2610
0.8752	0.1280	9.5880
0.6670	0.2806	9.6466
0.8040	0.0269	8.7996
0.5671	0.6275	9.7100
0.1753	0.4098	8.6590
0.3990	0.5659	8.8217
0.2495	-0.0987	8.4753
0.8124	0.4534	9.7639
0.6831	0.6831	9.5724
1.0582	0.1155	9.8010
0.8363	0.4564	9.1250
0.9182	0.3422	9.5904
1.0169	0.0861	10.5320
0.1813	0.3529	10.1850
0.8764	-0.2800	10.4374
0.5474	0.0108	8.3156
1.0600	-0.0628	9.3577
0.8273	0.6060	9.6795
0.4648	1.1354	9.4121
0.6090	0.5832	9.7202
0.7908	0.1262	10.1605
0.0790	0.6048	9.5204
0.5677	0.3284	11.0853
0.5785	-0.0814	10.3148
0.7842	-0.4397	9.7363
0.6335	0.4714	8.9772
1.1468	0.1304	9.6951
0.4678	0.4421	9.2117
0.4702	0.3906	9.6496
0.3075	0.1819	9.2925
0.4959	-0.0305	8.8743
1.1162	0.3033	8.7475
1.2796	0.0012	9.8344
1.0923	0.0132	9.8937
1.0594	0.7854	10.4608
0.9888	0.2489	10.3890
0.2213	0.3314	9.9726
0.8028	-0.2776	10.3268
0.3416	0.4666	8.9431
1.3400	-0.2148	9.2608
-0.0221	1.0014	10.0043
0.6969	0.2734	9.4857
0.7789	0.8279	9.9098
1.0558	0.2255	9.6687
0.1830	0.3260	10.0953
0.6855	-0.0317	10.5493
0.9691	0.1430	9.6765
0.5533	-0.2566	9.0795
1.6229	-0.8429	9.4803
0.6257	0.5180	9.7627
0.3727	-0.4756	9.0251
0.9206	0.9661	9.9009
0.1573	0.2333	9.2297
0.6395	-0.2668	9.2315
1.0175	-0.1890	8.8701
0.9338	0.1783	10.1461
0.7466	0.0975	10.7276
0.8931	0.4564	10.0953
1.0821	-0.7854	9.7854
0.0927	0.8829	10.0558
0.7848	0.2291	9.3661
0.6389	0.8333	9.7118
0.9242	0.2554	10.0235
0.0760	1.0367	10.0666
0.6538	0.3087	9.4145
0.3637	0.5761	9.3152
0.6843	0.2285	10.1503
0.4403	0.3045	9.6604
0.6341	0.5288	9.7716
0.9619	-0.3344	9.0765
0.4684	0.3613	8.6578
1.4752	-0.4337	9.2506
0.5587	0.8997	9.1980
0.7962	0.1496	9.4618
0.5719	1.0379	9.6897
-0.0562	-0.2064	8.6560
0.4893	0.6275	9.5659
0.6024	-0.5521	8.6662
0.1759	0.2237	9.7860
0.7639	0.6347	10.1431
0.5557	0.2483	10.4626
1.2245	-0.6646	8.8474
0.4247	0.3081	9.4857
0.9649	-0.1328	10.3585
0.3553	0.2626	9.1645
1.0702	-0.0592	9.7525
0.4935	-0.0054	9.8674
0.5210	0.2279	8.9898
0.6646	-0.2812	8.3461
0.9709	0.3583	10.6719
0.2512	1.1025	10.3250
0.2668	0.3141	10.8005
0.9583	-0.4241	8.6895
0.5832	0.4080	9.2171
0.9487	0.2734	9.9535
0.3559	0.5133	9.4881
1.1019	0.2782	10.3525
-0.1083	1.1372	9.0771
0.2243	-0.7334	8.3467
0.5491	0.4355	10.1168
0.9320	0.1848	9.9894
0.4175	0.5629	9.4863
0.8010	0.3117	9.6161
0.4152	0.1041	10.3256
0.5868	-0.2967	9.9290
0.9990	-0.0586	10.0881
0.5934	1.0780	10.0624
1.1061	0.0562	9.8237
0.6275	0.5001	10.7599
0.8405	-0.2824	10.3722
1.0606	-0.0485	10.4297
0.6688	0.8309	10.0875
0.4241	0.2118	10.0672
0.4804	0.4493	9.6855
1.5464	0.5838	9.1441
0.7310	1.2580	10.2119
1.1503	0.4618	9.7064
0.6616	-0.0682	10.0498
0.0508	0.9966	9.6999
0.6353	-0.0658	8.9222
0.8823	0.5486	8.5818
0.8806	-0.1454	8.8606
0.0664	0.9924	9.3499
0.5677	-0.2333	8.7900
1.1803	0.8554	8.3204
0.8889	0.6138	9.3936
0.5737	-0.2752	9.2273
1.5081	0.4822	9.0562
0.3894	0.8088	9.8697
0.9117	0.0622	9.7094
0.8165	-0.0975	10.8221
0.4331	0.4259	9.9690
0.5222	0.0508	10.2681
0.9242	0.3314	9.7680
1.1838	-0.0042	10.5810
0.4098	0.2429	10.0971
0.4265	-0.0957	9.7256
0.8895	0.3182	9.6317
0.8955	0.5821	9.2069
0.3218	0.0066	8.8355
1.1922	-0.1944	9.7537
0.5581	0.4582	9.0520
0.1059	0.6401	8.5968
1.3029	0.0156	9.8135
0.2483	0.7113	9.3577
0.4971	-0.0610	9.1687
0.4588	0.7501	9.2871
0.8351	-0.1789	9.2853
0.5486	0.6048	9.5377
0.6114	0.0951	9.9870
0.6820	0.1484	10.4488
0.7304	0.7155	9.0502
0.4199	-0.1932	8.8612
0.6287	0.3440	11.5483
1.2951	0.6251	11.2725
0.2046	-0.1998	10.3202
1.6815	-0.3936	9.4337
0.5809	0.2704	10.7599
0.2913	0.1519	10.7593
0.6873	-0.2578	10.3393
0.5001	0.3834	9.1722
0.4283	-0.0150	9.0807
0.8967	0.4487	8.5734
1.0983	0.3942	9.7950
0.3858	0.8925	10.1084
0.5366	-0.2279	9.5030
1.3154	-0.5115	9.1453
-0.1256	1.3029	9.5395
0.1735	0.8465	9.7657
0.5306	0.4349	9.3936
1.5834	0.0700	9.7722
0.4415	0.8536	9.5479
0.1280	0.1878	9.0568
0.3057	0.3374	9.7716
0.7824	0.5013	8.9874
0.6341	0.0395	8.8277
0.2560	0.3224	9.5090
0.1214	-0.1089	8.9557
1.0486	0.0221	9.1017
0.9811	0.1579	9.2231
0.5378	0.2052	9.9882
0.4977	0.4732	10.2101
0.8483	0.2267	10.3142
1.1551	-0.5444	10.3980
0.7310	-0.2967	9.5503
0.6263	-0.5348	10.8095
0.1992	0.0383	9.0478
0.1938	-0.2680	9.6370
0.9924	-0.1591	8.6973
0.5701	-0.0837	10.1880
0.2788	0.6449	9.7621
0.3703	1.2036	9.1543
1.1192	-0.3787	8.4370
0.4534	0.1442	7.8634
0.7430	-0.1842	9.6335
0.5079	0.6335	9.4941
0.2393	0.7107	8.1409
1.0163	0.5641	9.5946
0.9458	0.9840	9.2386
0.9775	0.4624	9.7842
0.2752	0.3643	10.5894
1.2269	-0.3386	9.8297
0.8058	0.5180	9.6275
0.5115	0.3649	10.2957
0.4241	-0.4409	9.1884
0.0867	0.6114	8.9617
1.4512	0.5587	9.7974
0.6144	0.2782	8.8630
0.8136	-0.1519	9.5473
0.5396	0.4504	9.7956
0.5647	-0.0479	8.0512
0.6568	0.2369	8.4975
0.4875	0.9541	10.4225
0.8142	0.1615	10.7222
0.6413	0.1956	11.3449
0.4636	-0.6425	8.5058
1.4500	-0.0245	9.5174
0.1525	0.3374	10.1922
0.6831	0.1729	9.0167
1.0301	0.4169	9.6831
0.3326	1.0433	9.3834
0.5749	0.1424	9.0801
1.0540	0.3721	9.9661
0.7047	1.0032	9.9439
0.6670	0.4026	9.6819
0.5862	0.2136	9.0849
1.9316	-0.5874	9.3762
0.5629	0.6245	9.9110
1.3986	0.0233	10.2921
0.2967	0.3649	9.8476
0.4451	0.1968	10.6372
0.8237	1.0140	10.3160
0.7304	0.0491	9.7399
0.9793	0.3876	10.3118
0.3499	0.6473	9.9397
0.9386	-0.0054	9.7453
-0.2441	0.6329	10.0845
0.6951	0.2800	9.3601
0.0742	0.1478	9.2111
1.2425	0.4080	9.6891
0.9332	0.1334	10.6127
1.3029	0.1460	9.9786
0.3589	0.6610	9.2063
0.6736	-0.0233	9.9732
0.8076	0.1011	9.2590
1.0816	-0.0299	9.9116
0.3715	0.9308	10.4506
0.7131	0.0185	10.7706
0.4265	0.1119	8.4981
0.6700	-0.0359	8.7409
0.4935	0.5659	8.8145
0.1669	0.8800	9.6041
0.6000	-0.2728	9.4552
0.3224	0.7890	9.8542
0.9422	-0.3494	8.5304
0.7017	0.4953	8.7176
1.0289	0.3912	10.2370
0.3105	0.3111	10.3094
1.2975	0.1753	9.2368
0.8835	-0.5396	9.5850
1.2640	-0.4229	9.9230
0.3655	0.7029	9.7866
0.8686	-0.2794	10.3980
0.4229	0.3990	9.1687
0.5575	0.2548	9.8524
0.5994	0.0604	9.2787
0.5976	-0.2124	9.2410
0.7932	0.6808	9.7453
0.5276	1.1019	9.8004
0.3751	-0.1244	9.9469
0.7017	0.8231	8.7529
1.1073	0.3763	9.8063
0.6419	0.5862	9.3720
1.4602	-0.1328	10.0169
0.6197	0.4684	9.7860
0.8985	0.4409	9.3613
0.1932	0.3003	9.3092
0.6574	0.3338	9.7220
0.4666	0.6658	10.5625
0.7268	-0.2189	9.3822
1.0050	0.1813	10.1312
0.3392	0.1992	10.2711
0.5204	0.7615	10.4757
0.8734	0.1789	10.0396
0.7101	0.3188	9.9864
0.8758	-0.0078	9.7944
0.6598	0.4588	10.1928
0.6502	0.4869	8.9778
0.7035	0.4415	9.4654
1.1791	0.0461	8.9533
0.3715	0.9846	9.6723
0.4666	-0.1585	9.5862
1.3394	-0.1531	9.6717
0.4457	0.2082	8.9754
1.1683	0.0508	9.4271
0.6072	-0.1388	9.2273
0.8261	0.6610	9.8105
0.8345	0.4379	9.5910
-0.0652	-0.3494	10.0516
0.7513	0.3302	9.2374
0.2177	0.3362	9.9248
1.0522	-0.6646	10.0277
0.4702	0.6257	9.6771
0.9422	0.1089	9.7034
0.3206	0.8154	9.7639
0.7256	-0.1980	9.5282
1.1168	1.0463	9.9068
0.5139	0.4594	9.2452
0.2554	0.4941	9.5718
1.0738	0.6825	8.4263
1.0229	0.0646	10.2305
0.6389	0.2734	10.0941
0.3470	-0.0640	8.5956
1.5254	-0.4343	8.7385
-0.1364	1.0804	9.2560
0.5306	-0.3003	9.9517
0.5162	0.5210	9.6448
0.6652	-0.2578	8.7439
0.2375	0.0329	7.8945
1.3741	0.3691	9.1387
0.3464	0.8632	9.4157
0.1478	0.6849	9.5491
0.5683	0.2076	8.9042
0.7448	0.1842	9.5467
1.2634	0.0006	9.5880
0.1322	0.7651	10.4961
0.9834	-0.2859	9.9637
1.0923	0.5408	9.9098
1.5930	-0.4899	10.4428
0.1645	0.6927	10.5732
0.8321	-0.3996	9.8081
0.5342	0.7771	9.9134
0.6389	0.1077	8.8420
1.2742	0.2219	10.0761
0.8901	0.5336	10.1246
0.4217	0.4756	10.4261
0.6658	0.4116	9.4301
0.3781	0.4493	9.4319
0.6730	0.5617	9.8219
-0.0150	0.0843	8.9569
0.9326	-0.4798	8.5531
0.7089	0.2566	7.6887
1.0821	0.5533	9.0556
0.4391	0.9266	9.4959
0.1077	0.9350	9.4133
1.1581	-0.2883	9.0376
0.6676	0.9320	9.0125
0.4313	0.1448	9.6969
0.7842	0.7639	10.1641
0.5491	-0.1280	10.1557
0.6024	0.4887	9.3834
1.0050	-0.3069	8.9922
-0.1316	0.3482	9.9798
0.7950	0.1723	9.1938
0.9487	0.0491	9.5419
0.4744	0.1406	9.6017
0.9858	0.3039	10.4362
0.5210	-0.1717	9.7627
1.0247	0.1089	9.5491
0.2824	0.7962	9.3003
1.0959	-0.1149	10.5463
-0.1125	0.8602	10.2520
0.7813	0.0221	9.5892
1.3376	-0.2901	9.2165
0.3900	0.1364	9.1465
0.9984	0.2991	9.4779
0.1639	1.2401	10.4027
0.4702	-0.2782	9.6927
1.0911	-0.1388	10.0181
0.9051	-0.0544	9.1477
1.0851	0.9057	9.9828
0.1125	1.2532	10.1341
0.7214	-0.0437	10.9537
0.8154	-0.1986	9.7567
0.9499	-0.3733	9.9062
0.6520	0.7591	9.9260
0.2524	0.5910	10.1682
1.3023	-0.3966	9.0173
0.7848	-0.0323	9.1627
0.4833	0.4307	10.0342
0.8225	0.2734	10.2370
0.3404	0.3757	9.2775
1.2532	0.1268	9.7591
0.3966	0.9476	9.8392
0.2847	0.1573	8.9820
0.6000	0.6323	8.9712
0.9739	1.1145	9.4289
0.5850	-0.2112	9.0071
1.0618	0.1531	9.2955
0.6754	0.2255	9.7896
0.4110	0.4786	9.4564
0.7639	-0.2626	9.5491
0.6939	0.0580	10.1144
0.6730	0.6377	10.1150
0.3811	0.3338	8.6075
1.4165	-0.3099	10.9495
0.3499	0.2668	10.3034
0.2650	-0.0694	8.7391
1.2622	0.3296	8.8881
0.1848	0.8668	9.9894
0.5868	0.5874	9.8416
0.4169	0.8494	9.9786
0.5312	0.0479	9.6999
0.9840	0.4822	10.2765
0.8106	0.1023	10.3555
0.6030	0.1280	9.8889
0.5910	0.0167	10.3686
0.4504	0.0329	9.2458
0.5438	0.2548	8.8504
0.6173	0.7884	9.9433
0.4678	0.3206	8.8570
0.8279	0.1268	9.0490
1.1258	-0.1340	9.3936
0.7280	0.6377	9.1585
0.9643	-0.1543	9.2219
0.6485	0.4576	9.7477
0.3685	0.4552	9.2004
1.2167	0.1442	9.3655
0.6748	0.0024	9.4923
0.8058	-0.0018	9.8961
0.6323	0.2040	9.3433
0.6239	0.0365	9.2004
0.4265	0.2632	9.3583
0.2949	-0.0562	9.5569
0.5898	-0.3936	10.1575
0.2177	0.6275	9.5946
0.9529	-0.1334	10.2484
0.2321	0.3326	10.4428
0.6879	0.0622	9.4103
0.8201	0.6987	9.7196
1.1707	0.4110	9.6430
0.4642	0.7280	10.1940
1.0600	-0.4397	10.5499
0.3870	0.3164	9.6131
0.9147	0.0293	8.8684
0.9290	-0.0251	10.7886
0.7992	0.6311	9.4743
0.9763	-0.2644	9.7938
0.5007	0.6951	8.5112
0.1866	0.0568	8.2199
0.9978	0.9015	9.5007
0.4582	-0.4696	8.9090
1.1474	-0.3308	9.8392
0.4744	0.6712	9.0861
0.6467	0.3799	9.4354
0.0305	0.5031	9.4552
0.9613	-0.2674	9.5407
0.4612	-0.0407	10.1736
0.1932	0.8937	10.1563
1.0732	-0.8650	10.0594
0.9374	0.2859	9.8075
0.7771	0.2829	9.5336
0.7896	0.3338	9.8973
1.0361	0.2148	9.6077
0.4917	0.9003	9.8039
0.7567	0.1789	10.0085
0.3643	0.3368	9.6849
0.8800	0.3176	9.0341
0.5180	0.6861	10.1180
1.4237	0.1687	10.7060
0.3464	0.5378	10.5714
0.7920	-0.8381	9.1106
0.6520	0.2812	9.1423
0.3440	0.4229	9.7304
0.8046	0.3033	9.7202
0.2518	0.6473	9.5862
1.1348	-0.3601	8.9455
0.0550	0.5683	9.5844
1.5093	-0.3966	9.9714
0.0634	1.0612	10.2502
0.4971	-0.0006	10.0779
0.6389	0.4780	9.5826
0.5934	-0.0891	9.4995
1.1174	-0.1071	9.8093
0.4122	-0.0383	9.1615
1.1264	0.2734	9.5096
0.4935	0.0449	9.6341
0.6419	0.5103	9.9445
0.6490	-0.3248	9.7334
0.0987	0.4193	10.1485
0.5396	0.3242	9.4648
0.7238	0.5402	9.8081
1.5212	0.1537	9.8584
0.1579	1.0522	10.4093
1.0786	-0.4630	9.5802
0.8165	0.4307	9.4929
1.1785	0.1878	10.1389
0.4851	0.4863	9.9481
0.5725	0.5587	9.7190
0.7717	0.3452	7.7084
0.5025	0.3607	8.4143
0.7119	0.6951	9.2793
-0.0227	0.7274	10.3926
0.8782	0.2985	9.3661
0.7759	0.8973	8.9198
1.2496	-0.4672	8.8319
0.6407	0.2375	10.2873
0.5695	0.6467	9.0041
0.6419	-0.2746	9.0664
0.7125	-0.3476	9.3092
0.7394	-0.1065	9.0646
0.9027	0.2853	9.7232
0.7789	0.6790	9.7806
0.9027	0.1376	10.5134
0.3852	0.7663	10.1138
0.4953	-0.2560	9.5748
0.9003	0.3667	9.9188
0.6479	0.4403	9.7124
0.9996	-0.2572	9.9906
0.0802	0.4558	10.0396
0.5623	0.8477	10.1904
1.1587	0.6616	9.5772
0.8692	-0.4469	9.3433
0.6999	0.1352	9.5467
1.1438	0.4923	10.8903
0.1250	0.2740	8.7182
1.2640	-0.0760	8.6279
0.2016	0.3775	9.7806
0.5061	-0.1107	9.9230
0.2716	0.5821	9.7369
1.1629	-0.2369	8.7044
0.7956	0.9625	9.0616
0.5874	0.0658	10.2113
0.9404	0.5491	9.9798
1.5272	-0.2973	9.9098
0.3661	0.6281	10.1431
0.4516	-0.2219	9.8781
0.5874	0.4582	10.0935
0.5922	0.4092	9.1310
0.5420	-0.4798	9.8273
0.6897	-0.1902	9.7794
1.2790	-0.2698	10.0887
0.4032	0.0526	9.6035
0.9051	0.0084	10.1078
0.4929	0.5228	9.5742
0.7131	0.2596	10.0642
0.4349	0.7543	9.2398
1.1695	-0.0245	10.0833
0.3960	0.2195	8.8690
0.3392	-0.3649	8.5453
0.8979	0.2279	9.4025
0.3123	1.0199	9.8087
0.7232	-0.0754	9.6299
0.5049	0.5910	8.8372
0.6353	-0.2590	8.7613
0.6485	0.1149	10.2335
0.8159	0.4510	9.5677
1.2359	0.3272	9.8476
0.7178	0.6502	9.9990
0.3332	-0.2800	10.0636
1.3741	-0.1872	9.9954
0.0939	0.2656	9.2010
1.6391	-0.0281	9.6239
0.2692	0.5366	11.4986
1.3011	0.2638	10.9525
0.3721	0.3194	9.8273
1.3262	0.1286	8.9611
0.2171	0.0173	8.9928
0.7609	0.1262	10.4368
0.6365	0.3434	9.3038
1.0827	0.2662	9.0095
1.0289	-0.2973	9.0370
1.1701	0.4941	9.4014
1.0618	-0.3380	9.2793
0.0455	1.7031	8.6692
0.1065	0.5360	8.9940
0.1340	1.0905	9.1926
0.6999	0.0479	9.1064
0.5402	0.3039	8.8115
0.9499	-0.0425	8.4155
0.3033	-0.5509	9.2123
0.2566	0.8614	9.0825
0.1220	-0.4098	9.0843
1.0307	0.1753	9.9152
0.0341	0.7884	9.3583
0.6191	0.4702	9.7854
0.9727	-0.6945	10.1407
0.7663	0.7860	10.1880
0.8351	-0.2740	9.6364
1.3430	0.3649	10.6390
0.5300	0.7741	10.0672
1.8161	-0.2812	10.0881
-0.4786	1.1659	9.6670
0.5462	0.7370	9.0209
0.1759	0.6808	10.3076
1.3597	0.2213	8.7912
0.9721	-0.0987	9.1483
0.8447	0.7561	8.3611
0.2142	0.3757	9.4498
1.0708	0.4929	9.8685
0.4008	-0.2447	9.4959
0.9769	-0.1998	9.5557
0.4923	0.6646	10.2400
0.9529	0.0724	9.8057
0.5007	1.1282	8.6512
0.8387	-0.4050	8.2911
0.4558	1.0421	9.7274
0.6837	0.0030	10.0187
0.1220	0.2746	10.1659
1.0301	-0.0790	9.2063
0.3559	-0.2620	9.8679
1.2706	-0.3045	10.3944
0.2680	0.3972	9.6933
0.3697	0.3858	10.6965
0.1962	0.1753	9.9003
0.7813	0.1759	9.5545
0.6969	0.7549	9.7932
0.5097	0.3553	9.3744
0.6873	-0.1047	8.2522
0.6969	0.6287	10.7150
0.4857	0.9972	9.6699
0.9661	0.6024	9.9451
0.6915	0.4756	9.0197
0.1280	-0.2698	8.9455
1.2873	-0.1747	10.1964
0.1908	0.6909	9.3625
1.1719	-0.3703	8.8809
0.8040	0.9864	9.5024
0.6879	-0.3673	9.2961
1.1653	0.0245	10.2095
0.5868	0.6329	10.0289
1.1264	-0.3846	9.2554
0.2471	0.5886	9.9643
1.1462	-0.5342	8.7559
0.8716	0.1047	9.3906
0.8315	-0.1059	9.6442
0.7472	0.3613	10.2161
0.2303	0.4510	10.2251
0.9452	0.1089	10.0857
0.7872	0.5581	10.3447
-0.1364	0.4750	9.9481
1.1641	0.1585	9.8464
0.3434	0.6526	9.7836
1.0074	-0.1250	9.3535
0.6532	0.4343	9.4827
0.1944	0.1047	9.2596
0.7322	0.2405	9.4785
0.8734	0.4923	9.3804
0.0879	0.0305	9.3164
1.0504	1.1264	8.9007
0.6209	0.2518	9.1501
0.5659	0.3332	8.8390
1.0546	0.1549	9.3720
0.5432	1.3172	9.1011
0.5976	-0.2393	9.0921
0.8728	0.2189	9.5647
0.3464	-0.2345	8.9754
1.2473	1.0385	9.8883
0.6891	0.3733	10.3537
0.8985	-0.0395	9.8650
0.8453	-0.1406	9.5371
0.9715	0.3966	9.1124
0.7974	0.2806	9.8344
0.8183	0.3392	10.0307
0.9667	-0.0102	9.5192
0.4002	1.0810	8.8642
1.1420	0.3811	11.0679
0.3218	0.6072	10.7156
0.8841	-0.2040	9.7651
1.1264	-0.3679	9.4181
0.2459	0.5964	9.7136
1.0690	-0.4337	10.0013
0.4672	0.6831	9.2470
0.8764	0.7543	10.0959
0.3577	0.9158	10.3010
0.3805	0.3482	10.7778
0.6227	-0.4373	8.6548
0.9589	0.3577	9.0035
0.1161	0.8518	10.0881
1.0606	-0.2758	9.9804
0.6993	0.7908	10.1413
0.5982	-0.2584	8.4951
0.5503	-0.2614	9.1902
0.6287	0.6455	10.2394
0.3236	0.1956	8.8743
0.9721	0.6114	9.2297
0.1699	0.7884	9.0454
0.4528	0.6179	9.6394
0.5868	0.7549	9.9918
0.3021	-0.4481	9.4576
0.7089	0.3828	9.2608
0.6831	0.2106	9.2823
0.5533	0.1609	9.3493
0.9733	0.3613	9.9535
0.5007	0.0012	9.7992
0.7561	0.8680	9.7579
0.1137	1.0875	9.9780
0.9637	-0.6449	9.1956
0.8219	0.6496	8.9276
0.5994	0.0843	9.8494
0.3583	0.5707	9.7172
0.6036	0.6251	9.6095
0.8435	-0.3751	9.5186
0.8219	1.1312	9.1555
1.1803	0.3260	8.9467
0.3164	1.1563	9.9427
0.4582	0.6532	9.8183
0.7202	-0.3840	9.2165
0.7208	0.7328	9.0753
0.6161	0.4205	10.3698
0.7178	0.4498	10.2640
0.7406	0.2148	10.3800
0.1795	0.6825	8.9976
0.8483	-0.1430	10.0235
1.2604	0.0203	9.5389
0.6634	0.2046	9.7944
0.6808	-0.1077	8.6979
0.3021	0.2829	10.0606
0.9739	0.4493	9.8817
0.4385	0.7484	9.8793
0.3823	-0.0855	9.4815
0.5689	0.0251	10.2687
0.3613	-0.1783	9.7429
0.9505	-0.1388	9.7764
0.8710	-0.2955	9.4432
0.4917	0.3823	9.8249
0.8213	0.2243	9.8859
0.0945	0.8243	9.9972
0.5270	0.6060	9.7716
0.9302	0.0233	9.7932
0.4205	0.1525	9.9050
0.6520	-0.0329	9.3661
0.6849	0.8871	9.2650
0.8506	-0.3769	8.8289
1.0451	0.8776	9.2069
0.5755	0.2082	9.5856
0.2608	0.7412	9.5048
0.5785	0.0670	10.8771
1.1880	1.2144	9.8662
0.5982	-0.0538	9.4576
1.1180	0.3218	9.6269
0.9505	0.0018	9.1076
1.1994	0.3087	10.1994
0.2327	0.5551	9.4396
0.6060	-0.5318	9.6173
0.8722	0.7071	10.4356
0.9966	0.1328	9.7812
0.9936	-0.6024	10.0606
0.5563	0.4899	8.7038
0.5994	0.1166	9.3679
0.4217	0.5127	9.9397
0.8285	-0.0371	9.6807
0.2674	0.9350	8.7475
0.8656	0.4498	10.3920
1.5948	-0.5198	9.5934
0.7747	0.2088	8.7463
0.4349	-0.0951	8.5435
0.0449	-0.2907	9.2045
1.2149	0.2052	9.4510
0.8363	1.0313	9.2835
0.5623	-0.0407	9.8590
0.6748	0.8590	9.9224
0.9111	-0.4295	10.4991
0.3194	0.7047	9.9373
0.9224	-0.4947	9.4498
0.2423	0.9535	9.4965
0.5091	0.1711	9.4295
0.2883	-0.3218	9.5425
1.1186	-0.0245	9.8153
1.1306	0.6341	10.1066
1.1503	-0.3003	9.7591
0.3314	0.5300	9.0376
0.4756	0.0491	9.5509
0.0921	1.0636	10.0845
0.4911	0.2877	10.6390
0.1017	-0.6030	10.5463
1.0720	-0.6790	9.2691
1.2945	0.1346	9.6017
0.7131	-0.3763	9.8374
0.4744	0.8752	9.1477
0.6981	0.2704	9.4959
0.3362	0.6227	9.6239
0.0305	0.2495	9.7812
0.6197	0.3739	9.7381
0.7017	0.1992	9.1226
0.6796	-0.2536	8.9736
0.8524	0.2794	9.9625
0.6167	0.2746	9.0682
1.1055	0.1980	9.3397
0.5414	-0.1184	9.8674
0.2387	0.7944	9.2919
0.4403	0.5767	9.9655
0.9105	0.2321	9.2925
0.6173	0.3021	7.8682
1.1408	0.4187	10.6887
0.6090	0.5515	9.4121
0.8273	0.4881	8.7362
0.5707	-0.5043	8.9485
0.5198	0.4762	9.0622
0.9266	-0.1017	8.8037
0.4822	0.9649	9.1148
0.3344	0.4427	9.4534
1.0002	-0.3170	9.6628
0.6251	0.3996	10.4356
0.5623	0.1747	9.6586
0.7992	-0.0389	10.0127
0.3912	0.6347	9.9810
0.7854	-0.8901	10.3052
0.8351	0.6006	9.1968
0.8159	-0.3350	9.2165
0.5031	1.6080	9.3852
0.4475	0.3625	8.8103
0.9416	1.0403	9.8339
0.6598	0.6437	10.2257
0.3661	-0.2375	10.0402
0.8823	0.0999	9.6125
0.7436	-0.0335	9.4199
0.3858	0.0197	8.5788
0.5216	-0.7346	8.6883
0.6502	0.4050	8.9527
1.1916	0.8417	9.5198
1.1276	0.3499	9.4857
0.4355	0.3739	9.0682
0.3284	0.2668	9.0616
0.4122	0.6365	9.7663
0.4050	0.2608	9.3870
0.1400	-0.0520	9.4349
1.5182	0.0694	9.4175
0.6622	0.9380	8.9413
1.1336	0.0156	9.5611
0.4708	0.2674	9.4749
0.0736	0.0843	9.3816
0.6712	0.1890	9.0574
0.3069	0.4570	9.7142
0.2447	-0.5671	10.0492
1.5769	-0.3745	9.9786
0.9811	-0.1137	9.7142
0.7065	-0.2435	10.8574
0.1836	-0.3434	10.4350
0.7890	0.3661	9.4133
0.9141	0.0945	10.0827
0.1896	0.6479	9.3708
0.3811	-0.0485	8.7517
0.5468	1.2024	9.5431
1.0983	-0.1089	9.1232
0.4481	0.9003	11.0919
1.3621	-0.4493	10.6450
0.5312	-0.1107	10.0971
1.1617	-0.6784	9.4642
0.7495	0.8333	9.3595
0.9487	-0.5557	9.1567
0.1992	1.6187	9.4725
1.0451	0.2710	9.0125
0.2165	0.9613	9.6993
0.9206	-0.0497	10.0767
-0.2889	0.6520	9.2799
1.0157	-0.4056	9.6101
1.0199	0.9033	9.5784
1.3208	-0.7501	9.4456
-0.2070	1.3166	10.2496
0.6706	-0.7663	9.7094
0.4158	0.9033	9.4731
0.3332	-0.7089	9.1573
0.1543	0.5683	9.7292
0.5061	0.1286	9.0239
0.9272	0.8255	9.9876
1.1533	-1.0786	10.3160
0.6670	1.1982	11.2677
0.8004	-1.0391	9.4049
-0.3260	0.6407	9.1974
1.0331	-0.6311	9.1669
0.4642	0.9936	10.1497
0.1603	0.5874	9.5013
0.9894	0.0030	9.5742
0.3906	0.7813	9.8398
0.8913	0.1119	10.2005
1.1731	-0.5264	10.3357
0.0227	0.2369	9.4582
1.6558	-1.0457	10.1006
0.0778	1.6229	10.1814
1.1019	-0.5922	7.7132
0.8261	0.1053	10.4303
1.2257	0.1017	8.9013
0.1675	1.1390	10.1838
0.9164	0.0736	8.4430
0.0820	0.0604	8.5567
1.0995	0.0568	9.4259
0.4163	0.0664	9.9559
1.0648	-0.1238	9.4725
0.7717	0.7388	10.0606
0.5067	0.1059	9.7986
0.8255	-0.0239	9.8386
1.3603	-0.0652	9.8883
0.4642	0.4546	9.3224
1.0971	-0.1603	10.0049
0.2656	0.3547	9.9631
0.6909	0.4271	10.1515
0.7537	-0.0772	10.5278
0.4995	-0.1178	9.9894
0.4983	0.0514	9.8961
0.9135	-0.0066	9.5952
-0.2955	1.0325	9.6580
1.2287	0.2560	9.4259
0.1358	-0.7878	9.6424
0.6873	0.2764	9.4863
0.4863	0.0443	10.5403
0.4917	0.2847	9.8476
0.4379	-0.0897	9.9499
0.4995	0.7537	8.8079
-0.1549	0.9326	9.7118
0.7543	0.5390	9.3966
0.8459	0.4229	9.6526
0.3404	0.4582	10.0408
0.8674	0.1717	10.4865
0.7262	0.4457	9.2644
0.3649	0.7866	10.0683
1.1683	0.4469	9.7262
-0.3123	0.3015	9.6083
0.7944	0.5330	9.4713
0.5222	1.1396	9.1531
0.5791	0.5312	10.0139
1.0941	1.1318	10.5373
0.5384	0.1567	9.3379
0.5916	-0.1328	10.2891
0.5497	0.4552	10.0588
0.4128	0.2399	9.4067
-0.0317	0.6598	9.5186
1.2825	-0.3009	8.6201
-0.0006	1.3154	9.4684
1.2682	-0.5186	9.6825
0.5312	1.1109	10.1168
0.4385	0.0108	10.1222
0.6048	0.4277	10.2586
0.2495	0.3978	9.8536
0.0592	-0.1825	9.1495
0.9655	0.7675	9.1615
0.6413	-0.3350	8.1242
0.9811	0.2572	10.2382
0.1938	0.9326	9.7058
1.1055	0.0287	9.7669
0.3476	0.3727	9.5144
0.5049	0.9152	9.7052
0.1705	-0.6401	10.3423
0.7968	0.8764	9.1381
0.6150	-0.2506	9.5072
1.0600	0.3517	9.9720
0.6580	0.3727	10.3160
1.0367	-0.0921	9.4989
0.5587	-0.0221	8.5058
1.2718	0.7651	9.0723
0.2524	0.4481	9.4079
0.3685	0.6335	9.5593
0.5641	0.7340	9.7878
1.2616	0.2249	11.2324
-0.2249	0.5061	10.3501
1.5242	-0.8776	9.2117
0.9637	0.2333	9.5078
1.0953	0.8261	9.2494
0.6891	-0.3218	10.3142
0.3069	0.8028	9.4540
0.8076	0.7531	8.7248
0.4235	0.5139	10.5176
0.8883	0.8094	9.8578
0.8662	0.2070	9.3858
1.2179	0.2722	9.5222
1.1049	0.1454	9.8327
0.3051	-0.0933	10.7551
1.0989	0.4193	9.5712
0.8130	-0.0999	9.9678
0.8321	0.4726	9.9684
1.0786	0.1005	9.9912
0.6132	0.5007	9.2674
1.1617	-0.2453	9.2542
0.4379	0.2925	10.0606
1.1725	-0.3170	9.2614
0.8794	0.5725	9.4624
0.6233	0.1364	10.7168
0.3176	0.3649	10.9148
1.2819	-0.4361	8.9964
0.5025	0.5151	9.1681
0.5168	-0.0066	8.7367
0.6215	0.5007	10.2011
1.4046	-0.2118	10.7246
0.4965	0.0634	11.0632
0.8046	-0.4439	9.7154
0.5815	-0.0748	9.9361
0.1131	0.2973	10.5481
0.8441	0.1633	8.9365
0.3464	1.2203	9.2159
0.4570	0.1346	9.6550
0.5067	0.4421	10.2239
0.8076	0.8136	9.7974
1.0157	0.3111	10.2185
-0.0646	0.1998	10.9746
1.1396	-1.0558	9.1926
1.0050	0.2895	10.0354
0.4618	-0.1346	9.9020
0.0371	0.7430	9.3864
1.0014	0.0538	8.9306
0.4104	0.7388	9.2279
0.9176	0.7412	10.1252
0.3458	-0.0706	11.8312
0.4409	-0.1406	8.4861
0.6772	-0.6048	9.4169
0.3458	0.5073	9.2865
-0.0754	0.8345	9.1262
1.3029	-0.2495	8.9234
0.3565	1.3681	10.5900
0.9087	0.3422	10.6331
0.7310	0.2219	8.5920
1.0331	-0.9158	9.1106
1.1091	0.0550	9.2506
0.5198	0.6796	9.2267
0.5109	0.9206	9.6352
0.4522	0.5551	8.9389
0.8853	-0.2309	9.5108
0.9775	0.4271	10.0061
0.1621	0.7119	10.3004
0.4965	0.2441	9.4522
1.3836	0.3356	9.4091
1.1797	-0.0808	10.4117
0.5521	1.3836	10.7312
0.9822	-0.2273	9.2829
0.6036	-0.3547	9.5916
0.4893	0.3284	9.5198
0.1334	0.4654	10.8867
1.7473	1.6008	9.5234
0.7029	0.6544	9.2315
2.0267	-0.2309	9.9774
0.3344	1.2718	10.1419
1.1360	-0.5725	8.8307
0.7466	-0.1813	8.6482
0.3781	0.8303	10.5840
0.6724	0.3511	10.3160
0.6353	0.5001	10.0331
1.7737	-0.8859	10.0516
0.9529	0.9607	10.0444
1.3531	-0.2148	8.5178
0.8165	-0.6150	9.3439
0.6227	-0.0120	8.3581
0.8327	0.4875	9.6412
0.0592	0.4953	9.4265
0.8213	0.4259	9.7298
0.7328	-0.1926	9.8428
1.0151	0.3296	10.4751
0.4397	-0.3464	9.6376
0.6808	-0.0909	9.8500
0.8231	-0.1860	8.9802
0.8674	0.6311	9.5772
0.6305	-0.0096	10.0845
0.0604	0.5629	9.3577
0.3111	-0.1496	9.8949
0.5922	0.5677	9.0556
1.2502	-0.2680	10.4416
0.3769	1.2819	10.3525
0.5503	-0.2752	8.4969
0.4827	0.5611	8.7744
0.9398	-0.3362	10.4482
-0.4331	1.0576	9.7142
0.8339	-1.1587	9.1070
0.3667	0.7262	9.2913
0.6473	0.3613	9.3822
-0.0102	0.6778	9.6849
1.1850	-0.1274	8.3216
0.3416	0.5826	8.7505
0.9942	0.6156	9.5198
0.3039	0.3386	9.9188
1.5404	-0.0443	9.4420
0.1274	0.4977	9.4103
1.1868	-0.4092	9.4002
0.7214	0.3781	10.2735
0.6485	1.0481	9.0819
1.0887	-0.3254	8.6177
-0.2189	1.0768	10.7102
1.5834	-0.9936	10.4602
1.2849	1.9119	11.1523
0.4582	0.1759	9.6975
0.9356	0.5348	9.8835
0.8913	0.4899	9.6101
0.8859	0.4104	9.7896
0.0969	-0.1986	8.8965
0.3769	0.7824	10.2825
0.8399	-0.2052	9.7351
1.2335	0.0664	9.2656
0.9015	-0.1472	9.5910
0.8213	0.6257	9.1483
1.1910	0.5049	10.0797
0.4774	0.4905	9.1208
1.0875	0.7645	9.0382
1.0229	0.3440	10.4255
0.5157	0.4672	9.3344
1.1940	-0.8040	9.3493
0.9595	-0.3141	8.3485
0.0167	0.5097	8.9922
0.8734	0.2548	8.4544
0.3499	-0.1268	7.8125
0.8004	0.5976	10.1371
1.0385	0.4235	9.9062
0.4756	0.5761	10.2311
0.9260	0.5330	8.9210
1.0092	-0.6293	9.6789
0.4899	0.5551	10.0893
0.9691	0.0299	9.8578
0.0592	-0.0580	9.1363
1.1515	0.5617	10.0504
0.7442	-0.0167	10.3304
0.7226	0.2626	9.5688
0.5755	0.4780	11.4185
0.5653	0.5372	10.3938
0.3661	0.5593	11.0087
0.8823	0.2165	9.8440
0.7878	0.6915	10.1413
0.2566	-0.2130	9.3284
1.4823	0.0491	10.4560
-0.2297	0.3505	9.8997
0.4283	1.0875	9.6179
0.1442	0.3236	9.1082
0.4857	0.7053	9.7752
1.3573	-0.3900	9.8949
0.6646	0.9607	9.7118
0.2243	0.9093	9.5659
0.7759	-0.3254	9.2177
0.4475	0.6682	9.4408
0.8973	0.4163	8.9880
0.1711	0.4128	9.4983
0.4684	1.0038	8.8349
0.0736	-0.3182	9.5419
0.4498	0.6939	9.9918
0.4810	-0.0772	10.6259
1.2514	0.9984	10.4901
0.4696	0.5844	9.7274
0.9679	0.8237	10.4733
0.1304	0.8590	9.1011
0.5856	-0.8249	8.8905
1.2891	0.6508	9.0843
0.3906	0.1998	10.0743
0.4199	-0.1232	9.9990
0.4570	-0.1813	9.6819
0.9170	0.7095	9.7657
0.8680	0.3691	9.1645
1.2778	-0.0826	9.9415
0.0347	0.9828	10.2717
1.0433	-0.4098	10.5517
0.1131	0.2710	9.4707
1.1551	-0.1932	8.8869
0.7627	0.4110	9.7806
1.2843	-0.5456	9.2757
0.0275	0.6496	9.5940
1.1240	0.3057	9.1872
0.4798	0.7525	8.7302
1.0618	-0.0843	9.0466
0.3117	0.7119	9.8991
0.9075	-0.8590	8.8935
0.9464	0.1412	10.4560
0.7633	0.3218	10.1240
0.6455	0.3769	10.2813
0.8829	0.4798	9.6664
0.5037	-0.1256	10.5810
0.3392	0.2901	10.1449
1.4052	-0.3236	9.2273
0.2028	0.8841	9.4947
1.3388	-0.1501	10.6606
0.9769	0.9511	10.5134
0.5384	-0.4152	9.9032
0.5832	0.1352	8.6028
0.6939	0.5922	9.2656
0.5874	0.3739	9.3631
0.3153	0.8548	9.9870
0.9392	-0.1759	10.1377
1.1109	0.5970	11.9347
0.5061	1.3573	10.4171
0.9194	-0.7663	8.4245
0.6114	0.7370	8.8953
0.7190	0.8004	8.7774
1.3178	-0.0520	10.5038
0.4415	0.5061	9.9038
0.8656	0.1358	8.9246
0.2249	0.3757	9.9756
1.0241	0.0963	9.3870
0.9733	-0.5145	9.1447
1.1880	0.5952	8.5818
0.4211	-0.0790	9.9882
0.9290	0.4104	10.3357
0.2136	0.5988	9.9284
0.9434	-0.2788	10.0821
0.8429	0.9051	10.9770
0.5838	0.2782	9.7675
0.3003	0.5324	9.9385
0.3685	-0.8835	8.7409
0.3906	0.9326	10.6887
1.1216	-0.2417	9.5677
0.8237	0.0700	9.6861
0.1460	1.0415	9.9140
0.3368	-0.5665	9.5365
0.4283	0.1304	10.2257
0.8441	0.3870	8.9766
0.6156	0.8249	9.7920
0.3607	0.8130	9.8249
0.6879	-0.3248	9.6161
-0.1077	0.5575	9.9212
1.0780	-0.2949	8.9694
1.0983	0.1083	9.3463
1.0050	-0.2841	9.9194
0.8788	0.4612	9.7752
0.4367	-0.3655	10.0169
1.2879	0.7956	9.8871
0.6473	0.4624	9.9954
0.7244	0.1705	9.7022
0.4606	0.4325	10.4350
0.2058	0.2118	8.7469
1.0630	-0.7460	9.0831
-0.1274	-0.2764	10.5092
-0.3918	-0.0114	10.1006
1.4255	-0.3416	9.8668
0.8650	0.4439	9.2111
0.8650	0.6490	9.3804
0.9996	0.8136	9.7082
0.4301	0.5031	10.1491
0.2046	-0.2070	9.1214
0.2596	1.4124	9.3338
0.1813	0.1226	9.4731
0.7143	-0.4307	8.9258
0.6299	0.4056	9.4845
1.1396	-0.6179	9.5240
0.7699	-0.0185	9.5174
0.9709	0.3996	9.3212
0.8004	0.3206	9.5976
-0.1143	1.4710	9.7848
1.1599	-0.6359	9.1764
0.4857	0.3894	9.6771
0.9619	0.1974	9.4432
0.7334	0.4427	10.9740
0.2070	0.2979	9.0155
1.3998	-0.3170	10.1276
0.2249	0.4205	10.1485
0.6562	-0.2572	8.6817
0.2375	1.1611	9.1692
0.0652	0.5527	8.6686
0.1442	1.3687	9.8159
0.6126	0.0742	9.4313
0.7244	0.3697	9.2691
1.3382	0.0150	11.0147
0.3188	0.1621	12.1411
1.1462	-0.7400	9.0287
0.8004	0.1346	8.7523
0.9739	0.9147	9.9852
0.9464	-0.0443	10.1856
0.0508	1.0516	10.3411
0.6676	0.4211	9.2027
1.2736	0.1065	9.5533
0.3505	0.8273	9.1615
1.4183	-0.0245	9.5946
0.0347	-0.5103	9.0448
1.4973	0.0299	10.6145
0.9206	0.1920	11.0913
0.4534	0.6395	10.5278
0.9117	-0.4146	9.1687
0.2961	0.5216	11.1870
0.4762	-0.3188	9.1770
1.0092	-0.5180	9.2195
0.2943	1.1838	9.1202
0.1364	0.4002	10.3579
0.3374	0.4875	10.2490
0.4510	-0.1268	8.6069
1.1204	0.4696	9.4127
0.5306	1.2030	11.5304
1.1204	-1.2359	8.5908
0.7077	0.1244	9.9487
1.2323	-0.8375	9.6843
0.3362	0.6090	10.2478
0.7352	0.0353	9.6257
0.6825	0.8632	9.6113
0.4008	-0.2243	9.1471
1.1150	-0.0072	9.3206
1.0080	-0.1125	8.7260
0.9769	-0.3081	9.6765
0.3188	0.7699	10.2418
0.0574	-0.5097	9.9906
0.9858	-0.0885	9.4414
1.1569	0.2746	9.8069
0.9918	1.2766	9.6179
0.7759	0.0784	10.6570
0.9033	0.2680	10.1712
0.7513	0.4887	9.9188
0.6000	0.4259	9.6526
0.5348	-0.2064	9.6556
0.4708	0.0185	10.3950
1.2885	-0.0413	10.6175
0.5109	0.6694	9.7842
0.2405	-0.2357	9.3978
0.7214	0.6514	9.1142
0.6479	0.9565	8.8989
0.5874	1.0768	9.4277
0.8088	0.5109	9.4606
0.6580	0.3170	10.3010
0.1472	0.6622	10.1120
1.2126	-0.5180	10.3004
0.7268	0.5581	9.4815
1.0786	0.0359	10.1312
0.5318	0.6778	9.8721
0.5001	-0.4211	9.6604
0.5408	0.4684	8.9234
1.4106	-0.1328	8.8546
-0.1382	1.1707	9.3559
0.1579	0.0335	9.6939
0.3751	0.6778	10.2747
1.7133	-0.4128	10.7449
1.0654	-0.0072	9.8877
0.0048	0.2997	10.6295
0.3966	-0.0682	10.4937
0.2626	-0.1095	10.1641
1.2598	0.7454	8.6871
0.0042	0.6748	9.8255
0.7842	0.6646	10.2843
0.6461	0.1842	9.4181
1.2132	-0.0748	9.1812
0.8381	1.0439	8.9976
0.6353	0.2770	9.2333
0.1226	0.6909	9.6502
0.6778	0.6215	9.4133
0.4576	-0.0502	9.2775
0.1555	0.4816	9.1393
0.5749	0.1376	9.6520
-0.0461	-0.0742	9.2237
1.2975	0.3188	9.1776
0.3709	0.7615	9.3858
0.5946	0.1974	9.6394
0.2919	0.9093	9.3475
1.2209	-0.7220	8.9748
0.8207	1.5410	10.3938
0.6885	0.1316	9.4061
0.6568	-0.3188	10.3453
0.4768	0.5958	10.2239
0.3248	0.0162	9.5982
1.0893	0.1549	9.9379
-0.0802	1.0851	9.9774
1.1737	-0.4289	10.0360
0.9547	0.6263	9.1531
1.3143	-0.5910	9.0592
0.5270	0.4684	9.3116
0.8040	0.1765	9.7519
0.6951	0.2656	8.8791
0.6012	0.4827	9.5964
0.8369	0.3153	9.6777
0.3105	0.3517	10.0360
0.8578	-0.1585	8.9007
0.9470	0.5515	9.6047
0.6861	-0.2518	8.8600
0.1394	0.4756	9.6257
0.3661	0.2010	8.6225
1.1216	0.1214	9.1549
0.9440	0.4349	9.6987
0.1430	-0.1645	10.1958
1.1007	-0.8189	8.8462
1.2167	0.5318	10.2119
-0.2447	0.5091	9.9649
0.8841	-0.2225	8.9359
0.7920	0.3093	9.6089
0.3571	0.5438	9.8656
0.3948	0.4738	10.4356
0.4618	0.3888	9.5491
1.2437	-0.2195	9.9649
0.7304	0.7765	11.5495
1.0845	-0.1878	9.7974
0.2171	-0.2812	9.4701
1.0163	0.5677	9.0837
0.8853	0.3224	9.4833
0.7872	-0.2010	9.5994
0.2315	1.3238	9.8674
0.6730	0.3529	9.1866
0.8237	1.4094	10.1886
0.7107	-0.1454	8.3605
0.1119	-0.1412	7.9710
1.4399	1.1300	8.7302
0.3302	-0.2106	10.2592
1.0295	0.9511	10.5194
0.3224	0.8094	9.3451
1.3178	-0.9882	9.5353
0.3745	1.2718	9.3750
1.4572	-0.7561	8.9611
0.5091	0.3416	8.5812
-0.0700	1.3089	9.6071
0.4971	-0.1681	9.6406
0.5240	0.7178	10.5290
0.9362	-0.3326	8.9030
0.5635	0.5862	9.4648
1.0463	-0.0808	8.6357
-0.0042	-0.3840	9.4845
0.6024	0.1083	9.8333
0.4122	0.5474	9.3744
1.0271	-0.3846	10.1437
-0.4307	1.1420	9.8392
0.8572	-0.1071	9.5066
0.1256	-0.2034	9.1304
0.9470	-0.4283	8.7535
0.2471	-0.3948	9.6233
0.7364	0.5988	10.6432
1.2431	-1.0983	7.9058
1.4919	1.2042	9.3649
0.7448	0.1376	8.8498
1.0038	-1.0845	9.1651
-0.7005	0.5862	10.1198
0.9972	0.7298	8.7768
0.3170	0.1083	11.2420
0.0802	0.6957	9.2512
0.7286	-0.1711	9.3296
0.6042	1.0666	9.3589
0.5480	0.9248	9.2967
1.1150	-0.2686	10.0366
0.6520	0.1986	9.7794
0.7352	0.6473	10.3710
-0.2321	-0.4343	10.6426
0.5037	0.1932	9.1316
1.6606	-0.3147	9.6813
-0.0365	0.6341	9.6155
0.6036	1.1121	9.9272
0.6054	-0.4989	9.8213
0.4750	0.1944	11.4107
0.5629	0.6580	10.5565
0.6138	-0.3135	9.9804
1.1420	0.2710	9.1651
0.8620	0.2219	10.0313
-0.2315	0.5438	9.4313
1.8682	0.4887	9.5922
-0.2800	1.2640	10.1443
0.5061	0.0000	9.5688
-0.0808	1.0570	9.2069
1.2347	-0.5210	9.5503
0.3787	0.4881	9.2518
0.4833	-0.4839	9.4031
0.0742	0.2554	8.9389
1.6307	-0.0449	9.1609
0.0377	1.5254	10.3220
0.7125	-0.0969	10.2891
0.6831	0.4983	9.4833
1.4106	0.1950	10.7413
-0.4917	1.4614	10.1024
2.0943	-1.0134	8.5375
0.4289	0.4032	10.0169
2.2797	0.9452	9.2267
0.6993	0.8333	10.2999
-0.2357	0.3266	9.1585
1.0271	-0.3721	6.4755
1.2215	0.4205	10.2317
0.8949	0.3153	9.9218
0.8183	0.3182	8.6315
0.7190	-0.3075	8.7511
-0.1208	1.5667	8.5908
0.8578	-0.2088	8.4484
0.0221	0.9063	7.8723
0.4798	1.5206	10.1174
0.2267	0.7316	10.7318
0.3362	0.0347	9.0723
1.1180	-0.6066	8.9102
0.4169	0.0951	10.4901
0.6502	-0.1436	9.7639
1.1276	0.6245	9.8099
1.1545	0.0491	9.2333
0.1328	0.4851	11.1074
0.2339	-0.3655	8.8277
0.7699	0.2118	7.8305
0.1304	0.8746	9.1597
0.9374	-0.5557	9.6484
0.4786	0.2596	7.7413
0.2626	-0.6036	9.4827
-0.2847	-0.2554	8.0733
0.4032	2.8116	12.9678
1.9639	-1.1031	11.8737
1.6259	0.0353	11.9928
1.7982	-0.1543	11.5250
0.2728	-0.3517	9.0263
0.9954	1.1103	13.9842
0.4917	1.8885	11.3228
-0.0808	-0.1262	10.8257
-0.1878	2.2086	5.4951
-0.0586	-1.4835	9.4462
-0.1125	-0.5874	8.7140
0.5743	-0.2351	8.3007
0.1890	1.9023	10.1001
1.2066	-0.8465	11.4293
0.6167	1.8305	12.3750
1.1545	-0.6383	9.3146
0.2889	0.3452	11.6739
0.3631	-1.8772	10.1288
0.4953	1.0110	8.8067
1.7372	0.2770	8.9802
0.6760	-1.0223	8.6560
2.0674	0.9852	11.0596
-0.6072	1.7988	11.4328
-0.8094	-0.8925	9.6586
0.5503	-0.1645	9.2339
0.8417	-0.6550	8.2229
2.1793	-0.8148	10.5613
1.0720	1.0516	8.3120
0.1705	0.8333	11.2354
-0.0413	-0.1747	10.6648
0.9799	0.3440	10.0648
0.3176	-0.5976	10.3226
0.8734	2.4652	7.7252
1.4961	-1.2263	10.1994
2.4957	2.2594	9.7728
0.0054	1.6744	7.7485
0.5091	-0.2835	9.4408
0.7053	0.7005	8.6171
0.7531	-0.3571	8.6901
0.9870	1.0492	7.4877
-0.0622	-0.6808	7.8077
0.5438	0.4415	9.5186
0.2130	0.4307	9.1298
0.9320	-0.1418	7.3998
0.4217	0.3332	10.6049
0.2871	2.2750	9.9062
0.6036	-0.5456	10.1084
0.4427	-0.8692	12.7824
0.1268	1.0199	12.7668
-0.0084	0.3494	12.4480
-0.6802	-0.5886	9.9708
1.0983	-1.7222	8.3366
-0.4385	-1.2837	8.3276
2.6566	0.6634	5.3455
-1.9519	0.6843	7.9968
-0.0837	0.6820	8.3808
0.4582	1.6702	9.3110
0.2788	-1.4847	7.0522
0.6215	4.3782	9.9559
0.4582	-0.4493	12.6281
2.5430	-1.8634	12.1070
2.1655	-0.9583	14.1200
1.3842	-0.2853	12.7609
2.5047	2.7601	8.1499
-0.8877	-0.9643	14.6584
1.0612	1.6666	8.3521
0.4726	-0.8835	7.7599
1.7444	1.7210	8.9916
0.1872	1.8275	12.4055
-0.5222	-1.8574	8.1200
1.3627	-0.6837	10.0689
-1.3244	-0.9093	9.7208
1.1976	-0.7819	9.1507
1.2389	2.0512	8.9665
0.0897	-0.7071	8.9228
1.9687	-0.0682	10.1611
1.5458	2.0357	10.1006
0.9015	-0.7878	11.0332
1.7581	-0.5336	10.5008
-0.7549	-0.9194	10.0307
1.4973	-0.1149	8.5387
1.7007	0.8423	11.0171
-0.0191	-2.7769	10.2598
0.6718	1.6690	10.7988
1.0540	-0.9230	12.6382
0.3123	0.3224	9.9451
0.3966	-0.0939	9.8733
0.2752	-1.2215	12.3457
1.2197	-0.2136	8.2372
0.0479	-0.1490	10.9860
0.6784	0.0114	11.0907
0.9158	0.8471	10.2227
0.8752	-0.5438	12.1148
1.3047	0.2985	8.7696
0.4038	0.2967	8.9138
1.1300	-0.8058	9.5156
0.9517	1.2784	7.6373
0.1107	-0.3703	10.1934
1.3358	1.3681	8.7990
0.5503	-0.1765	10.1808
1.9818	1.3866	10.4656
0.4158	1.0504	8.4717
0.5964	-0.5372	10.0348
1.1593	2.1655	8.6751
0.7388	-1.8311	8.5537
1.0331	-0.0921	9.3236
-0.1388	0.8572	8.5178
1.3172	-0.4995	9.3254
0.1777	2.2486	8.0410
0.8106	-0.1358	9.4695
2.0387	0.9882	9.1244
-1.0032	0.5641	9.3906
0.3805	-0.8189	9.9900
-0.0562	1.7037	9.0000
1.3519	-1.2808	8.6285
1.3214	1.9148	10.5499
-0.2919	-1.0134	9.2584
-0.2375	0.2136	8.6853
1.0989	-0.1196	8.7601
-0.0365	1.5081	9.5162
0.3996	0.8895	8.7942
0.6933	0.4463	9.8494
0.0156	-0.2183	8.7667
0.3206	-0.0293	9.7112
-0.3805	-0.9129	10.8484
1.5141	0.1825	9.6885
0.4971	0.7914	12.0269
-0.3248	-0.4457	9.2883
0.6652	-0.0060	9.3409
0.6861	0.3631	9.5802
0.6724	0.1490	9.3930
-0.2847	-0.0060	11.3000
-0.0048	-0.3840	10.1593
0.7681	-0.0455	9.6221
1.4459	-0.4504	10.0360
-0.5569	0.1322	11.2283
1.3364	-0.3559	11.1284
0.1992	-0.3218	10.1820
1.2359	-0.6389	8.3910
0.2500	0.6144	9.5090
-0.0826	-0.0323	10.2418
0.4504	-1.1360	9.3397
0.9446	0.5886	9.1136
0.5707	0.5121	9.2799
0.1609	0.0957	8.9934
0.9182	-0.2626	9.3834
-0.1214	0.2572	9.6143
-1.0020	0.3164	9.4642
1.0522	0.7065	9.9607
0.7346	0.6281	9.3092
-0.3894	-0.7400	9.7034
0.2231	0.5713	9.8482
0.9338	-0.3182	9.3104
0.1513	0.7956	9.3607
0.1035	-0.1250	9.7974
1.1635	0.1202	10.6719
1.3424	-0.8829	7.7162
-0.4175	0.2124	9.8344
1.1174	0.6676	10.5032
0.8554	0.8088	10.2442
1.0875	-0.4875	8.8283
-0.6161	-0.2094	10.8699
0.7101	-0.6957	8.7218
0.5946	1.3968	9.1399
0.1334	-0.3159	8.6590
0.6550	-0.1041	8.3778
1.1348	0.7681	8.1954
1.1611	0.0784	8.7948
0.9900	0.7226	10.3926
1.7294	-0.1214	9.8219
0.7956	0.8686	10.9088
-0.7286	-0.0078	9.5060
0.8889	0.7442	8.4957
0.9876	1.3184	9.8919
0.9123	0.6724	8.9754
1.0618	0.0526	11.3042
0.1860	0.3069	10.9292
1.2084	0.0269	7.6510
-0.5611	-0.5390	9.5682
0.8650	0.9864	9.7974
1.3304	0.0921	10.2113
0.4469	0.3930	8.5166
0.0221	0.3464	8.4765
0.9685	0.5850	8.3718
1.2861	0.6496	8.6087
-0.3948	-0.3021	8.0620
1.3256	-0.5521	8.8055
1.1797	0.9745	8.5495
0.4181	-0.3834	11.3270
1.2748	-1.6929	11.4322
1.3143	0.4451	9.2656
1.3537	-0.7669	9.7232
0.5958	0.0407	10.5882
-0.8381	-0.6628	10.2340
2.3617	-0.6712	8.9162
0.1382	1.9256	11.2582
0.1101	0.5545	9.5850
1.5218	0.3541	11.1116
-0.3870	-0.6437	10.5451
0.9811	-1.1013	10.4925
0.5521	1.8090	9.7986
2.2122	-1.1731	8.4490
0.5390	0.8327	10.7012
-0.2100	0.6281	7.9896
0.5168	-0.4397	9.4755
0.0317	1.7749	9.4193
1.3292	-0.7388	10.4201
0.9099	0.0335	11.4580
-0.0126	-0.0293	9.0586
0.4911	-0.7460	8.8612
1.1384	0.0287	8.7625
-0.1825	0.1484	9.0676
0.1848	-0.1214	10.2239
1.1761	0.3864	8.8719
1.3047	0.8183	9.5066
1.3220	0.2650	9.3367
-0.7340	-0.1406	9.1334
0.5826	0.2130	9.3026
0.3117	1.1330	8.9013
0.7603	-0.0843	11.3563
1.7569	0.3087	10.3022
1.5978	1.3370	10.5421
-0.1202	-0.6227	10.0755
1.0492	1.8353	8.9019
0.3117	-0.7687	10.3471
0.6048	0.6461	8.8989
1.5290	0.7908	10.2346
0.2812	0.2004	9.3439
1.4112	0.5037	8.3389
0.5055	0.1089	8.9611
1.3854	0.3607	8.7344
0.6790	0.3613	8.9150
0.7525	0.2530	8.9677
1.0558	0.6221	9.4576
0.2381	1.0875	10.1599
2.3497	-0.5420	9.7597
0.8847	0.4325	10.4811
0.5587	0.7430	9.5102
0.8668	0.0538	9.4995
-1.6522	0.3918	10.7515
0.9924	0.0604	9.3637
0.5294	0.7657	8.8797
1.2102	-0.8806	10.9932
1.6947	0.6431	9.7286
-0.2937	-0.9535	10.9573
0.7723	-0.1077	11.3940
0.2847	-0.2554	10.4584
0.9631	-0.1819	10.1210
1.7593	0.3499	8.9922
-0.1442	0.3260	9.5120
0.6479	-0.2919	10.5475
0.8321	0.5324	9.0305
1.3005	-0.4678	11.5076
0.9386	-0.9517	11.4849
0.7472	-0.8183	11.5740
0.8740	0.8273	10.4949
0.7932	-0.2189	8.6961
0.6760	-0.1573	7.4291
0.3571	1.4590	7.0289
-0.2189	1.0875	8.3808
0.9990	1.2586	8.9635
0.2477	0.7280	8.1774
0.6700	-0.0167	10.7670
1.3029	0.2871	9.9529
0.4798	0.3224	8.2510
0.2471	-0.0604	9.9481
1.2048	0.3159	9.9714
1.0744	0.5713	9.8087
-0.3410	-0.3649	8.9718
0.5803	0.3332	10.2861
1.3125	0.9344	10.3591
0.8315	0.8614	9.6849
0.2399	0.2818	11.6081
0.9918	0.5731	10.2975
1.7300	-0.2818	10.7198
0.2704	0.8620	9.9852
1.5972	-0.3027	8.6985
0.5432	1.0247	9.4995
0.5791	-0.4361	8.3013
0.9164	-0.1478	11.7212
0.0377	1.0289	8.7128
1.2999	0.5049	8.7858
0.9015	1.0283	10.0480
1.5882	0.6724	9.6113
0.3727	0.9272	8.4969
-0.1950	-0.2835	8.7936
1.3268	-0.5743	9.5970
1.3705	0.1531	10.1138
0.2692	0.1484	10.8472
0.7160	-1.3759	10.5840
0.9482	0.7322	8.6189
0.5761	-0.4798	9.6394
0.2201	0.4983	8.5280
0.9129	-1.2670	10.6869
0.4032	-0.2034	11.4173
0.0054	-0.0556	11.0769
0.2118	-0.4421	10.0977
2.0231	-0.2136	9.4043
0.0867	0.9164	8.0668
0.2171	-0.9057	9.7328
-0.2871	2.0267	7.9914
0.9559	-0.6975	9.5832
0.7394	0.2369	10.3639
0.8913	0.6323	9.7208
0.8267	-0.0203	9.7346
0.5037	1.9023	8.7373
1.3107	0.0036	9.9990
1.5129	0.3858	8.8606
0.2979	0.9458	12.5557
1.3531	1.4853	10.3926
0.9793	0.8500	7.7150
0.7238	0.1878	9.1058
1.1438	-0.1968	10.7401
0.7866	0.0652	10.0378
0.2895	-0.4241	10.7156
0.2770	0.8052	8.5202
0.6323	-0.2931	9.6035
1.8969	0.0574	8.9413
-0.1208	0.6628	11.2211
0.5988	-0.0293	10.7778
0.7962	0.9464	9.8901
0.2405	-0.0437	10.0761
1.8108	0.5384	8.2690
-0.0425	1.5918	10.1060
0.8112	-0.2512	8.1445
0.9972	0.7023	9.0023
-0.3398	0.5761	8.3515
0.9619	-0.9057	8.8067
1.0205	2.2570	9.6556
1.3328	-1.7198	10.1425
0.4475	0.5958	10.1706
-0.3063	-0.0909	9.8883
0.9266	-0.9960	9.6616
0.4427	1.3077	9.5922
0.1549	-0.0969	10.3651
1.5164	-0.3200	8.6584
-0.1364	0.1735	8.5591
1.2096	-0.9147	10.3250
0.0485	2.0542	8.4077
1.4076	-1.8496	9.8733
-0.4816	0.3374	10.9088
0.2297	-0.1436	9.1579
1.4130	0.2518	10.1940
1.0229	0.7711	8.7146
0.1238	-0.4690	8.8241
0.8668	0.6102	10.7629
-0.0257	0.7968	8.9533
1.1659	-0.4403	9.9924
0.5563	-0.0335	9.4097
0.9045	-0.0263	9.2985
0.2124	-0.2865	9.3882
0.9123	0.9410	8.7762
0.5324	0.5151	10.4769
0.4534	0.4600	8.8624
1.1222	0.1795	11.2211
-0.1400	0.3488	11.1260
0.8195	0.7436	7.9830
0.0138	-0.6437	9.6801
0.7705	0.3846	10.2137
1.0313	0.5940	9.2033
0.5994	0.4086	10.3040
1.1228	1.3567	8.4311
0.4881	-0.2136	9.3613
1.6349	0.3870	9.4827
0.4397	0.3840	11.0398
0.5844	0.0000	9.2470
0.6084	1.0002	8.4969
0.1490	0.1717	10.0067
1.5529	-0.2183	9.8057
0.7065	1.1007	10.0809
0.2315	0.2201	8.3072
1.1270	-0.1705	7.2155
-0.0132	0.7208	8.8396
1.1139	-0.3709	8.6895
0.6239	1.9741	8.7906
1.1719	-0.6730	8.4586
1.1031	0.7998	8.6871
-0.7113	1.0528	9.0538
1.3926	0.0455	9.5084
0.0670	1.1294	8.6291
0.3613	-0.1651	10.7036
1.3489	-0.6383	10.3100
-0.3948	0.1089	8.9718
2.0327	-0.8823	10.1108
0.1310	1.2796	9.4809
1.2383	-0.5216	10.0115
1.4758	-0.7603	9.9948
-0.7573	0.0909	10.5505
0.5922	-0.0664	9.6006
0.9194	0.4175	10.9938
0.7609	-0.1896	10.4506
0.3709	-0.5497	11.1529
-0.3888	-0.2357	10.1419
0.8058	-0.8201	9.7005
-0.1699	0.0371	9.8057
0.2100	-0.1274	7.9393
0.0748	-0.9541	9.2297
0.4905	1.0271	8.7122
1.2969	-0.1202	9.4163
0.4786	0.7238	8.8020
-0.2865	0.9864	9.0382
1.4590	-0.8231	10.7910
0.0610	1.1773	9.9846
1.2808	-1.0193	10.6911
1.8365	0.4893	10.5463
1.2754	0.7513	8.7541
0.4696	-1.0798	9.3828
0.2459	1.1222	9.4953
0.7310	-0.0173	8.5890
0.4277	-0.2877	9.1100
0.9416	0.9930	10.5661
-0.0640	0.3176	10.0534
1.4692	0.2578	9.1423
0.0766	0.9428	8.6781
0.3577	-0.7824	8.8438
1.5087	0.5791	9.8021
-0.4355	-0.2291	9.2464
0.6915	-0.3422	9.6843
0.5659	1.2138	8.4119
1.6343	-0.0628	9.0376
1.3208	0.0377	8.0524
-0.2465	0.5121	8.3276
1.1240	1.7581	9.6131
-0.0796	0.6347	9.3684
1.3220	-0.4343	9.4199
1.1240	1.0080	10.0642
0.4038	-0.0843	9.1226
1.3771	0.7412	8.6727
-0.1914	1.1545	9.8350
0.4469	0.6562	9.8422
1.0630	0.7059	10.4781
0.7962	-0.3254	9.3164
0.8058	1.0355	10.5846
0.3912	-0.0879	7.9465
1.4943	0.4481	9.1286
0.9888	0.9918	9.1698
1.3286	0.5276	9.1381
0.5019	0.2937	9.4145
0.6335	-0.0592	9.9349
0.0078	0.0084	10.5469
0.7783	-0.6831	10.4213
0.9266	0.5809	11.0955
1.0816	-0.6808	8.9210
0.7645	0.1801	10.1192
0.4439	0.2453	11.0638
0.0867	1.3148	12.7519
0.9386	-0.6808	10.3208
0.8165	1.0498	12.3690
0.2662	-0.1986	8.8725
0.1280	0.6018	11.1062
0.7053	-0.1244	11.0039
0.5581	0.6574	11.4191
-0.4690	-0.2381	11.7098
0.7645	-1.2502	9.0430
0.7376	1.4919	7.9962
0.8471	-0.4415	8.9503
0.0526	0.9709	8.6028
1.2413	-1.0056	8.6159
0.9487	0.7561	9.0335
0.6161	1.5039	8.0817
0.7705	-1.1575	8.3683
1.5009	0.9751	10.1126
-0.8213	-0.5958	10.8969
1.4943	-0.1490	8.2594
0.7591	2.5154	8.5011
2.0183	-0.9559	9.1046
2.5956	0.7777	10.4285
-0.4134	0.4008	10.2083
1.0074	-0.1807	10.1736
-0.5946	0.4014	9.6735
1.6008	-0.9828	9.8380
1.8161	1.4237	9.5928
0.0538	-0.2847	9.5527
1.3872	0.2136	8.5746
0.0437	1.1832	8.3497
1.2694	-0.5731	9.5868
0.7406	0.8363	9.6939
-0.1172	-0.1926	9.3116
0.8985	0.5055	8.4012
-0.1789	1.5583	6.9386
1.0911	-0.4594	8.8642
1.7192	1.0971	9.2057
0.8231	0.6269	8.9204
0.8614	0.5013	10.0073
0.4612	0.3248	9.7088
0.7842	-0.2919	9.3810
0.4606	0.6766	10.3938
-0.5210	-0.2046	9.5449
1.3352	0.6951	9.2141
1.4925	-0.1795	8.1577
0.5174	0.7962	9.9326
0.8154	0.4504	10.8388
0.3057	0.0700	7.8215
1.0690	-0.9511	8.7631
0.3057	1.3166	8.5651
1.0750	0.1059	9.4396
0.3057	0.5049	9.1130
0.8004	0.1836	8.6207
0.9428	-0.8411	8.5812
-0.0084	0.3823	9.0125
1.3071	0.2088	9.6293
0.4439	0.6622	10.9010
0.4193	0.9745	9.9032
1.1013	-0.1645	10.1796
0.4223	0.2728	11.0739
1.4297	-0.8411	9.0723
1.3388	0.4576	10.8388
-0.1316	0.8752	9.0592
1.1976	0.1669	9.8961
0.7926	0.4098	8.6099
0.2369	0.0239	10.1784
1.2610	0.9846	11.3132
1.7168	-0.2118	9.8793
0.6700	-0.3021	10.8125
-0.0203	1.3262	9.8638
0.2076	-0.1597	10.5200
0.8447	0.3105	9.7322
1.0899	-0.0215	9.6394
0.7890	-0.1400	10.5116
0.8997	0.5934	9.5395
0.9972	0.8991	9.4354
0.0162	1.7509	9.2955
0.0299	-0.2327	10.4021
1.0594	0.8596	10.3280
0.3009	-0.5515	11.0297
0.5515	0.3930	10.4548
1.0582	-0.1328	10.9274
0.5312	-0.1029	9.9667
0.2465	-0.5539	10.3328
0.3882	-0.7501	10.8083
-0.0179	0.6814	9.0903
0.1496	-1.1049	9.2261
1.2963	0.7567	10.0660
-0.6496	-0.5210	7.1144
1.1623	-0.7202	9.3062
1.0313	2.1362	8.4089
1.5266	-0.9547	7.6953
-0.0772	0.8554	10.2969
-0.6724	-0.0293	9.5742
0.2961	-1.4770	10.8843
0.3398	0.8925	9.5539
1.2179	-2.0231	9.4241
0.5838	2.1643	9.7447
0.3924	-0.7795	8.1134
0.1669	0.2405	8.7966
0.6335	0.2345	10.1359
0.6239	-0.4786	9.0089
0.9470	0.9308	8.3371
0.2752	-0.2506	9.5102
0.6191	-0.4080	8.8307
0.8429	0.7484	7.9621
0.6359	0.9039	10.6504
0.5713	0.2387	9.4384
-0.2716	0.6227	10.0510
0.2764	-0.5282	10.5750
1.2185	0.8237	8.0034
-0.3834	0.3601	8.5304
1.0481	0.4552	7.2664
0.3823	-1.0983	9.9589
2.1493	-0.2895	9.3553
-0.3799	0.0084	7.6917
0.6766	-0.1807	11.9551
2.0716	0.8100	9.9158
0.2686	0.6269	8.7732
1.4112	0.3589	9.5587
0.5306	0.3266	10.3968
0.3505	0.8165	10.2011
1.5117	1.0122	10.3351
-0.2991	-0.5300	8.0369
1.9818	-0.2028	10.8137
1.2060	3.0311	8.1655
0.4193	-0.5629	9.6197
1.3412	0.8524	8.8301
1.4423	-0.3751	10.1563
-0.5198	-0.1466	8.2355
0.1394	-0.7131	7.7575
1.6373	0.4032	9.7429
0.7149	0.2752	11.9377
-0.4606	0.9320	9.6017
0.9404	-1.1270	8.9312
0.8626	0.7986	10.2029
1.3358	0.4804	10.3980
0.3793	1.0169	10.9262
0.5468	0.3278	7.8185
0.0903	0.4319	9.3655
0.6538	0.2512	8.8875
1.2688	0.0903	9.4354
1.2957	0.2207	9.8662
-0.2339	0.0963	9.9218
0.7495	-0.1789	9.6843
0.5408	0.5563	9.7800
-0.0867	-0.1286	9.2183
1.0092	-0.7472	11.0326
0.8237	1.2329	9.2841
-0.2572	0.8668	9.4055
0.8794	0.4307	9.1017
1.0564	0.1466	8.5310
1.2915	-0.0377	9.8566
0.1262	1.1695	8.1290
0.6784	-0.6233	8.8510
-0.0491	1.1025	9.5294
1.9340	-0.4211	10.2125
0.4618	0.0377	10.5960
1.1892	0.2973	7.3543
2.0901	0.3033	7.0690
-1.4315	0.3751	9.9720
0.7549	0.7836	9.8931
0.5958	-1.0008	11.4245
1.3107	0.7166	11.7978
0.6042	0.7836	11.3258
0.9541	-0.6784	8.1391
0.7011	0.3990	8.3270
0.7484	0.0407	9.9194
0.1376	0.4660	9.0311
1.1844	0.0891	7.9274
0.6670	0.4744	7.6594
0.7992	0.5767	10.9902
0.6329	-0.8142	11.3048
1.0792	0.3045	9.3924
1.4650	-0.1454	10.8771
-0.8620	1.4153	10.0444
1.5757	-1.0086	10.4093
0.2309	1.1665	10.9609
1.6122	-0.1872	9.0185
1.5559	0.6885	11.0572
0.1753	-0.0233	9.4504
0.2818	-0.5007	11.8540
0.3739	0.2650	12.2620
0.8524	-0.1388	9.5479
0.2776	0.3188	10.8526
0.7430	0.6431	9.6861
0.0849	0.1454	10.3609
0.7992	0.3499	10.8699
0.7484	0.0455	9.8638
0.4349	0.6586	11.2007
0.3637	0.3033	8.7918
0.0108	1.1814	9.3260
1.0409	-0.7047	10.9082
0.3224	-0.4780	10.2370
-0.4481	-0.0006	11.0398
-0.0975	-1.1515	8.7182
1.0905	1.2132	10.2269
0.4313	0.0371	9.8895
0.2530	0.6132	8.3718
0.5491	-0.4134	8.8905
0.2237	1.6540	8.6398
0.3464	0.5013	8.1661
1.1127	0.0688	9.4678
1.3669	0.7639	9.3278
0.1507	-0.1496	9.9978
0.3691	0.7932	9.8644
-0.1424	0.2363	10.0187
0.7771	0.1759	9.0131
0.3834	1.1462	9.5970
0.6233	-0.7077	9.7423
0.3643	0.2710	8.8570
0.6185	0.3553	8.7691
1.1635	-0.1974	9.2781
0.6407	-0.1023	9.3912
0.8536	-0.5360	10.6911
-0.6778	0.5276	10.3848
0.7567	-0.7244	8.9054
0.6712	1.0098	9.5060
0.7513	0.1789	8.8366
0.8471	-0.9631	9.7142
-0.0885	1.4835	8.7714
1.0929	0.5438	8.5489
0.4833	0.3398	10.4027
1.6606	1.2784	10.3513
0.5683	-0.8261	9.7244
1.2670	0.6485	9.3553
0.5563	0.5856	9.0029
0.7561	0.0317	9.2829
1.3208	1.6050	9.6364
-0.2357	0.7280	9.5647
1.2939	0.5988	10.5128
1.0965	0.9769	8.5531
1.3992	0.1902	10.7090
1.0277	1.1503	10.8705
0.9601	-0.1633	8.9838
1.3388	0.1101	10.1790
-0.3242	0.1448	9.8350
0.9212	0.5360	8.9359
1.7808	0.1334	8.4939
0.4708	0.1358	8.9635
1.3131	-0.0485	10.2807
0.9721	1.2622	9.5557
0.5091	-0.1244	8.7302
1.4453	-0.6126	10.5439
0.0568	-0.0227	10.7754
1.8700	-1.0259	9.4959
0.9087	1.1910	7.4470
0.8716	-0.4152	10.7042
1.3053	1.5314	9.3948
2.0153	-0.6215	8.5387
0.9380	0.1310	12.1932
0.3236	1.2915	9.3230
0.0556	-0.2094	8.9240
1.6337	0.3392	9.4456
0.7059	0.8925	8.9497
1.3041	-0.4516	7.1515
0.0251	1.2754	9.3696
1.4847	-0.1478	8.6374
0.3027	0.3535	11.1427
0.7424	1.3777	9.0155
1.4124	-1.1444	9.3930
0.5886	1.1468	9.2811
1.0163	0.1382	9.5850
0.7484	1.3095	9.6801
1.1563	-0.4152	9.0358
0.9757	0.3571	10.2221
0.4672	-0.3852	9.4343
0.9511	-0.9613	9.0610
0.9775	0.9182	10.0289
0.4887	-0.0634	9.5120
1.5523	0.6622	10.6007
0.8650	0.5234	8.3449
1.0827	-0.0909	9.8811
0.1525	0.5994	11.2719
0.9757	0.3793	9.6173
0.6161	0.4983	10.7527
0.0784	-0.0287	9.3631
0.9727	-0.3021	8.9072
0.9930	0.9583	11.6518
0.8746	0.7603	8.7086
0.5444	-0.0239	9.8967
-0.6562	0.5731	8.6363
-0.0867	-0.3523	11.8474
1.0857	-0.9978	10.4602
1.6421	0.4355	9.5820
0.2859	0.4690	10.3794
0.0526	-0.6514	8.0285
0.6185	-0.9601	8.4185
1.5446	-0.0784	11.6518
0.7226	-0.2375	9.5072
0.6730	-0.1041	9.2542
0.5288	0.5043	8.3796
1.4303	0.0532	10.4793
0.7717	0.4947	11.0039
1.6546	-0.0323	9.2566
-0.2405	-0.2189	11.9934
-0.4086	0.6425	10.0265
0.9733	0.0347	11.4933
0.0335	-0.2195	11.1254
1.8126	-0.3625	10.5068
0.5689	0.4331	11.2378
0.1244	-0.0945	10.2143
0.2297	0.0173	9.9822
0.6293	-0.3763	12.2111
0.6550	-0.6449	10.7706
0.0018	0.3266	9.9637
0.1376	-0.7077	8.7182
1.0056	1.1731	8.8701
0.0461	0.3470	11.1690
1.1037	-0.0245	8.8097
0.1771	0.3559	10.6325
0.2219	-0.1161	8.5561
0.8770	0.1370	10.7431
0.3511	-0.0664	12.6663
1.5218	-0.3894	10.6965
-0.5886	-0.2812	11.0745
0.9111	-0.2590	10.4362
1.3723	0.3194	10.3136
0.8303	0.9757	10.8753
-0.2201	0.6652	9.2859
0.3404	0.2243	9.8045
-0.5157	0.8237	7.7683
0.5695	-0.1292	10.1300
0.4469	0.8046	10.4799
1.3621	0.8136	6.9619
0.1202	1.2562	8.2205
-0.3918	0.0778	9.1998
0.4241	1.0738	10.1090
0.4229	-0.8847	9.9170
0.9727	1.4973	10.6384
-0.0227	-0.6957	8.9653
0.9075	0.5856	9.1034
1.2879	-0.0562	10.7946
0.1729	0.1478	11.0667
0.4875	0.4223	9.2943
0.3386	0.0736	10.1892
0.2889	0.3111	9.8004
0.3206	0.3416	9.0837
0.6227	-1.1773	10.5505
1.1545	0.7196	7.7330
-0.9302	-0.2650	8.1511
0.7364	-1.0367	8.2390
0.3834	2.4478	9.6323
0.4301	-2.3091	10.3680
0.8794	0.7657	8.7912
-0.2459	-0.8345	8.7511
0.4971	-0.7914	8.5310
0.9356	1.1755	9.1543
1.3023	0.6808	9.8093
0.8704	1.1958	9.2237
-0.0281	-0.6712	11.0895
0.4881	1.1707	8.5663
1.0798	0.8267	9.5832
0.2046	-0.5617	9.0299
0.8154	1.0977	8.9910
0.1950	-0.8614	10.1623
-0.6879	0.9655	9.9487
1.1085	0.7783	7.7491
0.3559	0.7226	9.7609
0.6987	0.7789	9.3140
-0.4026	-0.0449	10.0977
0.6365	0.3332	10.2819
-0.5737	1.6469	10.9178
0.6688	-0.7651	8.2887
0.2327	-0.5258	8.6931
-0.3314	-0.5432	9.5647
0.3039	-0.8213	8.6368
0.8877	1.2353	9.2889
1.0373	-0.3218	8.8881
0.2794	1.1904	10.2921
-0.1830	-0.7501	9.4941
0.4923	0.3619	8.1661
-0.0634	0.7813	10.8580
0.3499	0.1202	9.7423
1.4871	0.3511	9.3978
0.0383	-0.4451	10.2041
0.6508	0.6879	10.5212
0.6102	0.0736	10.4608
0.4816	0.2411	9.6161
1.0810	-0.2734	9.8656
0.6437	0.1376	10.5116
0.7848	0.2267	9.4809
0.3494	-0.2124	9.7381
0.5139	0.6712	9.5102
1.2748	0.2142	10.8430
1.1210	0.0736	10.6277
0.3703	0.2387	11.1158
0.4397	-0.5174	11.0243
-0.2548	0.1292	10.5696
0.8925	-0.5880	8.5040
1.1617	0.8734	8.8815
0.5599	1.1162	9.3182
1.7462	-0.6682	12.4797
0.7717	0.9051	10.7664
0.4223	-0.6185	8.7379
0.1663	0.4935	9.6448
-0.3607	0.2997	8.7696
0.7412	0.4020	9.5904
0.5653	1.2861	10.4207
0.9194	-0.1430	10.0378
1.2802	0.7059	10.0588
0.5719	-0.0419	9.6287
1.0690	0.1807	9.9948
1.1820	0.4504	11.5848
0.1484	-0.3320	10.2586
1.1761	-0.6102	9.2662
0.2524	0.5306	9.0544
0.8578	0.4163	10.3208
0.9703	-0.3033	10.1736
0.7065	0.7454	9.3595
-0.0359	-0.8046	10.1694
0.0162	0.8548	9.8835
1.2616	-0.5055	8.9694
1.0780	0.3350	9.7944
0.1454	0.8674	9.7603
1.6074	-0.8399	10.5008
-0.8213	0.3661	9.5922
1.3292	-0.1166	9.7932
1.4656	0.4056	10.7515
0.2710	0.0778	9.3990
1.3400	-0.8034	12.4306
0.8004	0.7286	9.2297
-0.0419	1.0104	8.4394
0.5300	-0.1059	8.5525
0.5557	1.1797	8.7918
1.6756	-0.3188	8.6739
0.2859	1.5559	8.3377
0.5976	-0.5055	9.8961
2.4568	1.9029	9.7531
0.9398	0.0012	7.1144
0.8297	-0.9176	9.9308
0.8279	0.0167	9.2745
-0.2399	0.6664	8.4412
0.1854	0.3272	8.6464
-0.2249	-0.5503	8.2055
0.9188	1.0570	9.8727
1.2658	0.2985	9.2674
-0.0467	-1.5416	9.6089
1.4477	2.3761	7.0504
-0.3954	1.3466	11.7272
0.3434	-2.4969	9.9146
1.1898	1.3406	9.9427
-0.4008	-1.4829	7.3986
1.1408	0.9487	8.3348
-0.5486	-0.1083	13.2556
1.6325	-0.6897	11.3288
-0.9565	1.4817	9.1800
-0.7986	-1.0810	7.3615
2.0853	2.9916	7.5601
-1.4596	1.1946	11.5238
1.5212	-1.4327	10.5786
-0.8991	1.7198	8.2259
0.4367	-1.2999	6.3481
0.8758	2.4377	7.8520
-1.3053	-0.3499	13.9985
-0.4570	-1.5894	7.1713
0.9972	0.0688	7.4961
-1.2879	0.3123	10.1347
0.9236	-0.0173	9.5150
-0.0837	0.1490	13.7987
0.9787	-0.1998	8.5322
0.2985	0.0281	7.8478
-0.4923	0.5486	8.8851
-0.0359	2.3988	8.5980
1.2700	-2.6883	5.9838
1.5039	1.9298	9.9385
0.5049	-0.7681	10.5966
0.3685	-1.3214	11.7224
1.0038	1.2927	8.5082
1.3382	-0.3870	9.5288
-0.4433	0.5198	9.2488
-1.6271	0.6060	7.7892
1.3172	-0.4014	9.2512
0.8405	1.4686	10.4709
-0.6921	2.2062	9.8458
0.7795	0.5491	7.0773
0.3272	-0.4110	10.7605
0.5599	-0.1376	12.9816
1.0881	-0.5647	10.6534
0.0646	1.6074	10.9567
0.1262	-0.4923	7.4381
0.3009	0.2471	8.1858
1.1384	-0.1621	11.2983
2.1087	-0.6281	10.2837
-1.6175	2.4819	10.6061
-0.2046	-1.0857	8.5441
1.4273	0.7143	11.4209
1.8060	-0.5324	12.1375
1.7916	0.2273	10.6049
0.2369	0.5198	10.0707
1.0810	-0.1920	10.0384
0.1125	0.5934	10.4961
1.1330	0.5186	11.7828
1.0050	-0.6646	9.4516
0.8315	0.6173	13.0336
0.8237	-0.5318	8.6141
1.6881	0.6550	11.2797
1.0445	1.4967	10.7246
0.4540	0.7268	8.3665
0.6849	0.4899	9.5665
0.3930	0.2495	10.1288
1.0110	-0.2734	10.7647
1.5428	-0.1741	10.7844
1.0762	-0.5001	10.8113
0.7442	-1.1916	11.8779
0.5198	1.0648	12.3146
0.2189	-0.3452	10.7611
1.0780	0.7950	11.4424
-0.3488	-0.4319	7.5870
1.4764	-0.0497	12.3457
0.4576	1.3214	8.4837
1.8161	-0.0760	9.4181
0.8411	0.6951	9.3876
0.9613	1.6851	7.6121
0.5013	0.4504	8.5328
-0.2602	1.0373	9.7369
0.6915	-0.9206	12.0454
1.3980	-0.0329	10.8209
1.6756	1.1079	8.2271
-0.1023	0.5312	10.1324
1.0169	-0.0042	11.1098
-0.1280	0.7735	10.2239
2.1105	-1.2305	10.8915
0.2512	1.9884	9.1716
0.4032	0.5581	10.2945
0.7615	0.5324	9.1926
0.5210	1.2658	9.2979
1.8939	-0.0855	9.4905
-0.2177	1.7444	7.2143
0.9416	0.5336	10.5056
0.5569	2.1511	10.8993
0.0580	-0.4977	9.7381
1.0504	0.7813	8.8253
0.7286	-0.4881	6.5617
1.6253	-0.3912	9.9852
0.6766	2.1242	8.9724
0.6532	-1.3938	9.0544
0.5659	1.1210	9.8201
-0.6191	-0.9093	8.2935
1.3029	-0.9332	9.6335
0.7723	0.7938	8.0692
0.1501	-0.9493	8.8719
0.5623	0.8835	9.7938
0.4714	0.0592	9.7405
0.1029	-0.0377	9.4923
1.1234	0.4965	8.5214
-0.3619	-0.5689	9.4205
1.3436	0.9099	9.2793
0.3051	-0.5282	10.7216
0.6437	-0.0861	9.1818
0.7430	0.1956	9.5802
0.8518	-0.4277	10.2346
0.6203	1.4967	8.6757
0.8614	-1.1186	10.1599
1.4889	0.8967	9.8745
-0.3422	1.0893	11.3156
1.2461	0.1137	11.0691
1.0098	1.1832	8.3874
1.7826	0.0269	10.1228
0.9535	1.7091	9.3882
0.0820	0.6837	9.6137
1.2012	0.0586	9.8416
1.0427	0.5396	10.1455
0.4576	-0.2465	8.6171
0.8614	-0.7777	7.3358
0.7178	0.9703	11.6937
1.6163	1.7186	12.2787
0.8770	0.0957	11.3096
0.5605	-0.5916	11.9880
-1.0576	-0.2853	9.6592
1.1785	1.9561	9.7387
0.2255	-0.7525	10.0785
1.0038	1.6002	9.3397
0.7741	0.6215	8.6099
-0.0359	1.4584	10.3998
0.6820	0.6951	8.8959
0.6036	0.6610	10.6761
0.8883	0.3828	10.6839
0.7687	-1.1091	11.2869
-0.1974	0.1501	8.7607
1.4088	-1.5422	9.2428
0.1202	1.4094	9.1507
0.7376	-0.3852	8.4035
-0.3745	0.7651	10.6845
1.6313	0.4050	9.6699
0.9015	1.8807	9.0598
0.6102	0.9105	10.6875
1.2514	0.1609	9.9565
0.7920	-0.2818	9.5054
0.5856	0.0652	10.1796
0.0861	0.0640	8.3072
0.8955	0.0802	10.1306
1.0594	-0.2339	9.6490
0.6305	0.2824	10.1874
-0.2716	1.0163	10.6630
0.9392	0.1143	8.8163
0.2632	0.8608	9.2356
-0.4068	0.0873	8.7810
0.7735	0.4277	10.0995
0.5127	0.6987	9.4510
0.1687	-0.4163	8.8157
0.6580	0.3541	9.3302
0.6311	0.0479	9.0071
0.7406	-0.5420	10.4817
0.9320	0.0610	10.1288
1.1743	0.5773	10.4596
-0.0455	0.1507	9.0789
1.0469	0.2321	9.4468
0.3147	0.6150	11.0440
0.6592	-0.5127	10.0695
1.0331	-0.2710	9.0586
0.6616	-0.2375	11.1786
0.2662	0.5641	8.7493
0.7651	0.3930	7.9274
-0.1567	1.2473	9.4396
1.5852	0.5719	10.7976
-0.3003	1.3322	7.5774
1.5398	-0.5659	8.3060
-0.5665	0.1011	9.7680
0.8261	-0.3033	10.3794
1.1970	-0.7567	10.3124
0.5916	0.5402	9.0723
1.2203	-0.2471	10.3465
0.0592	0.4810	9.2273
1.6253	0.0855	9.7405
0.3087	0.8028	10.3728
0.7442	0.2309	11.0967
0.1926	0.0891	9.2039
0.8112	0.0718	8.6171
0.4684	0.9416	10.2532
0.6688	0.3218	10.2011
1.2706	-0.0706	9.6233
0.3087	0.5438	9.2578
0.8225	0.2865	9.9326
0.0096	0.8937	9.3529
1.4596	-0.5432	8.9569
0.2638	0.2429	9.3553
0.2387	0.3350	9.4803
0.1968	0.3356	8.9455
0.7137	1.0445	9.6221
0.4271	0.0736	9.1465
1.9304	-0.1513	9.6041
0.9021	0.0179	9.5862
0.7256	-0.2160	10.2646
0.2279	-0.0736	10.2173
0.4080	0.3775	9.7214
0.0431	0.2148	9.6107
0.9129	-0.0550	7.5804
0.7053	0.6245	8.8588
0.3906	0.5139	8.9683
0.3900	0.7406	10.3680
0.6820	-0.1795	9.6424
1.3214	-0.2955	9.0771
0.6024	0.6473	8.5669
1.3675	0.5348	9.5916
0.0185	0.5515	9.6927
0.8710	0.0299	9.9032
0.0957	-0.2818	10.1198
1.4088	0.1280	10.1485
0.1765	0.0766	9.4995
1.1862	-0.5109	9.3679
0.7125	0.8626	8.9192
0.0514	0.6855	9.1782
0.5922	0.2961	10.0055
0.5785	0.6831	10.3716
1.2706	0.0742	8.9868
-0.0251	-0.1597	9.2596
0.5306	-0.5378	8.5405
0.3027	1.1677	9.5593
0.4259	-0.5533	9.7178
0.6257	1.0839	10.2299
0.3739	0.5527	10.0313
0.3284	0.4361	10.4291
1.0947	0.5557	8.9276
0.9930	0.5228	9.8674
0.1501	-0.3338	9.0867
1.1127	-0.0796	8.4012
0.4953	0.2489	8.8349
0.7160	-0.6837	8.7577
0.8291	0.3882	9.2063
0.4391	0.6939	9.7734
0.6000	-0.2716	9.2895
0.7813	0.6837	9.1112
0.6921	0.0778	10.0893
1.0552	0.1490	8.9802
0.9182	-0.0365	10.1186
1.0971	0.3852	10.0558
0.0179	0.3488	9.5892
0.8566	-0.0084	9.3020
0.8471	0.9081	9.7166
0.8171	0.8357	9.9122
0.2088	-0.4421	9.6460
0.7842	0.4175	9.6173
0.6036	-0.1633	9.5030
0.7519	0.0784	9.4235
0.8925	0.2279	9.8004
0.9996	0.4750	9.5706
0.5898	-0.2764	9.1926
1.6582	-0.0706	10.4039
0.0467	0.1131	9.2093
0.7579	-0.0425	9.6909
0.6592	0.1932	10.2849
0.6742	0.3667	10.2586
0.8034	-0.2381	9.3936
0.3386	0.6580	9.9577
0.4845	-0.0018	9.6388
0.3924	0.4630	8.9527
1.3208	0.1926	9.3882
0.6479	0.7914	10.1533
1.0564	-0.1352	9.7124
0.0957	0.3823	10.0366
0.6209	-0.5360	9.6855
0.1496	0.9308	9.2662
0.8584	0.2154	9.4510
0.7549	0.8788	9.3457
1.0110	-0.2016	9.5222
1.1007	-0.0425	10.6935
0.2094	0.1304	9.5198
-0.0311	-0.2489	9.6957
0.6610	1.1779	10.0636
1.0319	-1.0128	9.7387
1.7240	-0.1848	9.3326
-0.0054	0.9087	10.1264
0.6078	0.1149	9.0364
0.2375	1.2341	9.3978
0.8010	-0.2429	8.8558
0.7531	0.0748	9.0233
0.5480	0.8423	9.4833
0.9045	-0.2261	9.4049
0.8363	-0.1603	9.8979
0.7472	0.1986	9.7292
0.6490	-0.2285	9.7429
0.8686	0.3236	9.1316
0.6628	1.0534	9.3236
0.6072	-0.3141	8.7182
0.6060	0.7962	9.4701
0.5121	0.2548	9.9541
0.1950	0.0993	9.3009
0.8465	0.4068	8.7655
0.4833	0.5450	8.9186
0.3159	0.1747	9.2398
0.8967	0.2997	9.5072
1.1324	0.4947	9.6915
0.5593	0.4056	9.6969
1.0265	0.3846	9.5587
1.1127	0.1005	10.3046
0.3984	-0.2668	10.2065
0.8052	-0.3811	9.7722
0.3063	0.1627	9.3684
1.0630	-0.5707	9.2967
0.5821	0.9464	9.7752
1.0337	0.1119	10.3040
0.5258	0.3350	8.9904
0.0096	0.5976	9.1848
0.9099	0.4062	9.9116
1.2915	0.0048	10.0157
1.2203	-0.0520	9.5557
0.6987	-0.0341	9.6580
0.6413	0.2195	9.6610
0.5246	0.2626	9.7651
0.3817	-0.1418	9.9391
0.2297	0.5599	10.2077
1.4034	-0.2339	9.8039
0.8512	-0.1280	9.8273
1.0181	1.0780	10.7766
0.5480	-0.0209	9.4923
0.7095	-0.2339	9.1956
0.9063	0.8829	10.2813
0.7519	-0.1825	9.0676
0.5121	0.0353	9.1262
0.7232	0.3870	9.9122
0.7370	0.3787	9.6915
0.5767	0.3739	9.4187
0.9057	0.3691	9.8967
0.6538	0.0144	9.6765
1.0756	-0.1304	9.3906
0.8925	0.6227	9.5838
0.6353	-0.0664	9.5168
0.5133	0.7549	10.0779
1.0630	0.1741	9.7256
0.2662	0.2602	9.5868
0.9129	0.1454	9.3882
0.3559	0.1382	9.8249
0.5222	0.2566	9.4546
1.0343	-0.1436	9.6801
0.4660	0.1137	10.0779
0.5593	0.5773	9.7884
1.2275	0.5396	9.7100
0.2154	0.7597	9.4707
1.0624	-0.0371	9.7704
-0.2483	1.4925	9.8524
1.2861	-0.6712	9.5054
0.2979	0.7202	9.7142
1.1575	-0.3811	10.0552
0.2339	0.3763	9.6909
0.7286	0.0209	9.6406
0.6054	0.2100	9.7088
0.8375	0.3230	9.1591
0.5934	0.6281	9.8159
0.9123	0.2495	9.3966
0.9954	0.1789	9.3571
0.6831	0.6431	9.6000
0.6544	-0.1759	9.3834
0.7268	0.1884	9.5162
0.5856	0.3799	9.5216
0.3936	-0.3679	9.2309
1.1145	0.6688	9.5377
0.5151	0.7125	9.7884
0.5210	-0.0167	9.6341
0.8447	0.4540	9.8195
1.1288	-0.0479	9.5234
0.6156	0.4786	9.3786
0.7041	0.3601	10.0707
0.3954	0.5360	9.4648
0.3709	-0.1364	9.3391
0.7292	0.6951	9.9218
1.0612	0.1693	9.0903
0.3517	0.0497	9.8452
0.6126	0.2088	9.7214
0.8022	0.1579	9.7304
0.6030	0.5803	9.9026
0.6347	0.2871	9.7238
0.5079	0.2919	9.4325
0.8877	0.0933	9.0699
0.4588	0.2016	10.2705
0.4762	0.1161	9.6975
0.7543	0.0317	9.4678
0.4343	0.5832	9.5108
1.0128	0.4528	9.2356
0.4941	0.4092	9.5240
0.7125	0.1047	9.3242
0.8668	0.4457	10.2454
0.8800	-0.1842	9.7800
0.7484	0.0000	9.7680
0.7914	-0.3015	10.0408
0.6921	-0.0012	9.4402
1.0032	0.9158	9.7495
0.4289	0.3021	9.2757
0.8483	0.6508	9.4845
0.0939	0.6167	9.6999
0.7878	0.0724	9.9212
0.5940	0.4098	9.7477
0.5797	0.0915	9.7190
1.1037	0.0377	9.5240
0.1890	0.6156	9.8997
1.0696	-0.1615	9.1746
0.4977	0.3505	10.2173
0.8231	-0.2142	9.4396
0.6921	0.3398	9.6652
0.6640	0.1699	10.1258
0.6903	0.3535	9.2674
0.8130	0.2142	9.2608
0.7890	0.5695	9.6424
0.7023	-0.1202	9.3003
0.9230	0.7220	9.3068
0.3553	0.2734	9.6532
1.1318	-0.1364	9.5186
0.3541	0.8955	9.1621
1.2700	-0.3446	9.2620
0.5139	1.0307	9.7280
1.1886	-0.0281	9.0891
0.0377	1.0570	10.0193
0.2303	0.4869	9.0478
0.9482	-0.1214	9.7585
0.3793	0.3972	9.5288
0.5300	0.4714	9.5982
0.9709	-0.1125	9.6771
0.6054	0.3781	9.9230
0.7519	0.2345	9.7130
0.6287	0.3308	9.9080
0.3703	0.3697	9.5078
0.9416	0.4481	9.7435
0.4935	0.2393	9.8207
0.9864	0.2447	9.6185
0.6670	0.2746	9.7992
0.4044	0.0574	10.0085
1.1013	0.2644	9.3397
0.2883	0.2949	10.0031
0.7065	0.3984	9.2315
0.6371	0.3266	9.6448
0.5115	0.0102	9.5814
0.7579	0.6820	9.2775
0.2201	-0.1041	10.2598
0.8608	0.4169	8.8139
0.3673	0.2219	9.6873
0.5874	0.0897	9.2051
0.8602	0.4355	9.6227
0.2201	0.1095	10.3363
0.9248	0.2919	8.8049
0.6784	-0.0335	9.8590
0.8650	0.1842	9.5084
1.0881	0.0012	9.2985
0.6096	0.2040	9.7525
0.8812	0.2889	9.1447
0.5270	0.5886	9.6999
0.3894	-0.2423	9.4372
0.8614	0.3039	9.5760
0.4044	0.1651	10.2424
0.5653	0.2710	9.3080
0.6323	0.2046	9.6418
0.4816	0.1747	9.5030
0.6508	0.6371	9.1477
0.7771	0.1011	9.7770
0.6126	0.5623	9.1962
0.6096	0.3260	9.6693
0.6096	0.3523	9.6227
0.5844	0.4570	9.6909
0.6658	0.0359	9.8584
0.8177	0.1496	9.4893
0.6215	0.4498	9.9188
0.6682	0.1819	9.5988
1.0463	0.0401	9.6173
0.4899	0.4050	9.4947
0.8782	0.3404	9.0227
0.6754	0.1143	9.7381
0.6419	0.4158	9.2596
0.9416	0.2991	9.3553
0.4774	0.1633	9.3978
1.0463	0.5635	9.2877
0.5043	0.5587	9.6299
0.6742	0.3595	9.1687
0.8183	-0.0036	9.7423
0.6927	0.4845	9.5252
0.6574	0.1585	9.4935
0.5258	0.2285	9.9128
0.5509	0.3769	9.5300
0.5946	0.0945	9.4235
0.7944	0.2303	9.6520
0.6167	0.3900	9.5748
0.6778	0.2309	9.3954
0.7149	0.3039	9.5982
0.5569	0.4134	9.6101
0.8710	0.1501	9.6502
0.5952	0.1316	9.7429
0.7358	0.2465	9.6197
0.5695	0.2518	9.5007
0.7095	0.1747	9.3768
0.7005	0.4044	9.6041
0.6598	0.0461	9.6137
0.5898	0.4570	9.6592
0.6431	0.2201	9.5844
0.7513	0.2459	9.5138
0.6227	0.1657	9.6388
0.6269	0.3817	9.7172
0.7202	0.2608	9.9242
0.5850	0.2500	9.4229
0.8578	0.2584	9.6646
0.6036	0.3703	9.7740
0.6066	0.2064	9.4354
0.6574	0.3302	9.7100
0.6897	0.0700	9.6203
0.6407	0.2381	9.5593
0.7208	0.4343	9.6012
0.5821	0.0796	9.7728
0.8249	0.1854	9.5150
0.5904	0.3081	9.6418
0.6329	0.1663	9.6987
0.8148	0.2895	9.4893
0.5934	0.1579	9.6323
0.8692	0.4181	9.4684
0.4947	0.3649	9.7962
0.7968	0.1860	9.5988
0.5354	0.4199	9.6550
0.7352	0.0347	9.8446
0.8728	0.5503	9.4438
0.4726	0.0173	9.7525
0.9559	0.4905	9.3529
0.4175	0.1424	9.7154
0.7609	0.2871	9.3415
0.6987	0.4582	9.7477
0.6084	0.2004	9.7184
0.7687	0.4421	9.2931
0.6078	-0.0221	9.9810
0.7813	0.4158	9.6281
0.6329	0.1639	9.7513
0.5809	0.1250	9.7501
0.7125	0.3565	9.4929
0.5127	0.1573	9.6819
0.9176	0.2740	9.5383
0.5527	0.1884	10.1407
0.7561	0.1567	9.3242
0.4534	0.3081	9.7405
0.6790	0.1968	9.8452
0.5797	0.3948	9.5222
0.8812	-0.0245	9.7280
0.6664	0.2871	9.6466
0.7609	0.1693	9.5527
0.7113	0.3775	9.6568
0.5671	0.2656	9.5120
0.7765	0.3565	9.5557
0.4953	0.1651	9.9009
0.6921	0.2728	9.7148
0.6407	0.1400	9.7513
0.6114	0.2835	9.6670
0.8022	0.2931	9.6173
0.6473	0.2548	9.8386
0.7035	0.1292	9.4767
0.7890	0.2477	9.6388
0.5378	0.3200	9.8380
0.7842	0.2620	9.4325
0.6963	0.2800	9.6532
0.7394	0.0933	9.6849
0.6329	0.3888	9.4510
0.6658	0.2285	9.5180
0.7478	0.2991	9.7046
0.5414	0.3529	9.5018
0.7489	0.2722	9.4426
0.5222	0.2722	9.6945
0.7047	0.2267	9.5048
0.6568	0.2812	9.5575
0.6867	0.2052	9.7220
0.6251	0.2776	9.6658
0.7166	0.2602	9.5365
0.6544	0.1872	9.6502
0.6987	0.3392	9.6897
0.6849	0.2584	9.5599
0.7196	0.1848	9.6287
0.7436	0.2142	9.7310
0.7047	0.2602	9.5563
0.6293	0.2291	9.6574
0.6383	0.2572	9.6795
0.6742	0.3212	9.5605
0.7131	0.1962	9.6311
0.6969	0.2536	9.6825
0.6855	0.2524	9.5647
0.7238	0.2943	9.6610
0.6365	0.2291	9.7513
0.6514	0.2853	9.5324
0.6885	0.2560	9.6323
0.6969	0.2237	9.7070
0.6526	0.2441	9.6227
0.6299	0.2602	9.5665
0.6784	0.3236	9.6526
0.6479	0.2363	9.7232
0.6754	0.2668	9.5401
0.7214	0.2261	9.6652
0.6646	0.2512	9.6664
0.7107	0.2919	9.4959
0.6688	0.2070	9.6927
0.6760	0.2644	9.6592
0.7400	0.2674	9.5796
0.7077	0.2369	9.6753
0.6891	0.1950	9.6909
0.7202	0.2824	9.5886
0.6903	0.2931	9.5724
0.6490	0.2417	9.7447
0.6849	0.2698	9.5724
0.6867	0.2363	9.6424
0.6365	0.2285	9.7346
0.7023	0.2453	9.5306
0.6353	0.2710	9.5778
0.6676	0.2381	9.6951
0.6855	0.2506	9.6538
0.6574	0.2453	9.4995
0.6802	0.2279	9.6969
0.6562	0.2662	9.6424
0.6748	0.2572	9.6215
0.6490	0.2566	9.6640
0.7184	0.2614	9.5844
0.6957	0.2626	9.5377
0.6903	0.2112	9.6388
0.6622	0.2477	9.6167
0.6658	0.2865	9.5677
0.7011	0.2554	9.6352
0.6616	0.2279	9.7124
0.6831	0.2291	9.5706
0.7304	0.2722	9.6592
0.6909	0.2608	9.6759
0.6670	0.2315	9.6215
0.6658	0.2315	9.5760
0.6652	0.2465	9.6681
0.6580	0.2734	9.6335
0.7077	0.2536	9.5994
0.6945	0.2429	9.6945
0.6706	0.2800	9.6029
0.6736	0.2776	9.5700
0.6831	0.1938	9.6759
0.6933	0.2381	9.5730
0.7466	0.2602	9.5671
0.6670	0.2291	9.6861
0.6730	0.2339	9.6275
0.6939	0.2512	9.5892
0.6479	0.2794	9.6831
0.7065	0.2489	9.6311
0.6915	0.2674	9.6149
0.6825	0.2512	9.6640
0.6814	0.2620	9.6293
0.6496	0.2477	9.6083
0.6586	0.2638	9.6490
0.6239	0.2680	9.6460
0.6778	0.2399	9.5778
0.6144	0.2453	9.6203
0.6508	0.2584	9.6562
0.6808	0.2620	9.6335
0.7029	0.2387	9.6544
0.6766	0.2441	9.6275
0.7023	0.2722	9.6143
0.6981	0.2465	9.6113
0.6772	0.2315	9.7878
0.6730	0.2483	9.6508
0.6808	0.2680	9.5964
0.6945	0.2303	9.6006
0.6855	0.2500	9.6149
0.6784	0.2572	9.7645
0.6855	0.2512	9.6275
0.6664	0.2578	9.6364
0.6754	0.2524	9.6263
0.6526	0.2680	9.6604
0.6802	0.2255	9.6490
0.6682	0.2435	9.5946
0.6730	0.2417	9.6155
0.6754	0.2536	9.6903
0.6736	0.2578	9.5611
0.7065	0.2483	9.6233
0.6951	0.2255	9.6442
0.6712	0.2512	9.6287
0.6915	0.2644	9.6053
0.6873	0.2243	9.6364
0.7035	0.2225	9.6167
0.6879	0.2608	9.6311
0.6712	0.2477	9.6556
0.6825	0.2225	9.4971
0.7250	0.2441	9.6526
0.6814	0.2578	9.6173
0.6544	0.2530	9.6281
0.7041	0.2279	9.6664
0.6580	0.2626	9.6227
0.6849	0.2435	9.6484
0.6562	0.2782	9.5724
0.6473	0.2764	9.6269
0.6335	0.2489	9.6143
0.6772	0.2417	9.6185
0.6760	0.2512	9.6029
0.6909	0.2800	9.6484
0.6646	0.2560	9.6269
0.6861	0.2644	9.5856
0.6712	0.2560	9.6837
0.7107	0.2668	9.6442
0.6538	0.2459	9.5599
0.6849	0.2536	9.6526
0.6718	0.2698	9.5868
0.6891	0.2530	9.6508
0.6915	0.2477	9.6693
0.6939	0.2453	9.5569
0.7005	0.2572	9.6311
0.6568	0.2483	9.6083
0.6688	0.2291	9.6412
0.6820	0.2536	9.6155
0.6688	0.2554	9.6394
0.6831	0.2489	9.5898
0.6742	0.2626	9.5952
0.6724	0.2417	9.6735
0.6670	0.2548	9.6466
0.6574	0.2471	9.6006
0.6831	0.2710	9.6382
0.6903	0.2477	9.6448
0.6987	0.2333	9.6915
0.6885	0.2465	9.7663
0.6748	0.2548	9.5856
0.6802	0.2590	9.5970
0.6897	0.2518	9.6215
0.7065	0.2506	9.6113
0.6843	0.2381	9.6317
0.6706	0.2518	9.6418
0.6682	0.2536	9.6454
0.6556	0.2471	9.6436
0.7226	0.2554	9.6646
0.6736	0.2524	9.6059
0.6891	0.2333	9.6646
0.6933	0.2620	9.5700
0.6885	0.2638	9.6352
0.6485	0.2578	9.6699
0.6544	0.2530	9.6281
0.6622	0.2447	9.6364
0.6921	0.2590	9.6167
0.6778	0.2686	9.5916
0.7172	0.2405	9.6526
0.6927	0.2536	9.6915
0.6879	0.2614	9.6071
0.6766	0.2219	9.6083
0.6891	0.2447	9.5036
0.6532	0.2495	9.6035
0.6921	0.2524	9.6305
0.6712	0.2183	9.6466
0.7035	0.2315	9.6526
0.7047	0.2453	9.6388
0.6628	0.2578	9.6095
0.6730	0.2698	9.5988
0.6640	0.2560	9.6520
0.7119	0.2477	9.6329
0.6550	0.2495	9.6598
0.6802	0.2423	9.6203
0.6646	0.2489	9.6658
0.6754	0.2548	9.6484
0.6903	0.2530	9.6155
0.6921	0.2566	9.6311
0.6885	0.2560	9.6287
0.6957	0.2453	9.6107
0.6802	0.2524	9.6167
0.6981	0.2536	9.6370
0.6951	0.2554	9.6143
0.6915	0.2423	9.6532
0.7137	0.2411	9.6305
0.6790	0.2560	9.6161
0.6831	0.2429	9.6825
0.6616	0.2489	9.6538
0.6754	0.2495	9.6400
0.6945	0.2512	9.6520
0.6544	0.2620	9.6239
0.6467	0.2411	9.6131
0.6664	0.2512	9.6388
0.6664	0.2542	9.6514
0.7023	0.2548	9.6616
0.6712	0.2345	9.6616
0.6987	0.2512	9.6269
0.6616	0.2704	9.6352
0.6682	0.2746	9.6197
0.7011	0.2578	9.6221
0.6796	0.2495	9.6233
0.6652	0.2453	9.6275
0.7125	0.2441	9.6388
0.7017	0.2620	9.6341
0.6831	0.2638	9.6161
0.6664	0.2489	9.6652
0.6706	0.2596	9.6053
0.6981	0.2243	9.5808
0.6987	0.2710	9.6735
0.6927	0.2351	9.6388
0.6742	0.2315	9.6221
0.6598	0.2483	9.6472
0.6592	0.2674	9.6352
0.6712	0.2417	9.6047
0.6951	0.2429	9.6311
0.6921	0.2267	9.6562
0.6634	0.2590	9.6119
0.6981	0.2602	9.6293
0.6790	0.2674	9.6119
0.6867	0.2375	9.6125
0.6568	0.2500	9.6089
0.6814	0.2734	9.7956
0.6778	0.2363	9.6717
0.6963	0.2399	9.6711
0.6927	0.2566	9.6299
0.7035	0.2429	9.6000
0.6790	0.2662	9.5862
0.6706	0.2465	9.6233
0.6927	0.2590	9.6077
0.6885	0.2602	9.6077
0.6538	0.2554	9.5880
0.6790	0.2447	9.6012
0.6909	0.2273	9.6753
0.6622	0.2692	9.6179
0.6831	0.2584	9.6418
0.6736	0.2453	9.6257
0.6622	0.2530	9.6323
0.6748	0.2453	9.6705
0.6628	0.2566	9.6598
0.6628	0.2530	9.6251
0.6640	0.2447	9.6329
0.7077	0.2435	9.6490
0.7023	0.2411	9.6251
0.6586	0.2536	9.5880
0.6664	0.2572	9.4965
0.6586	0.2560	9.6095
0.6939	0.2554	9.6065
0.7011	0.2668	9.6239
0.6251	0.2710	9.6215
0.6855	0.2650	9.6418
0.6837	0.2345	9.6149
0.6634	0.2506	9.6149
0.6634	0.2524	9.6251
0.6682	0.2327	9.6759
0.6628	0.2249	9.6269
0.6389	0.2518	9.6478
0.6993	0.2471	9.6179
0.6981	0.2447	9.6335
0.6933	0.2620	9.6747
0.6861	0.2447	9.6006
0.6987	0.2471	9.6203
0.6945	0.2662	9.5718
0.6837	0.2674	9.6358
0.6772	0.2518	9.6520
0.6849	0.2644	9.6358
0.6993	0.2542	9.6508
0.6658	0.2632	9.6532
0.6891	0.2291	9.6245
0.6867	0.2512	9.6364
0.6742	0.2716	9.6879
0.7011	0.2554	9.6424
0.6257	0.2483	9.5886
0.6772	0.2560	9.6664
0.6790	0.2453	9.6071
0.6508	0.2566	9.6131
0.6993	0.2578	9.6634
0.6706	0.2524	9.5862
0.6855	0.2650	9.6209
0.6766	0.2435	9.5982
0.6957	0.2375	9.5856
0.6736	0.2303	9.6149
0.6514	0.2626	9.6257
0.6724	0.2626	9.6430
0.6951	0.2560	9.6311
0.7382	0.2477	9.6496
0.6772	0.2500	9.5892
0.6825	0.2483	9.6388
0.6772	0.2495	9.6442
0.6861	0.2548	9.6341
0.6622	0.2453	9.6299
0.6814	0.2584	9.6197
0.6700	0.2489	9.6514
0.6814	0.2644	9.6269
0.6646	0.2447	9.6167
0.7166	0.2375	9.6179
0.6837	0.2500	9.6370
0.6676	0.2530	9.6454
0.6808	0.2495	9.6418
0.6772	0.2554	9.6376
0.6808	0.2441	9.6717
0.6790	0.2524	9.6574
0.6867	0.2459	9.6520
0.6981	0.2327	9.6281
0.6784	0.2435	9.6442
0.6891	0.2459	9.6951
0.6670	0.2632	9.6209
0.6945	0.2536	9.6173
0.6568	0.2632	9.6472
0.6730	0.2351	9.5904
0.6490	0.2483	9.6496
0.6652	0.2536	9.6658
0.6700	0.2770	9.6323
0.6574	0.2285	9.5916
0.6915	0.2584	9.6484
0.6861	0.2536	9.6083
0.7029	0.2602	9.6263
0.6628	0.2602	9.6257
0.6915	0.2530	9.6466
0.6706	0.2339	9.6101
0.6939	0.2566	9.6382
0.6873	0.2447	9.6921
0.6580	0.2477	9.6203
0.6562	0.2453	9.6167
0.6975	0.2626	9.6382
0.6831	0.2560	9.6245
0.6820	0.2590	9.6239
0.6981	0.2674	9.6514
0.6550	0.2399	9.6012
0.6999	0.2614	9.6233
0.6748	0.2674	9.6101
0.6790	0.2608	9.6418
0.6802	0.2518	9.6502
0.6909	0.2453	9.6604
0.6700	0.2656	9.6676
0.6796	0.2716	9.6341
0.6790	0.2231	9.6406
0.6628	0.2483	9.6681
0.6999	0.2518	9.6388
0.6873	0.2512	9.5994
0.6736	0.2471	9.6299
0.6981	0.2423	9.6526
0.6718	0.2614	9.6095
0.6658	0.2734	9.6191
0.6933	0.2477	9.5706
0.6688	0.2363	9.5018
0.6808	0.2500	9.6245
0.6670	0.2477	9.6012
0.6706	0.2387	9.6197
0.6760	0.2740	9.6179
0.6598	0.2572	9.6448
0.6915	0.2620	9.6245
0.6772	0.2566	9.6670
0.6766	0.2309	9.6263
0.6837	0.2626	9.6418
0.6670	0.2578	9.6705
0.6843	0.2524	9.6155
0.6556	0.2453	9.6909
0.6688	0.2423	9.7716
0.6802	0.2644	9.6352
0.6760	0.2483	9.6233
0.6712	0.2596	9.6502
0.6939	0.2357	9.6233
0.6939	0.2608	9.6113
0.6748	0.2590	9.6299
0.6837	0.2417	9.6227
0.6837	0.2506	9.6418
0.7292	0.2477	9.6454
0.6885	0.2435	9.6059
0.6736	0.2375	9.6245
0.6987	0.2578	9.5934
0.6706	0.2698	9.6550
0.7005	0.2453	9.6466
0.6873	0.2423	9.6484
0.6861	0.2477	9.6263
0.7011	0.2375	9.6466
0.6897	0.2632	9.6436
0.6634	0.2417	9.6149
0.6724	0.2495	9.6287
0.6963	0.2453	9.6293
0.6622	0.2381	9.6436
0.6748	0.2471	9.6305
0.6628	0.2345	9.6580
0.6831	0.2399	9.6430
0.6700	0.2435	9.6143
0.6825	0.2357	9.6466
0.6867	0.2542	9.5982
0.6712	0.2411	9.6412
0.6879	0.2405	9.6556
0.6879	0.2429	9.6137
0.6724	0.2674	9.6125
0.6784	0.2387	9.6155
0.6802	0.2423	9.6747
0.6814	0.2441	9.6311
0.6814	0.2429	9.6191
0.6706	0.2638	9.6448
0.6903	0.2351	9.6203
0.6802	0.2500	9.6520
0.6897	0.2489	9.6514
0.7047	0.2554	9.4947
0.6580	0.2303	9.6155
0.6736	0.2578	9.6442
0.6634	0.2495	9.6239
0.6849	0.2483	9.6586
0.6802	0.2411	9.6424
0.6861	0.2578	9.6179
0.6796	0.2506	9.6484
0.6646	0.2423	9.6209
0.7137	0.2500	9.6305
0.6897	0.2453	9.6119
0.6879	0.2554	9.5964
0.6879	0.2500	9.6233
0.6526	0.2806	9.6125
0.6957	0.2626	9.6376
0.6748	0.2435	9.6035
0.6706	0.2812	9.6203
0.6951	0.2297	9.6269
0.6861	0.2554	9.6000
0.6802	0.2572	9.5898
0.6855	0.2638	9.6544
0.6873	0.2548	9.6245
0.6855	0.2459	9.6508
0.7017	0.2453	9.6281
0.6736	0.2471	9.6592
0.6700	0.2297	9.6376
0.6736	0.2441	9.6305
0.6700	0.2411	9.6239
0.6820	0.2423	9.6059
0.6975	0.2590	9.6448
0.7011	0.2405	9.6245
0.6706	0.2602	9.6329
0.6825	0.2554	9.6574
0.6802	0.2417	9.6574
0.6706	0.2524	9.6388
0.6694	0.2459	9.6227
0.6855	0.2375	9.6125
0.6694	0.2500	9.6592
0.6610	0.2429	9.6023
0.6814	0.2369	9.5928
0.6688	0.2596	9.6460
0.6772	0.2483	9.6323
0.6999	0.2375	9.6287
0.6682	0.2453	9.6185
0.6808	0.2590	9.6287
0.6347	0.2524	9.6155
0.6861	0.2530	9.6586
0.6814	0.2309	9.6514
0.6969	0.2542	9.6311
0.6981	0.2650	9.6364
0.6604	0.2542	9.6376
0.6802	0.2524	9.6915
0.6736	0.2500	9.6107
0.6939	0.2560	9.6185
0.6760	0.2572	9.7639
0.6784	0.2524	9.6143
0.7041	0.2489	9.6466
0.6724	0.2512	9.6287
0.7083	0.2243	9.6089
0.6652	0.2656	9.6424
0.6897	0.2506	9.6412
0.6742	0.2453	9.5856
0.6861	0.2500	9.6664
0.7160	0.2489	9.6831
0.6520	0.2638	9.5647
0.6921	0.2524	9.6400
0.6694	0.2644	9.5748
0.6790	0.2668	9.6789
0.6736	0.2255	9.5928
0.6999	0.2590	9.6412
0.6903	0.2650	9.5778
0.6843	0.2363	9.6532
0.6963	0.2477	9.6125
0.6730	0.2614	9.6376
0.6676	0.2596	9.6538
0.6455	0.2405	9.6161
0.6921	0.2447	9.6556
0.6808	0.2644	9.5048
0.6825	0.2399	9.6167
0.6796	0.2387	9.6424
0.6544	0.2578	9.6275
0.6748	0.2518	9.6317
0.6814	0.2692	9.6059
0.6634	0.2512	9.6406
0.6760	0.2512	9.6616
0.6790	0.2459	9.6400
0.6490	0.2429	9.6658
0.6802	0.2596	9.6000
0.6957	0.2506	9.6107
0.6784	0.2758	9.6335
0.6736	0.2662	9.6323
0.6772	0.2459	9.6287
0.6855	0.2602	9.6670
0.6820	0.2524	9.6335
0.6736	0.2489	9.6424
0.6736	0.2566	9.7746
0.6891	0.2399	9.6681
0.6981	0.2560	9.6047
0.6963	0.2644	9.6364
0.6951	0.2656	9.6053
0.6544	0.2453	9.6083
0.6784	0.2483	9.6795
0.6843	0.2806	9.6143
0.6790	0.2548	9.6263
0.6490	0.2728	9.6095
0.6682	0.2333	9.6526
0.6790	0.2512	9.6335
0.6927	0.2465	9.6358
0.6790	0.2518	9.6143
0.6670	0.2686	9.5653
0.6730	0.2560	9.6179

