count	accelx	accely	accelz	roll	pitch	heading
1	0.0000	0.0000	-0.0640	-0.0260	0.1970	0.0000
2	0.0150	0.0150	0.0070	-0.0720	0.1110	-0.0860
3	0.0100	0.0040	-0.0140	-0.0670	0.1240	-0.1670
4	0.0030	0.0060	-0.0200	-0.0790	0.4200	-0.1810
5	-0.0030	0.0250	-0.0220	-0.0770	0.1530	-0.2280
6	0.0170	0.0120	-0.0120	-0.0790	0.1600	-0.3420
7	-0.0040	0.0120	-0.0330	0.0830	0.1730	-0.2960
8	0.0020	0.0160	0.0000	-0.0880	0.1870	-0.2760
9	0.0460	0.0110	0.0080	-0.0920	0.1880	-0.3140
10	0.0060	0.0150	-0.0100	0.1820	-0.4030	-0.4090
11	0.0270	0.0220	0.0010	-0.0970	0.1760	-0.4040
12	0.0130	0.0170	-0.0200	-0.0930	0.1810	-0.3360
13	0.0290	0.0100	-0.0070	-0.0950	0.1730	-0.3530
14	0.0260	0.0040	-0.0020	-0.0870	0.1630	-0.4090
15	0.0380	0.0060	-0.0010	-0.0820	0.1640	-0.3660
16	0.0150	0.0090	0.0380	-0.0920	0.1720	-0.2080
17	0.0240	0.0210	-0.0180	-0.0880	0.1700	-0.1900
18	-0.0030	0.0170	0.0220	-0.0850	0.1750	-0.1950
19	0.0300	0.0160	-0.0250	-0.0830	0.1690	-0.2330
20	0.0190	0.0170	0.0220	-0.0800	0.1670	-0.3330
21	0.0260	0.0180	-0.1440	-0.0820	0.1760	-0.3730
22	0.0110	0.0180	0.0370	-0.0890	0.1790	-0.3420
23	0.0430	0.0220	0.0140	-0.0950	0.1750	-0.1940
24	0.0260	0.0080	0.0150	-0.0920	0.1750	-0.1830
25	0.0090	0.0200	-0.0130	-0.0880	0.1680	-0.0180
26	0.0140	0.0070	-0.0210	-0.0910	0.1620	0.1230
27	0.0120	0.0090	0.0020	-0.0900	0.1620	0.0690
28	0.0010	-0.0010	-0.0170	-0.1070	0.1660	-0.0210
29	0.0190	0.0240	0.0230	-0.0990	0.1780	-0.0920
30	0.0340	0.0250	-0.0020	-0.0960	0.1750	-0.1480
31	0.0190	0.0110	-0.0110	-0.1030	0.1770	-0.1220
32	0.0260	0.0210	-0.0020	-0.1020	0.1770	-0.0430
33	0.0240	0.0250	0.0110	-0.0870	0.1900	0.0590
34	-0.0040	0.0180	-0.0230	-0.0790	0.2010	0.1250
35	0.0310	0.0180	0.0220	-0.0790	0.2060	0.0100
36	0.0440	0.0180	0.0240	-0.0800	0.1930	0.0270
37	0.0440	0.0180	-0.0150	-0.1030	0.1930	-0.0240
38	0.0180	0.0220	0.0100	-0.0920	0.1870	-0.1140
39	0.0250	-0.0020	-0.0080	-0.0820	0.1890	-0.1140
40	0.0380	0.0240	0.0300	-0.0880	0.1930	-0.0030
41	0.0140	0.0180	0.0020	-0.0095	0.1860	0.0630
42	0.0150	0.0050	-0.0300	-0.0890	0.1890	0.1160
43	0.0140	0.0180	0.0180	-0.0960	0.1890	0.1090
44	0.0340	0.0120	0.0000	-0.0990	0.1910	0.1280
45	0.0320	0.0210	-0.1390	-0.1080	0.1990	0.3260
46	0.0520	0.0270	0.0000	-0.1060	0.1980	0.2970
47	0.0410	0.0150	0.0040	-0.1100	0.1940	0.3490
48	0.0240	0.0330	0.0410	-0.0940	0.1880	0.3120
49	0.0070	0.0250	-0.0140	-0.0930	0.1900	0.2260
50	0.0350	0.0290	-0.0030	-0.0890	0.1860	0.2260
51	0.0470	0.0120	0.0190	-0.0900	0.1970	0.1550
52	0.0410	0.0090	0.0210	-0.0920	0.2130	-0.0740
53	0.0190	0.0060	-0.0170	-0.0920	0.2090	-0.2620
54	0.0320	0.0220	0.0240	-0.0860	0.2130	-0.3450
55	0.0160	0.0100	-0.0390	-0.0910	0.2190	-0.3490
56	0.0460	0.0160	0.0040	-0.0860	0.2210	-0.4630
57	0.0170	0.0100	0.0010	-0.0830	0.2290	-0.6080
58	0.0310	-0.0010	-0.0040	-0.0890	0.2280	-0.6390
59	0.0260	0.0280	0.0130	-0.0810	0.2140	-0.6770
60	0.0320	-0.0020	0.0020	-0.0660	0.2100	-0.6490
61	0.0560	0.0100	0.0300	-0.0650	0.2020	-0.6650
62	0.0320	0.0080	-0.0140	-0.0650	0.1980	-0.7910
63	0.0480	-0.0040	-0.0220	-0.0610	0.1930	-0.7560
64	0.0300	0.0290	0.0080	-0.0550	0.1870	-0.6850
65	0.0250	-0.0050	-0.0020	-0.0500	0.1950	-0.7550
66	0.0190	-0.0050	-0.0260	-0.0490	0.2050	-0.7670
67	0.0270	0.0090	0.0070	-0.0430	0.2060	-0.7970
68	0.0430	0.0070	-0.0170	-0.0400	0.2030	-0.7440
69	0.0090	0.0160	0.0000	-0.0360	0.1990	-0.7110
70	0.0130	-0.0110	-0.0510	-0.0340	0.1930	-0.6900
71	0.0380	0.0050	0.0210	-0.0220	0.2040	-0.7710
72	0.0250	0.0100	0.0050	-0.0110	0.1960	-0.8300
73	0.0440	0.0160	0.1320	-0.0130	0.1920	-0.9370
74	0.0230	-0.0030	-0.0360	-0.0220	0.1950	-0.9760
75	0.0030	-0.0070	-0.0100	-0.0240	0.1900	-0.9500
76	0.0380	0.0010	-0.0320	-0.0150	0.1840	-0.9380
77	0.0220	0.0140	-0.0330	-0.0090	0.1820	-0.8310
78	0.0100	0.0040	0.1320	-0.0200	0.1960	-0.7920
79	0.0290	0.0010	0.0050	-0.0130	0.2050	-0.6500
80	0.0340	-0.0150	0.1240	-0.0080	0.1950	-0.5060
81	0.0250	-0.0010	0.0140	-0.0070	0.2120	-0.4150
82	0.0430	0.0120	0.0160	-0.0050	0.2090	-0.3690
83	0.0440	-0.0070	0.0040	-0.0010	0.2030	-0.2610
84	0.0280	0.0030	-0.0040	-0.0090	0.2100	-0.2140
85	0.0310	-0.0120	-0.0320	-0.0110	0.2170	-0.1100
86	0.0290	-0.0220	0.0250	-0.0090	0.2050	-0.1320
87	0.0090	-0.0060	-0.0050	-0.0060	0.1940	-0.2850
88	0.0340	-0.0120	0.0030	-0.0050	0.2040	-0.3690
89	0.0130	-0.0030	-0.0630	-0.0030	0.1940	-0.1760
90	0.0220	-0.0090	-0.0320	-0.0190	0.1970	-0.1780
91	0.0150	0.0060	0.0130	0.0000	0.1930	-0.2530
92	-0.0040	0.0060	0.0030	-0.0150	0.1990	-0.3120
93	0.0200	-0.0110	0.0020	-0.0210	0.2130	-0.2650
94	0.0230	0.0130	0.0480	-0.0220	0.2070	-0.2630
95	0.0570	0.0130	-0.0050	-0.0260	0.1980	-0.1750
96	0.0450	-0.0010	0.0090	-0.0340	0.2100	-0.1090
97	0.0190	0.0030	-0.0350	-0.0340	0.2030	-0.0120
98	0.0300	0.0170	0.0180	-0.0370	0.2150	0.0670
99	0.0520	0.0060	0.0000	-0.0240	0.2070	0.1220
100	0.0320	0.0130	-0.0130	-0.0210	0.2030	0.1360
101	0.0200	0.0080	0.0210	-0.0180	0.2080	0.0350
102	0.0110	0.0140	-0.0440	-0.0120	0.2030	-0.0440
103	0.0340	0.0010	-0.0140	-0.0100	0.2050	-0.0330
104	0.0290	-0.0110	0.0060	-0.0070	0.2110	-0.1330
105	0.0320	-0.0150	-0.0240	-0.0100	0.2130	-0.1650
106	0.0300	0.0070	-0.0110	-0.0130	0.2140	-0.2140
107	0.0100	-0.0400	0.0040	-0.0250	0.2360	-0.2600
108	0.0260	-0.0060	0.0280	-0.0230	0.2410	-0.2730
109	0.0200	0.0070	0.0130	-0.0110	0.2390	-0.3280
110	0.0390	0.0070	0.0070	-0.0190	0.2410	-0.2660
111	0.0410	0.0080	-0.1450	-0.0150	0.2350	-0.4180
112	0.0290	-0.0030	0.0200	-0.0100	0.2360	-0.6080
113	0.0030	0.0040	-0.0080	-0.0260	0.2390	-0.5970
114	0.0260	-0.0100	-0.0070	-0.0310	0.2280	-0.5460
115	0.0190	0.0180	0.0020	-0.0170	0.2310	-0.4370
116	0.0400	0.0000	-0.0030	-0.0240	0.2300	-0.3970
117	0.0320	0.0030	0.0290	-0.0290	0.2270	-0.4240
118	0.0490	0.0230	-0.0550	-0.0380	0.2250	-0.4660
119	0.0360	0.0080	0.0210	-0.0360	0.2290	-0.4420
120	-0.0060	0.0030	-0.0230	-243.0000	-0.4690	-2.1600
121	0.0430	0.0160	-0.0030	-0.0260	0.2390	-0.5360
122	0.0510	-0.0120	-0.0150	-0.0340	0.2232	-0.5600
123	0.0390	-0.0090	0.0270	-0.0230	0.2377	-0.5530
124	0.0320	-0.0060	-0.0300	0.0180	0.2350	-0.5540
125	0.0310	0.0010	0.0000	-0.0160	0.2400	-0.5930
126	0.0440	-0.0070	0.0080	-0.0170	0.2260	-0.6450
127	0.0220	0.0012	0.0020	-0.0280	0.2240	-0.6290
128	0.0340	-0.0050	0.0310	-0.0260	0.2260	-0.6770
129	0.0430	-0.0010	0.0270	-0.0360	0.2300	-0.6600
130	0.0290	-0.0010	-0.0270	-0.0370	0.2270	-0.6680
131	0.0270	-0.0210	-0.0560	-0.0300	0.2220	-0.6680
132	0.0470	0.0140	-0.0040	-0.0410	0.2190	-0.7100
133	0.0240	-0.0050	0.0010	-0.0360	0.2100	-0.7560
134	0.0130	-0.0030	-0.0100	-0.0280	0.2130	-0.6780
135	0.0330	-0.0040	0.0300	-0.0350	0.2020	-0.6810
136	0.0240	0.0140	-0.0330	-0.0400	0.1910	-0.7640
137	0.0400	0.0060	0.0200	-0.0400	0.1850	-0.7630
138	0.0240	0.0080	0.0150	-0.0440	0.1840	-0.7940
139	0.0360	0.0130	-0.0150	-0.0440	0.1810	-0.7400
140	0.0240	-0.0060	-0.0110	-0.0480	0.1730	-0.7850
141	0.0000	0.0050	-0.0130	-0.0540	0.1730	-0.7640
142	0.0270	0.0080	0.0410	-0.0640	0.1760	-0.8580
143	0.0240	0.0210	-0.0370	-0.0780	0.1770	-0.9440
144	0.0350	0.0120	-0.0270	-0.0620	0.1680	-0.9060
145	0.0200	0.0060	-0.0080	-0.0690	0.1600	-0.8670
146	0.0250	0.0150	0.0130	-0.0700	0.1600	-0.8510
147	0.0190	0.0080	-0.0340	-0.0570	0.1700	-0.9160
148	0.0250	0.0010	0.0100	-0.0630	0.1760	-1.0506
149	0.0290	0.0100	-0.0110	-0.0560	0.1780	-1.0950
150	0.0280	0.0160	0.0340	-0.0620	0.1670	-1.1470
151	0.0070	0.0170	-0.0050	-0.0570	0.1610	-1.1210
152	0.0180	-0.0070	-0.0210	-0.0620	0.1650	-1.1580
153	0.0450	-0.0060	0.0020	-0.0580	0.1560	-1.1530
154	0.0350	-0.0100	-0.0140	-0.0500	0.1550	-1.1120
155	0.0320	0.0140	0.0080	-0.0430	0.1440	-0.9630
156	0.0370	0.0110	-0.0100	-0.0470	0.1410	-0.7770
157	0.0260	-0.0070	-0.1280	-0.0460	0.1340	-0.7970
158	0.0100	-0.0040	-0.0560	-0.0500	0.1310	-1.0340
159	0.0050	0.0170	0.0220	-0.0380	0.1260	-1.0380
160	0.0070	-0.0050	-0.0110	-0.0420	0.1100	-1.0840
count	accelx	accely	accelz	roll	pitch	heading
1	-0.0240	0.0100	-0.0500	-0.0115	-0.0380	-0.1600
2	0.0040	0.0040	0.0000	-0.0190	-0.0440	-0.1890
3	0.0010	0.0030	-0.0110	-0.0150	-0.0340	-0.1870
4	-0.0120	0.0000	-0.0470	-0.0210	-0.0350	-0.1950
5	-0.0240	0.0000	0.0090	-0.0160	-0.0300	-0.1993
6	-0.0140	-0.0160	-0.0050	-0.0190	-0.0070	-0.2100
7	0.0090	-0.0120	0.1360	-0.0180	-0.0020	-0.2240
8	-0.0150	0.0090	-0.0040	-0.0260	0.0140	-0.2930
9	-0.0110	0.0090	0.0310	-0.0330	0.0090	-0.3230
10	0.0020	0.0090	-0.0020	-0.0270	0.0170	-0.3360
11	-0.0130	0.0070	-0.0010	-0.0200	0.0280	-0.3550
12	0.0090	0.0040	-0.0060	-0.0120	0.0320	-0.3940
13	0.0030	0.0030	-0.0480	-0.0170	0.0410	-0.3620
14	-0.0090	0.0000	0.0290	-0.0190	0.0410	-0.3620
15	-0.0230	-0.0050	-0.0240	-0.0130	0.0500	-0.3620
16	-0.0240	-0.0280	0.0120	-0.0070	0.0000	-0.2610
17	-0.0050	0.0000	0.0050	-0.0006	0.0540	-0.3920
18	-0.0250	0.0050	-0.0320	-0.0100	0.0640	-0.3810
19	-0.0030	0.0280	0.3270	-0.0110	0.0670	-0.3290
20	-0.5000	-0.2000	0.3370	-0.1100	0.1720	-0.3560
21	0.0610	-0.1640	-0.5410	-0.0790	0.1530	-0.3000
22	-0.0200	0.0800	-0.5840	-0.0490	0.1190	-0.2350
23	0.0410	0.2860	-0.5200	-0.0310	0.0980	-0.1000
24	-0.1860	-0.1400	0.5700	-0.0290	0.0990	-0.1453
25	-0.5000	-0.1630	0.9460	-0.0580	0.1540	-0.1500
26	-0.0760	0.0210	-0.7280	-0.0640	0.1580	-0.1150
27	-0.1650	0.0600	-1.1240	-0.0010	0.1580	-0.0950
28	-0.5000	0.0820	0.3240	-0.0570	0.1620	-0.1010
29	0.3120	-0.2890	0.2390	-0.1110	0.1280	-0.0610
30	-0.1840	-0.2770	0.6060	-0.0990	0.1180	-0.0120
31	-0.0710	-0.2770	0.3880	0.0500	0.0480	0.0600
32	-0.3970	-0.4320	-0.7270	0.0720	0.1630	0.0840
33	-0.0890	0.3270	0.0650	0.1700	0.4400	0.3270
34	-0.3100	-0.2260	-1.2550	-0.0440	0.2670	0.5100
35	-0.5000	0.3220	-2.5460	0.0470	0.3210	0.6230
36	-0.5000	-0.3430	0.4610	0.0050	0.4170	0.6390
37	0.0000	0.3280	-1.5130	-0.0310	0.4370	0.7500
38	-0.5000	0.2640	-2.5070	-0.0830	0.5800	0.7600
39	-0.5000	-0.0110	-1.2120	-0.1520	0.5770	0.7100
40	-0.5000	0.0880	0.0630	-0.2150	0.7470	0.6550
41	-0.3280	-0.5000	1.0950	-0.0980	0.5730	0.5770
42	0.5000	-0.4810	-2.0300	-0.1220	0.4820	0.5750
43	0.3710	-0.0800	-1.1140	-0.1770	0.4840	0.7090
44	0.1920	0.1980	1.0290	-0.0250	0.3550	0.8040
45	-0.5000	-0.5000	-0.2550	-0.0700	0.4660	0.8260
46	-0.5000	-0.4130	1.0940	-0.1040	0.4180	0.7620
47	0.2150	0.5000	1.1510	-0.0950	0.3700	0.8290
48	-0.5000	-0.1050	1.1650	-0.1590	0.4880	0.7900
49	-0.5000	0.2700	-1.5130	-0.0980	0.5400	0.7836
50	0.2660	-0.0970	0.3670	0.0090	0.4540	0.8270
51	0.5000	0.4200	208.0000	0.0610	0.5340	0.7620
52	0.5000	-0.1230	-0.9930	0.0020	0.5140	0.7820
53	-0.1480	-0.3270	0.3340	0.0680	0.4470	0.7890
54	-0.5000	-0.5000	-1.2970	0.0480	0.5000	0.8120
55	-0.5000	0.3110	-1.0270	0.0490	0.5700	0.8050
56	-0.0570	0.3080	-1.4820	-0.0310	0.5010	0.8240
57	0.5000	-0.5000	0.0870	-0.0630	0.5130	0.9690
58	-0.2860	-0.0980	-1.1070	-0.0360	0.5290	0.9790
59	-0.5000	0.0450	-2.6700	-0.0760	0.6810	0.9080
60	-0.5000	0.0450	-2.9290	-0.0550	0.9180	0.8550
61	0.1790	-0.0130	3.2730	-0.0060	0.9300	0.8220
62	0.5000	-0.5000	-3.2540	0.1480	0.9620	0.7770
63	-0.3720	-0.5000	-0.2260	-0.1100	0.8560	0.8570
64	-0.5000	0.2980	-0.1560	0.7530	0.7280	0.7460
65	-0.3320	-0.5000	-0.2870	-0.0490	0.8700	0.7930
66	0.5000	0.0000	0.7690	0.0560	0.8820	0.8700
67	0.5000	-0.5000	1.6760	0.1940	0.6900	1.1810
68	-0.0420	-0.5000	1.4860	0.2500	0.6810	1.3270
69	-0.5000	-0.4280	-2.7150	-0.1610	0.7360	1.4330
70	0.3550	-0.5000	0.8630	-0.0800	0.7030	1.4160
71	-0.5000	-0.3040	3.5300	0.2100	1.4870	1.4290
72	-0.5000	0.0030	2.5220	0.4050	0.6700	1.4050
73	0.4350	0.2590	0.6200	-0.3040	1.5710	1.3590
74	-0.5000	0.5000	-1.6940	-1.0720	2.3120	1.2930
75	-0.2700	0.5000	1.3000	-1.6320	2.6900	1.3760
76	0.5000	0.5000	1.9640	-2.5170	3.0910	1.4720
77	-0.5000	0.5000	-0.2010	-3.0900	3.5370	1.8990
78	0.5000	0.5000	0.6850	-4.0000	3.9700	1.8850
79	-0.4010	-0.5000	0.7010	-4.2550	3.9840	2.2840
80	-0.5000	0.5000	2.5390	-5.0220	5.7970	2.3050
81	-0.0820	0.5000	-2.9770	-4.7980	5.4100	2.3350
82	0.1120	-0.5000	-5.0020	-4.0660	4.5750	2.5620
83	0.5000	0.5000	-0.0470	-4.3940	5.0530	2.8690
84	-0.5000	0.5000	-6.1180	-4.2080	5.1710	2.7590
85	0.5000	-0.5000	3.9960	-4.1040	4.9720	2.9160
86	0.5000	0.5000	0.4880	-3.4770	4.8540	2.8260
87	-0.5000	-0.5000	-8.1950	-3.0610	4.8243	3.0620
88	0.5000	-0.5000	2.9370	-2.9440	3.9930	3.1155
89	-0.5000	-0.5000	-1.6420	-3.4270	0.4300	3.3620
90	-0.4480	-0.5000	4.2140	-1.0000	3.4610	3.4070
91	-0.5000	-0.5000	-3.8280	-3.0250	4.2500	3.3630
92	-0.0290	-0.2340	6.0840	-2.5830	4.0460	3.3870
93	-0.5000	-0.2340	5.5670	-2.3550	3.1100	3.5450
94	-0.5000	-0.5000	-12.1910	-2.3700	3.1870	3.6840
95	-0.5000	0.5000	-1.7440	-2.7480	3.8730	3.6510
96	0.3490	0.5000	-0.0540	-2.1980	3.7610	3.6100
97	-0.4950	0.0080	-4.7910	-2.6710	4.0950	3.4660
98	0.4320	0.5000	2.3010	-2.9500	4.4720	3.4200
99	-0.5000	-0.4980	0.6380	-3.4120	4.7460	3.4550
100	0.5000	-0.5000	0.0800	-3.5310	5.2030	3.3530
101	0.1160	0.5000	-0.0230	-3.7520	5.0190	3.3690
102	0.5000	-0.1430	1.7840	-3.7710	4.5100	3.3200
103	-0.5000	-0.5000	8.2010	-3.6370	4.1130	3.2950
104	-0.5000	-0.5000	-2.1840	-3.6420	4.1200	3.2160
105	-0.5000	-0.3970	2.7860	-3.6100	4.5180	3.0640
106	0.5000	0.5000	2.7850	-3.6270	4.0500	3.2070
107	-0.5000	-0.5000	1.9790	-3.5590	3.7560	3.3070
108	0.5000	-0.5000	3.0060	-3.4870	3.8910	3.2870
109	0.5000	0.5000	1.1140	-3.6350	4.3200	3.1980
110	0.5000	-0.5000	9.1800	-3.5000	3.8980	3.1310
111	0.5000	-0.5000	2.7030	-3.9230	3.7830	3.2320
112	-0.5000	-0.5000	-4.8100	-3.8880	3.9900	3.1270
113	-0.5000	-0.5000	-2.0530	-4.2070	4.6330	3.2060
114	0.5000	-0.1920	0.1960	-4.0600	4.1210	3.0300
115	-0.5000	-0.5000	3.2180	-3.7920	3.8810	3.0830
116	0.5000	-0.5000	0.3160	-3.8420	3.8490	2.9080
117	0.5000	-0.5000	-2.6170	-3.5980	3.7260	3.0470
118	0.5000	0.5000	-2.1110	-3.8250	3.5170	3.1170
119	0.4120	-0.5000	1.5090	-3.7350	3.0820	3.0360
120	-0.5000	-0.0530	2.5730	-3.6850	2.9600	3.0040
121	0.2630	0.5000	1.8780	-3.4770	2.7600	3.0550
122	0.5000	-0.5000	1.5132	-3.4300	2.9710	2.8930
123	-0.5000	-0.5000	3.4460	-3.3320	2.6710	2.8940
124	0.5000	-0.5000	6.7350	-3.3240	3.0100	2.8970
125	-0.5000	0.2250	5.7450	-3.4360	3.2540	2.8620
126	0.5000	-0.5000	9.3820	-3.4460	3.6840	2.7860
127	-0.5000	0.5000	3.1150	-3.5350	3.3590	2.8360
128	-0.5000	-0.5000	-11.7410	-3.6550	3.5610	2.8830
129	-0.5000	0.5000	1.8440	-3.5630	3.9040	3.1000
130	-0.1080	0.0670	-1.1920	-3.6490	3.6670	3.1100
131	-0.5000	0.5000	-4.7490	-3.4910	3.5010	3.0820
132	-0.5000	0.5000	0.1680	-3.6110	3.4280	2.8640
133	-0.5000	0.5000	0.3850	-3.7940	3.4620	2.0000
134	-0.3350	-0.5000	-2.6140	-3.7300	3.5540	2.5690
135	-0.5000	-0.5000	-0.2760	0.8930	3.7400	2.5160
136	0.3090	-0.5000	-9.8740	-33.7520	3.5240	2.3280
137	-0.5000	-0.5000	1.0600	4.0000	-3.4670	2.3170
138	0.5000	0.5000	-3.6110	3.4500	2.2640	2.3390
139	-0.5000	0.5000	4.9870	-3.4540	3.6430	2.3930
140	-0.2880	0.4990	6.2390	-3.2900	3.0940	2.4050
141	0.3730	-0.5000	4.7260	-3.1800	2.9360	2.4880
142	0.5000	-0.5000	-1.7920	-3.5610	3.1140	2.6250
143	0.5000	-0.5000	-5.4660	-3.4140	2.9880	2.7250
144	0.5000	0.5000	1.7510	-3.1170	2.9530	2.6510
145	-0.5000	-0.5000	4.3370	-3.1680	2.7460	2.7750
146	0.5000	-0.5000	5.3940	-3.1330	2.6590	2.6070
147	-0.5000	0.5000	-2.1490	-2.9050	2.5120	2.6430
148	-0.5000	0.5000	-3.1040	-3.1080	2.5760	2.5940
149	-0.5000	-0.2890	1.9130	-3.0460	2.6200	2.4890
150	-0.4020	-0.5000	-3.8220	-3.1440	2.9110	2.4500
151	-0.5000	-0.0910	-4.3380	-2.7690	2.5850	2.2000
152	-0.4560	-0.5000	-0.4950	-2.9440	23.0020	2.2680
153	-0.5000	-0.5000	-2.4300	-3.3143	3.1040	2.1530
154	-0.5000	-0.5000	3.5960	-3.2430	3.3190	2.0470
155	0.5000	-0.5000	1.6420	-3.3480	3.3680	2.0180
156	-0.5000	-0.5000	-8.0910	-3.0900	2.8840	1.9810
157	-0.5000	-0.5000	1.5090	-2.8630	3.2820	2.1400
158	0.5000	0.5000	0.3750	-3.0970	3.0190	2.2560
159	0.5000	0.0580	1.6620	-3.1840	2.8670	2.3570
160	-0.5000	-0.5000	-0.5700	-3.0260	2.8470	2.4730
161	-0.5000	-0.2640	-6.7570	-3.1030	2.9300	2.5230
162	0.3860	-0.5000	-6.6880	-2.8320	3.1640	2.7420
163	-0.5000	0.5000	-3.1470	-2.3200	2.7120	2.9330
164	0.5000	0.5000	6.7490	-2.0820	2.9530	2.9120
165	-0.5000	-0.5000	9.9360	-2.2740	3.0450	2.7410
166	0.5000	-0.5000	4.3340	-2.5520	2.6830	2.6880
167	0.4940	-0.5000	-4.4780	-2.4360	2.6210	2.3510
168	-0.4900	0.5000	-1.0480	-2.3150	2.6200	2.4400
169	-0.5000	0.5000	3.8780	-2.6790	2.8800	2.3200
170	0.4380	-0.5000	1.4100	-2.8150	2.8090	2.3170
171	-0.5000	0.4350	1.8100	-2.5380	2.2370	2.4570
172	-0.5000	-0.5000	-1.7970	-2.4760	2.6210	2.3220
173	0.0450	0.5000	-5.6910	-2.3390	2.4730	2.3640
174	0.5000	-0.5000	-0.4070	-2.4580	2.4590	2.5160
175	-0.0360	-0.5000	3.2570	-2.3500	2.5840	2.3410
176	0.3630	-0.2110	0.0700	-2.1160	2.7850	2.2890
177	0.5000	0.5000	-237.0000	-2.6300	2.5670	2.4280
178	0.5000	-0.5000	-12.2450	-2.4990	2.5600	2.2530
179	-0.5000	-0.5000	-0.0140	-2.7240	2.2220	2.5000
180	0.1850	0.3540	7.1470	-2.6300	2.3640	2.5650
181	-0.5000	0.2480	-3.8130	-2.7550	2.6700	2.7210
182	-0.5000	-0.5000	3.0000	-2.9840	2.5600	2.7740
183	-0.5000	0.5000	-3.0040	-2.8140	2.1290	2.8200
184	0.5000	-0.2260	3.8300	-2.9040	2.2830	2.9300
185	-0.5000	0.5000	3.3990	-2.8930	2.2640	2.7890
186	-0.5000	0.5000	0.5360	-2.7920	2.0500	2.7820
187	-0.5000	-0.5000	-5.6800	-2.8940	1.9120	2.4340
188	-0.5000	0.5000	0.0920	-2.9670	1.8980	2.3860
189	0.5000	-0.5000	0.8620	-2.8290	1.8980	2.0580
190	-0.5000	0.5000	5.8000	-2.7950	1.9320	2.2250
191	-0.5000	0.5000	-7.4190	-2.7880	1.8580	2.1670
192	-0.5000	0.3610	0.6910	-2.6950	1.7790	2.3020
193	-0.5000	0.2310	7.7000	-2.9550	1.7600	2.3430
194	-0.4550	-0.3230	3.6720	-2.9630	1.8500	2.1320
195	-0.5000	-0.5000	-9.3640	-2.9300	1.6880	2.1190
196	0.5000	-0.5000	-6.0840	-2.8420	1.6260	2.1410
197	-0.5000	-0.5000	-3.6100	-2.8830	2.0760	2.0870
198	0.5000	0.5000	7.8630	-3.1810	2.2460	2.1590
199	-0.4010	0.5000	6.9040	-3.2940	2.2460	2.0820
200	-0.5000	-0.5000	7.6100	-3.2220	2.1090	2.2830
201	0.5000	0.2700	-1.3610	-3.5600	2.2010	2.4500
202	-0.5000	0.0360	0.6710	-3.7500	2.5610	2.5160
203	0.1220	-0.5000	9.5170	-3.9460	2.8680	2.6260
204	-0.3120	-0.0210	0.6310	-4.0880	3.1500	2.7230
205	-0.5000	0.5000	5.0740	-4.0070	2.6500	0.7230
206	-0.5000	-0.5000	-3.4550	-4.3090	2.7642	2.8690
207	0.5000	-0.5000	2.1110	-4.2590	3.3492	2.0000
208	0.5000	-0.5000	7.1800	-44.2950	3.1780	2.8710
209	-0.5000	-0.2750	4.1000	-4.4530	3.3550	3.0800
210	-0.1810	-0.5000	9.7030	-4.1267	3.5260	3.1450
211	0.1640	-0.5000	3.8570	-4.2180	3.2980	3.1840
212	0.5000	-0.3080	-1.5050	-4.2640	3.3070	3.0270
213	0.0850	0.5000	-1.7160	-4.3880	3.1040	3.0420
214	-0.1340	0.5000	-6.8560	-4.2720	3.2320	2.8690
215	-0.5000	0.5000	-1.9950	-4.3210	3.1260	2.7410
216	0.5000	-0.5000	-11.3290	-4.2930	3.0960	2.9090
217	-0.5000	-0.5000	2.8040	-4.2350	3.0110	3.0790
218	-0.5000	0.5000	0.8780	-4.2780	3.0720	2.9750
219	-0.5000	-0.0480	4.9250	-4.3730	2.9880	2.9430
220	-0.5000	-0.5000	-2.3400	-4.0410	3.0690	2.8650
