

count	accelx	accely	accelz	roll	pitch	heading
1	0.0000	0.0000	0.0150	-0.0090	-0.2290	0.0000
2	-0.0440	-0.0330	0.0020	0.2140	-0.2550	0.0290
3	-0.0300	-0.0330	-0.0220	0.2140	-0.2500	0.0740
4	-0.0140	-0.0370	0.0120	0.2030	-0.2460	0.0880
5	-0.0200	-0.0380	-0.0190	0.2800	-0.2548	0.0830
6	-0.0580	-0.0460	0.0470	0.2080	-0.2460	0.1550
7	-0.0100	-0.0300	-0.0020	0.1950	-0.2410	0.2160
8	-0.0240	-0.0380	-0.1420	0.1980	-0.2350	0.1260
9	-0.0110	-0.0400	0.0090	0.2060	-0.2300	-0.0120
10	-0.0270	-0.0410	-0.0130	0.2130	-0.2240	-0.0070
11	-0.0190	-0.0440	0.0350	0.2090	-0.2300	-0.1250
12	-0.0010	-0.0290	-0.0250	0.2050	-0.2290	-0.0660
13	-0.0260	-0.0430	-0.0120	0.2070	-0.2260	-0.0040
14	-0.0310	-0.0590	-0.0230	0.1930	-0.2230	-0.0030
15	-0.0270	-0.0350	-0.0050	0.1880	-0.2180	0.0070
16	-0.0390	-0.0480	0.0000	0.1820	-0.2230	0.0590
17	-0.0260	-0.0410	-0.0090	0.1760	-0.2140	0.0640
18	-0.0150	-0.0420	0.0140	0.1690	-0.2140	0.1340
19	0.0100	-0.0380	0.0140	0.1610	-0.2140	0.0900
20	-0.0120	-0.0300	0.0040	0.1570	-0.2150	0.0710
21	-0.0430	-0.0530	0.0400	0.1420	-0.2150	0.0620
22	-0.0520	-0.0250	-0.0510	0.1420	-0.2080	-0.0250
23	-0.0290	-0.0140	0.0420	0.1450	-0.2110	-0.0640
24	-0.0170	-0.0210	-0.0230	0.1490	-0.2170	-0.1230
25	-0.0130	-0.0330	-0.0220	0.1500	-0.2120	-0.0540
26	-0.0230	-0.0070	-0.0100	0.1650	-0.2030	-0.1330
27	-0.0220	-0.0340	0.0070	0.1680	-0.2040	-0.2330
28	-0.0070	-0.0330	-0.0120	0.1700	-0.2010	-0.3230
29	-0.0120	-0.0380	0.0040	0.1620	-0.2000	-0.4260
30	-0.0070	-0.0230	-0.1420	0.1750	-0.2070	-0.6390
31	-0.0150	-0.0290	0.0240	0.1710	-0.2000	-0.6520
32	-0.0010	-0.0490	0.0220	9.0000	0.1740	-0.6440
33	-0.0710	-0.0440	0.0190	0.1680	-0.2090	-0.9030
34	-0.0160	-0.0380	0.0270	0.1710	-0.2100	-1.0290
35	-0.0170	-0.0200	0.0100	0.1650	-0.2130	-1.0050
36	-0.0360	-0.0390	-0.0420	0.1740	-0.2250	-0.9220
37	-0.0340	-0.0410	0.0150	0.1740	-0.2200	-0.8570
38	-0.0290	-0.0510	0.0110	0.1800	-0.2160	-0.8180
39	-0.0360	-0.0330	0.0360	0.1850	-0.2110	-0.8630
40	-0.0250	-0.0260	-0.0020	0.1910	-0.2130	-0.8930
41	-0.0090	-0.0290	-0.0430	0.1890	-0.2290	-0.9000
42	-0.0390	-0.0660	0.0220	0.1780	-0.2350	-0.7460
43	-0.0190	-0.0450	0.1530	0.1860	-0.2260	-0.8380
44	-0.0150	-0.0280	0.0050	0.1870	-0.2230	-0.9110
45	-0.0520	-0.0280	0.0030	0.1800	-0.2250	-1.0200
46	-0.0440	-0.0140	-0.0200	0.1370	-0.2300	-1.1110
47	-0.0160	-0.0090	-0.0060	0.1390	-0.2360	-1.1150
48	-0.0670	-0.0260	0.0090	0.1390	-0.2240	-1.2420
49	-0.0090	-0.0370	0.0050	0.1440	-0.2220	-1.2360
50	-0.0230	-0.0340	-0.0060	0.1490	-0.2250	-1.3460
51	-0.0170	-0.0260	0.0080	0.1510	-0.2330	-1.4260
52	-0.0230	-0.0220	-0.0100	0.1570	-0.2430	-1.4000
53	-0.0220	-0.0290	0.0130	0.1560	-0.2540	-1.3040
54	-0.0370	-0.0300	0.1330	0.1610	-0.2430	-1.3480
55	-0.0250	-0.0380	-0.0370	0.1570	-0.2450	-1.3860
56	-0.0220	-0.0190	-0.0050	0.1390	-0.2400	-1.3920
57	-0.0600	-0.0260	0.0190	0.1430	-0.2430	-1.2230
58	-0.0120	-0.0150	-0.0090	0.1400	-0.2490	-1.1860
59	-0.0190	-0.0280	0.0080	0.1370	-0.2460	-1.1910
60	-0.0200	-0.0160	-0.0230	0.1370	-0.2510	-1.1290
61	-0.0500	-0.0380	-0.0270	0.1370	-0.2530	-1.0190
62	-0.0080	-0.0180	0.0110	0.1540	-0.2480	-1.0070
63	-0.0060	-0.0290	-0.0060	0.1600	0.2480	-0.8990
64	-0.0220	-0.0310	0.0110	0.1530	-0.2500	-0.8360
65	-0.0280	-0.0120	-0.0760	0.1490	-0.2500	-0.8620
66	-0.0230	-0.0250	-0.0510	0.1460	-0.2570	-0.8650
67	-0.0190	-0.0260	0.0460	0.1440	-0.2620	-0.8270
68	-0.0390	-0.0210	0.0050	0.1520	-0.2740	-0.8410
69	-0.0500	-0.0420	0.0180	0.1450	-0.2630	-0.7960
70	-0.0460	-0.0520	0.0050	0.1430	-0.2600	-0.8500
71	-0.0190	-0.0260	-0.0050	0.1330	-0.2620	-0.8500
72	-0.0250	-0.0230	0.0180	0.1380	-0.2760	-1.0070
73	-0.0280	-0.0250	-0.0180	0.1390	-0.2750	-1.0470
74	-0.0320	-0.0250	-0.0130	0.1500	-0.2730	-1.0900
75	-0.0440	-0.0310	-0.0280	0.1530	-0.2700	-0.8790
76	-0.0440	-0.0310	-0.0370	0.1550	-0.2600	-0.8290
77	-0.0150	-0.0330	0.0550	0.1510	-0.2600	-0.7990
78	-0.0590	-0.0200	-0.1410	0.1620	-0.2590	-0.7870
79	-0.0340	-0.0320	-0.0350	0.1550	-0.2630	-0.7450
80	-0.0270	-0.0250	-0.0120	0.1570	-0.2560	-0.7510
81	-0.0240	-0.0300	-0.0100	0.1620	-0.2550	-0.7340
82	-0.0300	-0.0200	-0.0150	0.1640	-0.2470	-0.8100
83	-0.0140	-0.0250	0.0030	0.1620	-0.2490	-0.8520
84	-0.0430	-0.0300	0.0010	0.1590	-0.2520	-0.9170
85	-0.0290	-0.0340	-0.0300	0.1710	-0.2530	-1.1250
86	-0.0570	-0.0320	-0.0560	0.1740	-0.2590	-1.2170
87	-0.0210	-0.0250	0.0010	0.1660	-0.2590	-1.3070
88	-0.0560	-0.0400	-0.0280	0.1690	-0.2460	-1.3380
89	-0.0390	-0.0260	-0.0500	0.1600	-0.2510	-1.4080
90	-0.0390	-0.0260	-0.0180	0.2440	-1.4450	-1.4570
91	-0.0220	-0.0230	0.0040	0.1540	-0.2460	-1.4310
92	-0.0230	-0.0210	0.0030	0.1570	-0.2480	-1.4650
93	-0.0500	-0.0370	0.0270	0.1680	-0.2470	-1.3330
94	-0.0530	-0.0300	0.0200	0.1710	-0.2520	-1.3600
95	-0.0180	-0.0400	0.0290	0.1740	-0.2480	-1.2430
96	-0.0240	-0.0240	0.0450	0.1850	-0.2380	-11.1590
97	-0.0120	-0.0370	0.0180	0.1870	0.0000	-1.3000
98	-0.0300	-0.0290	-0.0310	0.1900	-0.2310	-1.3010
99	-0.0180	-0.0260	0.0184	0.2080	-0.2200	-1.3290
100	-0.0090	-0.0410	-0.0350	0.2020	-0.2160	-1.3330
101	-0.0210	-0.0270	0.0280	0.2100	-0.2190	-1.3880
102	-0.0440	-0.0380	0.0150	0.2000	-0.2090	-1.4090
103	-0.0150	-0.0400	0.0360	0.2030	-0.2030	-1.3480
104	-0.0090	-0.0270	0.0060	0.2050	-0.1980	-1.3070
105	-0.0310	-0.0330	-0.0140	0.2020	-0.1910	-1.1790
106	-0.0190	-0.0320	0.0240	0.1940	-0.1970	-1.0160
107	-0.0120	-0.0290	-0.0240	0.1880	-0.1940	-0.9450
108	-0.0180	-0.0400	0.0150	0.1770	-0.1890	-0.8510
109	-0.0070	-0.0250	-0.0150	0.1750	-0.1980	-0.8700
110	-0.0390	-0.0180	-0.0100	0.1780	-0.1980	-0.8220
111	-0.0080	-0.0150	0.0130	0.1780	-0.1910	-0.8300
112	-0.0130	-0.0300	0.0150	0.1800	-0.1960	-0.9630
113	-0.0400	-0.0300	0.0220	0.1740	-0.2050	-1.0040
114	-0.0150	-0.0410	0.0360	0.1700	-0.2060	-1.0510
115	-0.0320	-0.0390	-0.0080	0.1760	-0.2240	-1.0510
116	-0.0190	-0.0360	-0.0410	0.1670	-0.2250	-1.0044
117	-0.0360	-0.0260	0.0350	0.1650	-0.2290	-0.8380
118	-0.0260	-0.0270	0.0190	0.1610	-0.2220	-0.7760
119	-0.0320	-0.0320	0.0120	0.1530	-0.2110	-0.9580
120	-0.0390	-0.0440	0.0000	0.1610	-0.2160	-0.8870
121	-0.0250	-0.0310	0.0080	0.1530	-0.2220	-0.8870
122	-0.0210	-0.0220	-0.1220	0.1420	-0.2180	-0.7380
123	-0.0460	-0.0310	0.0120	0.1128	-0.2300	-0.7240
124	-0.0320	-0.0190	0.0020	0.1290	-0.2250	-0.7070
125	-0.0140	-0.0230	-0.0270	0.1240	-0.2260	-0.6020
126	-0.0190	-0.0130	0.0060	0.1150	-0.2130	-0.6110
127	-0.0220	0.0060	-0.0180	0.1120	-0.2140	-0.6050
128	-0.0260	-0.0350	-0.0130	0.1110	-0.2150	-0.7860
129	-0.0180	-0.0340	-0.0100	0.1070	-0.2180	-0.8100
130	-0.0180	-0.0230	-0.0040	0.0980	-0.2250	-0.8100
131	-0.0170	-0.0100	0.0330	0.0910	-0.2240	-0.7550
132	-0.0310	-0.0180	-0.0560	0.0780	-0.2170	-0.7710
133	-0.0240	0.0000	-0.0320	0.0830	-0.2180	-0.7850
134	-0.0110	-0.0170	-0.0620	0.0740	-0.2130	-0.7270
135	-0.0260	-0.0120	0.0310	0.0710	-0.2100	-0.7800
136	-0.0420	-0.0080	0.0030	0.0710	-0.2200	-0.7570
137	-0.0260	-0.0220	0.0110	0.0650	-0.2160	-0.7000
138	-0.0310	0.0040	-0.0120	0.0660	-0.2090	-0.7330
139	-0.0100	-0.0100	-0.0200	0.0690	-0.1980	-0.8850
140	-0.0220	-0.0170	-0.0280	0.0710	-0.1000	-0.9770
141	-0.0310	-0.0100	0.0140	0.0630	-0.1860	-0.9430
142	-0.0130	-0.0210	0.0080	0.0600	-0.1810	-1.0030
143	-0.0430	-0.0120	0.0410	0.0530	-0.1740	-0.9970
144	-0.0240	-0.0230	0.0310	0.0470	-0.1850	-0.9520
145	0.0070	-0.0030	0.0030	0.0440	-0.1750	-0.9730
146	-0.0270	-0.0090	-0.0120	0.0500	-0.1830	-0.9550
147	-0.0210	-0.0110	0.0120	0.0550	-0.1790	-1.0910
148	-0.0080	-0.0110	-0.0160	0.0510	-0.1770	-1.0970
149	-0.0020	-0.0180	0.0270	0.0480	-0.1610	-0.9210
150	-0.0010	-0.0210	-0.0130	0.0480	-0.1480	-0.9510
151	0.0050	-0.0070	0.0140	0.0500	-0.1460	-0.9790
152	-0.0070	-0.0030	-0.0210	0.0460	-0.1580	-1.0190
153	-0.0210	-0.0210	-0.0350	0.0390	-0.1470	-1.1120
154	-0.0160	-0.0040	-0.0390	0.0450	-0.1460	-1.1500
155	-0.0070	-0.0180	0.0070	0.0410	-0.1440	-1.1510
156	0.0080	-0.0010	0.0390	0.0530	-0.1250	-1.1540
157	-0.0060	-0.0100	0.0170	0.0570	-0.1210	-1.1780
158	-0.0260	-0.0190	-0.0590	0.0650	-0.1180	-1.1580
159	0.0060	-0.0130	-0.0080	0.0660	-0.1100	-1.1390
160	0.0200	-0.0140	0.0040	0.0730	-0.1220	-1.0880
count	accelx	accely	accelz	roll	pitch	heading
1	0.0000	0.0000	0.2450	0.0830	-0.1090	0.0000
2	-0.0050	-0.0350	-0.0190	0.2300	-0.1510	-1.9250
3	-0.0250	-0.0370	0.0190	0.2290	-0.1630	-1.9480
4	-0.0020	-0.0490	0.0000	0.2400	-0.1480	-1.9860
5	0.0040	-0.0340	-0.0330	0.2360	-0.1510	-1.9440
6	0.0050	-0.0410	0.0060	0.2440	-0.1520	-1.9350
7	-0.0230	-0.0410	-0.0270	0.2510	-0.1570	-1.8590
8	-0.0220	-0.0470	-0.0090	0.2620	-0.1590	-1.8030
9	0.0110	-0.0460	-0.0160	0.2700	-0.1730	-1.7460
10	-0.0160	-0.0440	-0.0050	0.2650	-0.1790	-1.7570
11	-0.0090	-0.0470	-0.0140	0.2710	-0.1650	-1.8290
12	-0.0080	-0.0390	0.0290	0.2730	-0.1680	-1.8870
13	-0.0010	-0.0530	-0.0290	0.2610	0.0000	-1.9020
14	-0.0190	-0.0460	-0.0590	0.2740	-0.1510	-1.9900
15	-0.0010	-0.0530	-0.0170	0.2820	-0.1590	-1.9910
16	-0.0110	-0.0370	-0.0010	0.2670	-0.1670	-2.0320
17	-0.0070	-0.0590	-0.0150	0.2430	-0.1610	-2.0120
18	-0.0320	-0.0360	-0.0200	0.2470	-0.1640	-2.0310
19	-0.0060	-0.2800	0.0000	0.2430	-0.1750	-2.0440
20	-0.0060	-0.2800	0.0380	0.2470	-0.1750	-2.1220
21	-0.0120	-0.0370	0.0190	0.2440	-0.1860	-2.2010
22	-0.0040	-0.0350	-0.0030	0.2460	-0.1860	-2.2230
23	-0.0140	-0.0510	-0.1570	0.2480	-0.1830	-2.1100
24	0.2700	-0.4020	-1.3770	0.3260	-0.2570	-2.1260
25	0.0210	0.1260	-1.4520	0.3250	-0.1860	-2.0410
26	-0.0450	-0.1940	0.1470	0.3220	-0.2080	-1.9570
27	0.0890	-0.0780	0.4220	0.2299	-0.2230	-1.8270
28	0.0260	0.0580	-0.9800	0.3540	-0.2040	-2.1970
29	-0.3530	-0.2950	-0.8140	0.3510	-0.2290	-1.7940
30	-0.0140	0.0350	0.0840	230.0000	-1.7500	-3.9170
31	-0.0140	-0.1360	0.1630	0.3700	-0.2110	-1.7330
32	-0.4990	0.0550	-0.2420	0.3970	-0.2660	-2.0060
33	0.0140	-0.2730	1.4950	0.3800	-0.3070	-2.2370
34	-0.7010	0.2700	-1.5180	0.2830	-0.2460	-2.3190
35	-0.4240	0.3090	-0.6680	0.2230	-0.1870	-2.4290
36	0.3430	-0.7320	-1.2050	0.2110	-0.2150	-2.3800
37	-1.2170	-0.0710	0.9900	0.2280	-0.2100	-2.4460
38	-0.1640	0.1000	-0.3150	0.2990	-0.2430	-2.4390
39	-0.3600	-0.2040	-0.1770	0.3800	-0.3590	-2.4460
40	-0.1350	-0.9170	1.3200	0.3110	-0.4180	-2.4380
41	-0.2290	0.1010	1.2430	0.3480	-0.5200	-2.4190
42	-0.3840	-0.4930	-0.0810	0.3000	-0.4660	-2.4060
43	-0.1220	0.0720	0.1050	0.2390	-0.5330	-2.5250
44	-0.8740	0.1430	1.1570	0.2000	-0.4730	-2.5600
45	-1.6000	-1.3550	-0.8440	0.2220	-0.5660	-2.4330
46	0.0030	0.1920	1.3420	0.2070	-0.4680	-2.3600
47	0.0890	-0.8970	1.2780	0.1480	-0.4370	-2.3480
48	-1.0860	-0.1920	0.1570	0.1800	-0.3950	-2.5150
49	0.4410	-0.0950	0.8240	0.1210	-0.3900	-2.4530
50	-0.2950	0.2160	-1.7900	0.0960	-0.3500	-2.4530
51	0.1220	-0.3070	0.5870	0.1110	-0.4630	-2.4540
52	-1.1520	-0.1410	-0.0250	0.1650	-0.5500	-2.4580
53	-0.2680	-0.6970	1.0130	0.2190	-0.6490	-2.3680
54	-1.0060	-0.7260	-0.1180	0.2300	-0.5200	-2.3050
55	-0.7360	-0.8190	-1.1250	0.2730	-0.5290	-2.3800
56	-0.0440	-0.2980	1.1170	0.1840	-0.5270	-2.3210
57	0.0760	-0.5170	0.3340	0.0710	-0.4690	-2.2870
58	0.3110	-1.5730	0.2170	-0.0740	-0.4420	-2.2020
59	-0.6440	-0.3390	1.0170	-0.3290	-0.1840	-2.0960
60	0.2770	-0.6820	-2.2630	-0.3470	-0.0880	-2.0650
61	0.0910	-0.4520	1.3250	-0.3740	-0.0830	-2.0240
62	0.3935	0.1330	-0.6010	-0.4000	-0.0940	-1.9810
63	-0.7010	-0.1480	-0.2100	-0.1080	-0.3230	-1.8150
64	-0.4820	-0.8220	0.2300	-0.1360	-0.2980	-1.7400
65	-0.2190	0.3920	1.2300	-0.3270	-0.1500	-1.7810
66	-0.6990	0.2000	-2.0400	-0.3320	-0.2200	-1.8520
67	-0.6990	-0.3870	-0.5850	-0.1770	-0.2520	-1.8360
68	-0.6410	-0.7240	-0.1310	-0.1850	-0.2640	-1.7620
69	-0.3600	-0.5740	0.1460	-0.2090	-0.2070	-1.5800
70	-0.2870	-0.6400	1.3450	-0.1187	-0.2300	-1.5980
71	-0.2870	0.1820	-0.7440	-0.3580	-0.0820	-1.5080
72	0.0100	-0.5770	-1.8230	-0.1390	-0.1000	-11.3690
73	-0.6120	0.2890	-2.3830	-175.0000	-0.7100	-11.3690
74	-1.1210	-1.1610	0.6100	-0.0750	-0.1080	-11.3690
75	0.1370	1.1550	-0.9120	-0.0210	-0.1870	-11.3690
76	0.5640	-1.4010	0.7940	-0.2180	-0.0810	-11.3690
77	-0.6090	-0.4260	-1.5650	-0.1330	-0.0880	-11.3690
78	-0.4770	0.2010	-0.7960	-0.2290	-0.0850	-11.3690
79	-0.8520	0.3810	-0.0600	-0.2120	-0.3190	-11.3690
80	-1.2460	-0.4000	0.9040	-0.1340	-0.3080	-11.3690
81	0.6700	-0.2230	-1.1920	-0.2410	-0.2310	-11.3690
82	0.0540	0.0850	0.7050	0.0030	-0.4700	-11.3690
83	-1.0430	-0.5400	0.7040	-0.0740	-0.4290	-11.3690
84	-1.1520	-0.3000	-1.1600	-0.0020	-0.4400	-11.3690
85	-0.6520	-1.8850	-1.2780	-0.0170	-0.2970	-11.3690
86	-0.0080	0.2450	-1.2100	-0.0060	-0.4480	-11.3690
87	-0.5070	-1.0750	-1.4320	-0.2650	-0.1650	-1.4990
88	-0.6040	0.1800	-2.9630	0.0040	-0.4050	-1.5350
89	0.4990	-0.1620	0.6010	0.0010	-0.4570	-1.6490
90	-0.1010	0.8690	0.6230	0.0850	-0.4960	-1.6360
91	0.0400	-0.6420	0.7770	0.0590	-0.4760	-1.6290
92	-0.4720	-0.7030	-0.8620	0.0660	-0.5030	-1.6420
93	-0.2320	-0.0910	-0.4250	0.1410	-0.5190	-1.6560
94	-0.6070	-0.3210	-1.4740	0.0490	-0.4590	-1.6950
95	-0.7050	-1.1020	1.6720	0.0120	-0.5090	-1.6740
96	1.1270	1.4080	-1.7620	0.1680	-0.6320	-1.5780
97	-0.1100	0.1110	1.3060	0.1560	-0.6240	-1.6010
98	0.6440	-0.0090	0.3350	0.2110	-0.6810	-1.6190
99	-2.7100	-1.0750	1.2460	0.0670	-0.6150	-1.3960
100	0.0160	-0.5140	-0.2850	0.0930	-0.4400	-1.3960
101	-1.6750	-1.0750	0.7300	0.1730	-0.5150	-1.2860
102	-0.0880	-1.3620	0.0450	-0.3600	-1.3120	-1.2360
103	-1.8720	-0.2970	-2.6540	0.0640	-0.4640	-1.3040
104	0.4875	-1.0540	-1.9390	0.0060	-0.1840	-1.2490
105	0.1720	0.5160	-1.4280	0.2220	-0.2500	-1.3490
106	-1.1980	-0.9240	-0.6010	0.3960	-0.4140	-1.4380
107	-0.3990	-0.2590	-1.3200	0.2990	-0.2120	-1.4010
108	-0.3040	-0.8130	0.9110	0.2850	-0.1150	-1.5110
109	-1.1390	-2.1480	0.8520	0.3090	-0.3870	-1.4830
110	0.0690	0.5150	-0.9590	0.3590	-0.4790	-1.4100
111	-1.4410	-1.3040	0.2970	0.2540	-0.3060	-1.4300
112	0.2070	-0.7430	-2.4300	-0.3300	-1.2200	-1.2500
113	0.7430	0.0000	0.0000	0.3460	-0.4160	-1.1190
114	-1.0430	-1.0580	-0.7420	0.4330	-0.4430	-1.0650
115	-0.5600	-0.3710	0.0900	0.3430	-0.5430	-1.0550
116	-0.9590	-1.0720	-0.0900	0.2730	-0.4990	-1.1750
117	-0.2990	-1.3490	-1.2150	0.2250	-0.3310	-1.2650
118	-0.1020	-1.1940	-1.5490	0.0700	-0.3090	-1.4540
119	1.4370	0.4150	-0.1110	0.1370	-0.3330	-1.4730
120	-1.2830	-1.5810	0.5470	0.0540	-0.3700	-1.4700
121	-1.0540	-1.1700	0.4250	-0.0350	-0.3190	-1.6030
122	-0.5180	-0.3950	0.9010	-0.1140	-0.2220	-1.5990
123	-0.9120	-2.3950	2.5640	0.0580	-0.4570	-1.5530
124	-1.1010	-0.2760	1.6820	-0.2150	-0.2960	-1.4671
125	-0.6550	-0.7590	-1.0960	-0.4610	-0.0061	-1.2610
126	-0.2600	-1.3800	0.4360	-0.2550	-0.2700	-1.1640
127	-0.5750	-0.6450	1.2570	-0.1830	-0.3969	-1.0060
128	0.6660	0.3150	-1.2830	-0.2700	-0.4370	-0.9850
129	-0.5480	-1.0960	-1.5370	-0.3930	-0.2390	-1.0290
130	0.1430	-0.7830	-2.6130	-0.2480	-0.5200	-1.0700
131	-0.3420	0.0670	-0.0320	-0.2650	-0.3790	-0.9840
132	-0.5430	0.4090	0.3230	-0.4640	-0.0340	-1.0300
133	-1.6410	0.2820	0.7660	-0.4480	-0.1640	-0.9720
134	-0.7040	-2.2970	0.1910	-0.2020	-0.3990	-0.9600
135	-1.3140	0.1460	2.1640	-0.2670	-0.5690	-1.0080
136	-0.1410	-1.0320	-1.7970	-0.3280	-0.4320	-1.0070
137	0.7680	-0.2530	2.8190	-0.5220	-0.3390	-0.9790
138	-2.2030	-0.2160	0.3900	-0.1720	-0.3980	-0.8940
139	-1.4330	-0.6840	1.9790	-0.2780	-0.3730	-0.8480
140	1.1910	-0.2560	0.2230	-0.3810	-0.2790	-0.7590
141	0.0940	-1.1650	-1.7270	-0.2260	-0.4620	-0.7840
142	-1.0760	-0.2790	1.1400	-0.0630	-0.5550	-0.6440
143	0.2560	-0.9250	3.7030	-0.1910	-0.5970	-0.6700
144	-0.7320	-0.5010	0.5990	-0.3070	-0.5590	-0.6560
145	0.1470	-0.1870	-0.2480	-0.3250	-0.4970	-0.4550
146	0.1900	-0.7960	0.3880	-0.4220	-0.4750	-0.3490
147	1.2630	-0.0550	0.1290	-0.4360	-0.3410	-0.3710
148	-0.9970	0.1830	-1.5240	-0.5540	-0.2740	-0.4510
149	0.6900	-0.2760	1.2490	-0.6570	-0.1030	-0.4910
150	-0.4460	-2.4040	-2.1300	-0.9320	0.1660	-0.5430
151	0.4230	-1.0790	0.0940	-1.0330	0.1620	-0.6050
152	-0.1390	0.1180	0.3360	-0.8540	0.0390	-0.4950
153	-1.0880	0.2620	0.0760	-0.6690	-0.0280	-0.3570
154	-0.0690	-0.2160	-1.8850	-0.7560	0.1710	-0.2900
155	-0.1410	-0.0880	0.8020	-0.4380	0.0010	-0.3400
156	-0.5810	-0.6260	-0.8080	-0.3700	-0.1190	-0.1580
157	0.9410	-0.1630	2.9170	-0.7570	0.0490	-0.1750
158	-1.2750	0.0720	-0.9870	-0.6840	0.1090	-0.1560
159	-0.1580	-0.1920	-2.8740	-0.5900	0.0120	-0.1000
160	0.0000	-0.2490	0.7520	-0.6500	0.0320	0.0010
161	-0.1680	1.6480	4.8000	-0.7170	0.0260	-0.0020
162	0.0170	-0.8220	-0.9060	-0.7770	0.2690	-0.1030
163	-0.4780	-0.4140	-1.1210	-0.5510	-0.0140	-0.0860
164	-0.5780	0.0530	-0.6440	-0.4540	-0.1250	-0.1550
165	0.3960	0.4800	-0.8020	-0.4970	-0.0590	-0.2680
166	-0.4910	0.4220	-0.1790	-0.5420	-0.0390	-0.4150
167	-0.2860	0.0780	0.1010	-0.4190	-0.0960	-0.4690
168	-0.5800	0.2300	-1.6680	-0.3630	-0.1780	-0.5210
169	0.0300	0.2460	0.4410	-0.3230	-0.1900	-0.6400
170	0.2450	0.1610	0.1030	-0.3230	-0.2214	-0.6830
171	-0.2620	0.2850	-0.1450	-0.2730	-0.2060	-0.6410
172	-0.0220	0.0170	0.1430	-0.2780	-0.2400	-0.7120
173	0.1340	0.1460	-0.3090	-0.1900	-0.2430	-0.7570
174	0.1330	-0.0660	0.1540	-0.1650	-0.2860	-0.7980
175	-0.0850	-0.1670	0.3080	-0.1910	-0.2740	-0.8450
176	0.1340	-0.0312	0.5240	-0.1490	-0.2760	-0.8200
177	-0.2300	0.0310	-0.0420	-0.1900	-0.2150	-0.9410
178	-0.1870	-0.0490	-0.0170	-0.1500	-0.2410	-0.9820
179	0.2130	0.0920	0.0630	-0.1620	-0.2650	-1.0160
180	0.0000	0.1180	0.0170	-0.1600	-0.8490	-0.9920
181	-0.1010	-0.0240	-0.1150	-0.1980	-0.2820	-0.9810
182	-0.0720	-0.0340	0.2020	-0.1580	-0.3120	-0.9040
183	0.0040	0.0900	0.0393	-0.1970	-0.2890	-0.9780
184	-0.0180	-0.0110	-0.1780	-0.2790	-1.0060	-0.9990
185	0.0110	0.0000	-0.1320	-0.1170	-0.2820	-0.8420
186	-0.0520	0.0290	0.0220	-0.1020	-0.3100	-0.6550
187	-0.0420	0.0280	-0.0710	-0.1240	-0.2930	-0.4260
188	-0.0700	-0.0270	0.0710	-0.0880	-0.3240	-0.4310
189	-0.0230	-0.0040	-0.0880	-0.1070	-0.3060	-0.5480
190	-0.0330	0.0280	0.0310	-0.1110	-0.3140	-0.7130
191	-0.0610	0.0390	-0.0550	-110.0000	-0.3190	-0.6700
192	-0.0140	0.0090	-0.0090	-0.1010	-0.3150	-0.6090
193	-0.0580	0.0190	0.1410	-0.1010	-0.3030	-0.5810
194	-0.0450	0.0170	0.0150	-0.0970	-0.2930	-0.5050
195	-0.0450	0.0100	0.0270	-0.1020	-0.2860	-0.4570
196	-0.0500	0.0020	-0.0130	-0.0930	-0.2840	-0.4480
197	-0.0340	0.0060	0.0150	-0.0860	-0.2770	-0.3720
198	-0.0540	0.0070	-0.0120	-0.0680	-0.2890	-0.3510
199	-0.0370	0.0050	-0.0070	-0.0630	-0.2860	-0.4370
200	-0.0270	-0.0020	-0.0160	-0.0670	-0.2910	-0.4330
201	-0.0300	0.0140	-0.0130	-0.0620	-0.2900	-0.4080
202	-0.0220	0.0100	-0.0150	-0.0570	-0.2950	-0.3900
203	-0.0350	0.0010	-0.0180	-0.0430	-0.2980	-0.4800
204	-0.0390	-0.0020	-0.0330	-0.0250	-0.3000	-0.4570
205	-0.0470	0.0130	-0.0090	-0.0190	-0.3030	-0.5200
206	-0.0320	0.0020	0.0230	-0.0250	-0.3000	-0.5880
207	-0.0250	-0.0050	-0.0040	-0.0230	-0.2980	-0.7850
208	-0.0290	0.0170	-0.0130	-0.0150	-0.3130	-0.8300
209	-0.0360	-0.0230	0.0210	-0.0210	-0.3070	-0.8300
210	-0.0540	0.0060	-0.0200	-0.0120	-0.3070	-0.7540
count	accelx	accely	accelz	roll	pitch	heading
1	-0.0180	-0.0280	0.0030	0.2260	-0.3860	-0.4760
2	-0.0610	-0.0440	-0.0300	0.2260	-0.3880	-0.4580
3	-0.0480	-0.0270	-0.0220	0.2060	-0.3820	-0.4790
4	-0.0640	-0.0410	-0.0110	0.2150	-0.3910	-0.4850
5	-0.0470	-0.0330	-0.0130	0.2190	-0.3990	-0.4690
6	-0.0490	-0.0320	-0.0060	0.2260	-0.4060	-0.4880
7	-0.0650	-0.0370	0.0150	0.2250	-0.4190	-0.5500
8	-0.0750	-0.0300	-0.0060	0.2370	-0.4200	-0.6190
9	-0.0690	-0.0510	0.0070	0.2280	-0.4220	-0.6210
10	-0.0810	-0.0420	0.0010	0.2250	-0.4230	-0.7610
11	-0.0710	-0.0390	0.0030	0.2380	-0.4270	-0.9470
12	-0.0470	-0.0380	0.0000	0.2370	-0.4150	-1.1490
13	-0.0740	-0.0450	0.0080	0.2380	-0.4210	-1.3730
14	-0.0420	-0.0310	-0.0820	0.2340	-0.4090	-1.5020
15	-0.0670	-0.0440	0.0010	0.2260	-0.4150	-1.5820
16	-0.0430	-0.0430	-0.0510	0.2090	-0.4200	-1.6420
17	-0.0680	-0.0240	0.0040	0.2070	-0.4290	-1.6330
18	-0.0760	-0.0410	-0.0070	0.2130	-0.4260	-1.7490
19	-0.0740	-0.0290	0.0430	0.2100	-0.4140	-1.7590
20	-0.0810	-0.0340	-0.0050	0.2190	-0.4020	-1.7520
21	-0.0570	-0.0330	-0.0300	0.2150	-0.4010	-1.8000
22	-0.0570	-0.0390	0.0510	0.2170	-0.3970	-1.7740
23	-0.0630	-0.0390	0.0000	0.2100	-0.4070	-1.7060
24	-0.0480	-0.0260	0.0015	0.2160	-0.4080	-1.6810
25	-0.0740	-0.0450	-0.0390	0.2100	-0.4010	-1.7140
26	-0.3050	-0.0110	0.0720	0.2030	-0.3920	-1.7080
27	-0.2500	-0.4170	-0.0780	0.1780	-0.4830	-1.6890
28	-0.1030	-0.1420	-0.6120	0.1860	-0.5180	-1.4530
29	-0.4300	-0.1580	0.2990	0.1900	-0.5110	-1.4910
30	0.0330	0.0570	-0.4390	0.2360	-0.5670	-1.4970
31	0.0950	-0.2770	0.5570	0.2380	-0.5980	-1.5450
32	0.0280	0.2990	0.3470	0.2330	-0.5530	-1.4470
33	0.4340	0.1100	0.0490	0.2350	-0.5580	-1.3650
34	-0.5040	0.0530	0.9120	0.2560	-0.6680	-1.3580
35	-1.0750	-0.4450	-0.1760	0.1900	-0.5700	-1.2500
36	-0.7400	-0.1920	-0.7080	0.1840	-0.5730	-1.1810
37	-0.8060	-0.4300	-0.4470	0.2780	-0.5980	-1.1390
38	-0.3750	1.0720	-0.0470	-0.3140	-0.2100	-1.2110
39	1.3470	0.4280	-0.9840	0.0730	-0.3600	-1.1920
40	-0.8820	-2.8630	2.3860	1.3850	-1.3730	-0.9810
41	-4.0470	-2.3090	-3.1820	0.6690	-0.5750	-0.9370
42	-0.8540	4.0520	-1.7420	0.7100	-1.1880	-0.8380
43	-1.1920	-3.3390	3.7610	1.6220	-1.9000	-0.4900
44	-1.1700	0.2310	-3.6970	0.7620	-1.2770	-0.4970
45	-3.4460	-0.0650	1.3910	1.4800	-1.2940	-0.5940
46	-6.3670	1.4310	5.0110	0.8060	-0.6750	-0.4860
47	1.1640	-1.6760	2.4140	1.1470	-1.1140	-0.3100
48	-5.2370	-0.6620	-7.9590	1.3300	-1.5460	-0.1690
49	-1.6190	-3.4960	-1.6090	0.6720	-1.9380	-0.0700
50	-1.8940	2.3880	1.9600	0.5340	-1.5520	-0.0730
51	2.9290	0.0530	-3.8630	0.6430	-1.7380	-0.0740
52	-1.8350	1.4260	10.3200	0.6110	-1.7130	-0.0230
53	-4.0020	-2.5160	6.9840	0.8660	-1.3090	-0.1420
54	-3410.0000	-8.6990	1.0720	0.9000	-1.7590	-0.1460
55	-0.5910	-8.3640	7.5440	0.9420	-1.2620	-0.1390
56	-5.1960	0.3010	-4.9180	0.9010	-0.7610	-0.0990
57	2.0080	-2.1840	9.4020	0.5190	-1.0310	-0.0180
58	-9.3090	-10.5240	-8.6370	0.0650	-1.5300	0.0180
59	-1.9230	4.0430	-9.0680	-0.0610	-1.4020	0.0630
60	-7.7150	0.2120	-11.8360	0.1530	-1.1930	0.1490
61	-3.1640	-7.0100	-19.7850	-0.1030	-0.9820	0.1000
62	2.8060	-7.0100	2.5240	-0.3970	-1.2700	0.1080
63	-8.1300	2.5760	10.1740	0.6800	-1.7190	0.2830
64	1.5650	4.7870	-25.8250	0.3310	-1.3950	0.2050
65	4.6740	0.7360	9.9900	1.1710	-1.1770	-0.3960
66	-7.0700	-0.6960	-4.4730	0.9640	-1.3550	-0.5650
67	-11.9140	-2.2460	10.0250	0.0090	-1.5110	-0.9000
68	2.7960	-5.2070	10.0900	-1.2930	-1.7007	-0.2120
69	-5.5640	1.4340	6.7290	-1.4590	-1.4660	0.4140
70	-8.7870	-1.6250	-6.3110	-1.9120	-1.4780	0.8920
71	2.3850	-0.4540	1.3620	-2.0600	-0.5620	0.8260
72	1.1290	-7.7760	-0.6710	-2.7500	-0.5290	1.2430
73	-3.3850	-6.2420	-13.5990	-2.3358	0.1860	0.2550
74	2.0340	1.0370	-5.1300	-86.0000	-1.6260	0.8020
75	2.9540	-0.4630	10.1190	-0.2330	-4.4750	0.8240
76	1.4380	7.0250	7.5109	-0.9630	-3.8990	-0.1780
77	-3.7080	0.7760	2.0000	-24.3790	-1.0630	-5.9690
78	-19.8250	-14.7500	10.5020	0.9460	-6.6840	0.5730
79	-21.8380	-0.0970	-7.0560	0.9380	-5.4990	0.9530
80	-2.7000	8.6686	-18.5860	1.2290	-3.3370	0.9530
81	-13.2460	9.6260	11.5610	0.8580	-5.0700	1.4023
82	-18.1170	-19.5090	9.4370	-0.9140	-2.7800	0.9060
83	6.3400	-9.9180	0.6310	-2.5258	0.4400	0.4780
84	-7.9120	-3.8540	3.8240	-1.7900	0.2520	0.4280
85	-11.9140	1.3870	-918.0000	-1.2230	-3.0530	1.0660
86	-15.0640	19.4350	-4.3640	-1.6550	-0.2930	0.9970
87	-0.5960	-5.7190	-295.0000	-1.1010	0.4610	1.2550
88	-3.2220	-9.4940	26.4110	1.6760	-0.0480	1.7970
89	-11.5800	-9.4940	10.0580	0.9900	2.9270	0.1770
90	-17.8370	0.2190	11.4650	2.3820	3.3140	-0.9750
91	-10.1250	-4.8470	10.2710	2.7870	0.3310	-1.2620
92	-19.7220	-6.5710	9.9590	0.0120	-2.0050	-1.2000
93	-7.3290	-19.1290	-29.8940	1.2690	-1.1970	-0.8100
94	0.2160	-8.8750	9.8780	1.2410	-1.5510	1.1140
95	-19.6530	-19.2290	-29.3320	2.3210	1.0990	1.7310
96	-16.9230	-14.2710	-5.6770	1.8930	3.3760	2.9510
97	-18.7360	-16.5060	-6.9210	2.9620	5.4100	2.3190
98	-2.1120	8.6640	8.6920	5.1710	7.7910	1.7770
99	5.1900	1.7960	-32.2050	6.3100	9.2100	0.5090
100	-23.8150	5.8550	-22.5620	7.0820	11.5700	1.1310
101	-2.1280	17.2570	9.2120	7.1530	8.5850	2.1740
102	-2.1330	-0.5100	10.3810	6.1340	6.2610	1.5210
103	8.4530	-2.3550	8.7810	6.4620	8.5550	-0.9980
104	-8.3440	1.3440	7.3180	7.4290	10.4860	-1.6940
105	-5.6510	-5.2610	-29.7420	9.2530	9.4820	-1.5920
106	-5.2780	2.5990	-30.7660	8.2940	6.2490	-1.5420
107	-5.0220	18.4840	12.3420	9.7850	2.2940	-2.3950
108	-2.6970	-7.6680	5.4460	6.8740	4.5110	-3.6380
109	-14.3330	-4.6620	-30.1470	6.0160	3.8730	-4.0240
110	4.3760	-11.6430	-29.4530	5.0650	5.9500	-4.4650
111	-8.3350	-7.7470	10.1560	4.8980	6.1050	-4.4650
112	-1.6070	-4.1670	-0.0280	3.7320	6.5790	-3.2990
113	-6.7810	-6.8220	-26.4950	2.5010	4.5510	-1.8360
114	-16.5860	-2.6880	11.4260	2.2270	2.5080	-0.2470
115	-5.2220	4.3110	10.0270	0.5730	-0.0340	1.6980
116	16.7060	2.5770	-17.0660	0.8230	-5.5480	3.1250
117	14.9770	-9.5570	-24.5650	1.3630	-6.4200	2.5760
118	-11.7800	-11.2060	9.9890	1.8360	-7.5560	1.5140
119	-3.4040	-1.5510	12.2560	1.3630	-10.8330	0.8430
120	-19.2680	-18.8680	7.0630	1.1800	-9.9670	0.3410
121	10.1760	8.1310	6.8240	0.2970	-12.1390	-0.2240
122	-5.2070	-1.7630	8.2150	-1.6990	-11.6620	-1.5860
123	-0.5400	-8.3020	-1.5670	-2.7720	-10.7330	-1.9440
124	-10.9930	-8.3020	-27.5890	-0.9990	-12.9990	-1.9440
125	-12.3170	-13.8900	5.3880	0.0110	-11.8500	-2.1070
126	-1.9080	-3.2420	-21.0290	-0.4660	-10.8130	-2.0040
127	-8.6440	-2.9610	2.7380	0.6620	-12.5330	-2.0000
128	-10.9820	0.1730	-26.0150	1.1450	-12.8300	-2.0420
129	-10.0180	0.8630	-1.5910	1.0881	-11.7220	-2.1370
130	-1.4670	4.2780	9.3380	0.4780	-12.0000	-2.1370
131	-1.4340	-2.2290	-13.0510	-0.0180	-12.7470	-1.6550
132	3.0220	8.9890	10.5590	0.6410	-10.8360	-1.4220
133	-9.5100	-13.1760	8.2790	1.6720	-10.1190	-0.4110
134	-14.7940	0.5560	-15.3470	1.4370	-11.2020	-0.1590
135	-18.2880	0.9980	12.6380	2.4670	-10.2770	0.3080
136	-10.8110	-13.2490	7.9720	2.7310	-9.7300	0.1300
137	-1.6860	-10.1980	8.7230	3.0460	-112.7190	-1.2670
138	-21.1770	0.5960	8.2710	-0.5730	-1.0000	-1.4760
139	-10.8820	-3.9010	11.8196	-1.0000	-9.6140	-0.7230
140	-1.2610	-3.9010	2.5950	-3.1260	-8.8010	0.7570
141	-15.5620	-15.7440	9.6620	0.1700	-7.5550	1.4870
142	-18.2930	-19.6770	-29.0280	-0.3670	0.2670	0.9450
143	-17.7080	-6.9500	10.1090	2.3430	3.7140	1.4150
144	-21.8190	-17.9200	-22.3840	4.8870	7.9730	1.9670
145	-18.0680	-7.6660	-4.6350	4.4530	6.7680	1.4100
146	-15.7560	-2.5490	-1.5190	5.1160	7.8880	1.7210
147	3.2580	-10.3010	-28.1540	6.4590	7.2640	2.7200
148	-13.3500	-16.9580	-19.3500	9.7300	8.3020	2.9700
149	-5.6900	-13.2330	13.8870	8.0700	10.6520	0.6610
150	5.5340	-8.3840	4.2040	7.6880	14.3900	0.2180
151	-14.3740	-0.5320	11.5590	9.0260	16.1250	0.0950
152	-10.4910	0.2640	4.9530	9.9590	15.5370	-0.5030
153	2.0620	5.1210	12.3470	8.0840	14.5020	0.4193
154	1.1330	-4.4070	10.4790	7.2070	15.3060	0.6000
155	-3.4470	-9.7150	5.5660	4.0380	9.7810	0.4090
156	-13.5300	-8.9680	9.0510	5.6230	9.0000	0.9750
157	-21.6580	-3.7020	-1.5600	3.9920	582.0000	1.8920
158	-11.0160	-0.1390	10.4290	4.8000	5.7110	1.2620
159	7.5700	1.7740	8.4259	2.0820	6.6540	0.4270
160	0.1940	-19.0680	11.1600	2.9520	8.0970	-0.1890
161	-4.7750	-0.1420	4.0480	4.6070	7.7340	-0.1200
162	17.4850	-8.7830	-9.0660	3.9330	8.4370	-0.0910
163	5.8780	-5.5690	9.9060	4.7230	11.5380	-0.6820
164	-5.8670	-9.7000	-16.9700	4.3700	13.5840	-0.2680
165	-15.9990	-8.5000	0.6670	3.2650	12.7110	0.3800
166	-14.5490	11.7070	12.7650	4.6240	16.1220	0.2730
167	-8.1940	-5.0840	-23.7570	6.9870	19.2890	-0.0220
168	8.5760	-15.6280	-24.4840	6.3920	21.0610	2.4800
169	-7.3500	-5.0660	1.4240	6.7690	18.6450	4.6870
170	-11.2020	-18.3650	10.1230	6.7670	19.1140	4.2060
171	-10.1400	-8.6630	-27.4820	4.5820	18.6070	3.4690
172	5.0360	-6.8440	7.3870	3.1740	17.2940	1.2470
173	-13.6470	17.4660	3.7820	0.1240	13.2360	0.6910
174	-19.8500	18.6520	-13.5850	-3.2330	9.9950	0.7200
175	13.9060	-17.9900	-22.7920	-3.6440	10.0610	-1.1110
176	-2.8280	5.3310	-15.8420	-4.4070	12.9030	-2.5100
177	-2.8280	-13.7910	-21.5050	-1.7170	9.7330	-2.6780
178	-4.9030	-3.1580	-12.3050	-1.7660	13.2080	-3.3620
179	2.4810	-10.0850	-12.5590	-2.6520	14.7860	-3.7230
180	0.3790	-5.4730	-10.8730	-2.9150	11.7130	-4.0000
181	-12.7610	-12.6380	5.4610	-4.3730	12.7530	-3.0020
182	6.5960	-11.5100	7.9000	-6.2900	14.2780	-2.0320
183	-14.2610	2.4590	-22.0220	-8.0120	13.0890	-1.4860
184	-11.7120	4.1130	7.1530	-7.9890	15.4990	-0.7410
185	14.9240	-21.2470	-18.2350	-8.1440	14.0340	1.8170
186	-16.2160	-21.8120	4.5770	-10.5720	13.9140	3.7070
187	-9.5070	-2.1840	9.7970	-10.5230	15.7840	2.1470
188	0.3590	18.2320	-23.8080	-9.7540	15.4510	2.0950
189	-19.4760	9.3310	12.6450	-10.9200	15.3100	2.2070
190	-15.9280	-16.3860	-24.2000	-10.6250	13.1580	2.3920
191	-17.8830	-13.8920	7.9410	-10.0080	14.5710	3.2330
192	-15.5190	6.2020	4.9460	-10.4050	15.7190	2.3650
193	15.7940	-3.4830	-23.3990	-10.5410	13.4470	1.7660
194	13.0110	-21.2660	-21.2740	-9.9110	11.5250	4.5860
195	14.4050	-19.8340	-25.2920	-10.1430	9.9610	6.6030
196	8.4870	-20.0270	3.5080	-7.6100	10.4760	9.2250
197	-8.6060	-2.7040	4.1050	-4.9820	12.4150	8.8120
198	-9.9940	-19.1420	-15.3060	-4.9260	12.6310	9.5290
199	7.6200	-11.9890	-31.3160	-5.0130	13.0800	10.8350
200	1.6250	-10.3670	12.3470	-8.0580	12.8830	12.5390
201	13.7920	-16.0320	-27.3640	-6.4340	6.8100	13.0170
202	12.0470	-15.7750	9.2970	-9.6230	4.2920	11.7950
203	14.8190	-16.7960	-29.7670	-12.2550	2.1300	10.0070
204	-21.8970	-2.5270	9.7640	-12.8390	3.8360	6.4420
205	15.2860	-12.2770	-10.1950	-12.6390	1.9640	5.5610
206	-20.3450	-13.8630	-24.5530	-11.4560	5.2070	6.2000
207	-20.1470	9.3700	-16.0640	-12.5370	5.6400	6.5760
208	-19.6670	12.8750	5.8540	-10.4240	5.6960	4.8890
209	-16.2940	6.4230	-15.0860	-10.5370	4.1410	5.1450
210	-1.3780	1.8050	-9.9140	-10.1620	6.6920	4.6220
211	-8.2710	8.9600	4.5350	-8.7840	3.5460	5.9520
212	-7.3360	-5.5810	-28.0470	-8.2320	5.1660	5.1470
213	-0.0290	-12.9050	-19.6260	-7.9820	3.9300	5.7460
214	-22.0270	7.3980	6.2670	-8.7090	1.0020	8.0050
215	0.8020	-2.0440	9.1000	-8.5360	-0.5630	9.9530
216	8.2380	-11.0600	12.6640	-7.8660	-1.2520	9.1090
217	-7.8500	-12.9320	6.6860	-7.8400	-1.0750	9.2200
218	-15.1020	-10.1570	11.3850	-7.6510	0.8820	9.9490
219	-12.7800	10.6740	-21.1890	-6.2560	1.3150	9.1590
220	0.5330	14.7350	8.1680	-5.7970	-0.9600	9.0260
221	16.7910	7.0280	-32.2560	-6.0000	12.2010	9.8690
222	-1.7830	-13.5470	-0.8990	-9.9950	-6.6870	11.5380
223	-18.5750	5.8780	2.3600	-10.1760	-10.0250	11.0860
224	0.9960	3.7630	7.1970	-9.9900	-11.5430	8.6070
225	10.2690	-21.1220	12.2850	-6.5230	-8.6030	8.2110
226	9.2940	-21.2520	-24.8930	-9.4220	-9.6700	6.5180
227	-23.2610	5.7260	10.7770	-4.9240	-6.2980	5.2300
228	-18.4490	-14.5110	-14.0580	-6.0910	-5.2730	5.0160
229	3.3040	-14.6710	-31.5760	-5.4310	-3.1590	5.4000
230	-10.1860	9.5780	10.5050	-5.3530	-4.0930	2.7720
231	-10.1860	-7.0530	-28.7490	-6.5270	-6.5510	1.7740
232	-2.6430	-4.4490	11.9020	-3.9820	1.5370	1.1170
233	5.2960	8.8900	-14.0560	-6.7050	-6.5980	1.7270
234	12.4870	-3.7810	-31.7960	-4.4530	-6.4480	3.4210
235	-7.8050	-3.7810	-25.3020	-2.7130	-7.2610	2.6550
236	-18.6290	-17.7370	-5.1910	-0.3490	-5.8290	1.8740
237	1.1440	-2.8000	-26.7340	0.4230	-7.1500	0.2400
238	7.0860	-6.8750	-0.4390	4.1590	-9.7400	1.0790
239	-1.0250	-12.3190	-25.3790	5.5330	-9.9770	1.8880
240	-20.4770	18.7190	-15.9460	6.1400	-7.7610	1.3900
241	-20.2710	-11.3170	-32.3340	8.5510	-5.3780	-0.9840
242	6.2850	-7.5770	-27.2350	6.8500	-5.2000	-3.7310
243	-7.8420	16.3080	11.8900	6.3090	-8.0300	-4.9510
244	-2.3970	-0.4920	11.2980	4.7570	-6.2250	-6.2970
245	2.7860	-7.1580	-29.5650	4.8110	-8.0940	-6.7920
246	-6.6050	-6.2180	-13.1890	2.5120	-7.4680	-6.8450
247	-2.7780	1.1330	-1.7650	3.2030	-7.9310	-6.4840
248	-2.4130	-4.7640	8.8460	3.0520	-8.5660	-6.5570
249	3.1570	-13.1720	13.7120	3.3270	-8.7370	-6.8180
250	8.7970	-4.5010	6.1920	1.5310	-7.0640	-7.0580
251	-12.1650	3.7110	0.7100	-7.3950	-6.5040	-6.9150
252	-11.3600	-13.6920	-19.6830	0.2410	-8.1500	-6.7000
253	1.5610	-1.9160	14.1150	-4.0370	-9.5610	-3.3700
254	-3.7760	-18.5260	10.6600	-5.3370	-11.0000	-2.0750
255	14.3760	-16.9620	-15.3630	-10.1000	-1.9630	-2.1620
256	-4.8300	-18.8330	-15.9970	-16.6341	-0.2190	-1.8090
257	-15.5440	4.6740	-20.3330	0.0000	-14.7950	0.4810
258	-17.0180	7.5440	-0.3300	-16.1220	-16.7000	4.2640
259	-16.6620	14.6790	2.9440	0.0000	-16.3450	4.2640
260	-13.9430	2.8540	10.4591	-16.3040	-15.9760	6.2890
261	-23.1420	-15.2790	-2.4760	-13.6540	-19.9490	5.7310
262	2.8170	-13.2200	6.1300	-13.8740	-20.1370	6.1970
263	-7.1040	7.4610	-19.8390	-16.4680	-19.9740	5.5870
264	-24.2610	-7.9460	-24.7290	-15.5180	-17.8730	4.3490
265	-24.8720	12.1160	2.6770	-12.1660	-14.3360	5.1190
266	-16.5970	-0.9100	3.1800	-12.3500	-13.3200	7.0820
267	5.9980	-15.7960	-23.9330	-14.1300	-16.9280	9.4530
268	3.8450	-4.2930	-24.8750	-15.2790	-20.2540	11.5100
269	-20.7990	-18.6280	1.0370	-11.7000	-17.7500	9.9110
270	-10.7910	3.8350	-2.0070	-12.8650	-14.6400	8.2150
271	-8.8660	-20.5780	-15.7030	-19.0210	-18.8910	7.7030
272	-25.5080	-10.8280	3.6320	-22.6310	-19.1340	8.5440
273	15.6340	-11.3590	6.6480	-21.5550	-19.1380	9.6690
274	-11.5670	3.6310	-17.1660	-22.2670	-21.8950	9.6960
275	-7.0420	-0.7690	7.4700	-21.7040	-21.9790	11.5880
276	-11.4210	1.7820	12.4100	-22.9400	-24.0410	10.8480
277	-17.9430	-9.5620	-6.2460	-19.1810	-22.2320	10.4810
278	14.4580	-13.2810	-38.9580	-21.9860	-22.2280	9.8420
279	0.5780	-9.8060	0.6320	-23.9520	-25.0340	10.2250
280	-19.3350	-7.3690	6.6280	-22.3440	-24.4610	10.4470
281	-3.1740	-2.9360	-18.9850	-25.8250	-26.7890	14.5040
282	1.4700	-1.1610	12.9190	-30.9710	-28.2570	14.1130
283	-20438.0000	-65.3670	-0.6240	2.7450	-29.0530	12.8380
284	-3.6399	0.8910	-8.7340	-26.3650	-24.3710	9.6700
285	-10.2440	-21.7430	-32.8490	-25.2640	-21.7020	7.2230
286	-11.2270	-27.1420	16.6920	-23.4730	-22.6780	7.8180
287	-3.4240	6.0010	1.5950	-26.6340	-25.4340	8.4930
288	4.5100	11.8050	17.7040	-27.4150	-27.6950	11.1740
289	-11.5000	-4.7620	1.0810	-26.8800	-27.0780	10.1010
290	-3.1550	-0.3960	17.7190	-26.9160	-26.0910	8.8540
291	-5.1880	-5.2770	-13.8500	-27.0000	-28.7120	9.5720
292	-8.8200	2.2010	7.5090	-27.4890	-27.8900	9.3780
293	-25.0410	6.2210	-1.4610	-26.5460	-27.8300	9.4520
294	-3.9120	-0.8140	8.5990	-26.0390	-27.0730	9.2690
295	-9.0410	-0.7510	1.4840	-25.9190	-27.1390	9.4290
296	-11.1180	4.1000	-2.5440	-25.9500	-27.4480	9.5980
297	-13.8120	1.2860	-6.4760	-25.6860	-27.5060	9.2000
298	-16.2670	-3.7160	-8.9840	-26.3850	-27.0800	8.9630
299	-16.2670	-3.7160	1.0710	-26.4290	-26.9770	9.1620
300	-2.1060	4.0530	-8.6320	-26.6610	-26.7300	9.1780
301	-11.1180	1.0080	-5.9070	-26.3280	-26.4950	8.9550
302	-0.0010	-4.4690	-9.9150	-26.7280	-26.9220	9.6510
303	6.4560	-11.2070	-7.1390	-29.3860	-29.0559	10.4400
304	16.1360	-16.3560	17.4540	-30.1120	-31.8300	0.6600
305	6.5910	-17.6710	-13.9910	-33.0020	-3318.0000	0.6600
306	-19.1290	6.6290	-12.5240	-35.9283	15.5050	0.6600
307	-0.7850	15.0340	5.2560	-36.7120	-35.5250	0.6600
308	-14.7350	-10.8940	-4.7830	-33.0000	-34.3440	0.6600
309	-5.1880	-16.1930	-41.0550	1.0000	-35.7840	0.6600
310	-6.4030	4.3670	73.0000	-33.4250	13.9680	0.6600
311	-6.8680	-8.5190	-15.7000	-28.8630	-29.7030	0.6600
312	-24.7850	5.3410	-2.8170	-30.5690	-28.1930	10.3460
313	-3.7600	1.2550	-14.3470	-29.0080	-28.8800	8.5430
314	-6.8520	-17.1710	5.6610	-34.6640	-31.2690	6.9310
315	4.5370	-23.8990	-6.2200	-30.1740	-29.5960	5.0830
316	-2.8180	-22.8780	-12.3650	-28.0010	-26.7520	6.2810
317	7.1070	7.8050	-32.1760	-25.0490	-27.5490	6.0200
318	-24.2590	6.9030	-8.9080	-22.8480	-25.1010	3.3790
319	-0.8200	2.8370	-35.3170	-22.3460	-25.7170	3.4230
320	-6.6890	-1.7810	13.0050	-21.5400	-28.4230	4.4600
321	-19.4160	-10.5800	-16.1550	-22.2910	-31.9370	5.9750
322	-17.2440	-7.8440	-8.5570	-21.7500	-35.2650	5.5940
323	-10.0170	-0.5940	-9.6440	-25.3770	-42.2450	6.1400
324	-10.8000	-7.9470	-16.0080	-26.0570	-42.5440	7.1250
325	-0.3770	-8.9800	-19.8900	-27.4750	-43.3230	8.0020
326	-5.4070	-12.5700	-5.7750	-26.7980	-41.2220	7.3480
327	-3.5050	10.2240	-0.2950	-22.2800	-36.2280	4.6660
328	-23.3520	-17.7400	-8.9520	-22.6930	-32.3010	3.0810
329	-10.2320	-0.2950	3.8350	-27.0090	-35.7220	4.7720
330	-13.0670	-6.2990	-26.2310	-25.7700	-33.8430	5.8860
331	-27.1130	-2.1530	-18.6450	-27.3150	-34.4280	4.0480
332	-11.7490	0.0750	-18.9700	-24.3890	-31.4220	3.5880
333	-25.4130	8.8990	9.4850	-22.4710	-33.8100	1.0950
334	-22.8690	-14.6270	-13.1100	-22.0180	-37.5170	1.3370
335	0.0500	-0.6370	6.2510	-18.8460	-36.7180	-0.9280
336	-17.6780	5.5040	-4.0910	-19.0140	-38.3980	0.1480
337	-4.3430	-21.3660	12.7340	-19.4700	-36.0140	-0.8790
338	-11.9360	8.8680	-16.0020	-20.0310	-38.8140	0.3740
339	-11.9360	-0.2200	-36.7290	-18.6030	-37.1240	0.5160
340	0.5740	-11.7260	10.5570	19.6260	-37.9270	0.5160
341	-1.5100	-11.7260	1.7620	-21.1310	-38.3190	1.9850
342	-0.9120	-21.5910	-29.6760	-20.4880	-37.9130	1.6660
343	-28.1830	-6.5100	-42.0120	-23.1840	-39.4060	3.4650
344	-13.2970	-5.8920	-13.1790	-21.3500	-37.2520	1.1030
345	2.4010	-12.3560	-26.1830	-23.2130	-40.3030	3.1570
346	-5.2030	0.7800	-41.0690	-21.2040	-37.5340	0.4020
347	9.0110	-22.5450	9.1480	-21.8050	-37.3360	0.6930
348	-17.3710	17.1060	7.6460	-27.0120	-39.8020	5.0060
349	-3.3510	-4.2210	22.6880	-29.6670	-42.6180	6.1860
350	-6.8520	6.3890	7.4190	-31.6310	-43.0970	6.8120
count	accelx	accely	accelz	roll	pitch	heading
1	0.0000	0.0000	-0.0940	0.0750	0.0910	0.0000
2	-0.0060	-0.0240	-0.0080	0.0610	0.1240	1.8630
3	0.0070	-0.0170	-0.0340	0.0690	0.1110	1.6810
4	0.0120	-0.0170	-0.0040	0.0660	0.1060	1.6330
5	0.0040	-0.0110	-0.0060	0.0770	0.1020	1.6100
6	0.0060	-0.0160	-0.0060	0.0700	0.1150	1.6030
7	-0.0150	-0.0140	0.1450	0.0710	0.1130	1.5850
8	0.0220	0.0020	0.0240	0.0740	0.1140	1.7130
9	0.0000	-0.0420	0.0150	0.0780	0.1040	1.8120
10	0.0320	0.0000	-0.0160	0.0790	0.0990	1.8430
11	0.0290	-0.0360	-0.0150	0.0750	0.1030	1.8330
12	0.0030	-0.0220	0.0200	0.0670	0.0970	1.8600
13	0.0240	-0.0100	-0.0210	0.0690	0.1000	1.8100
14	0.0300	-0.0160	0.0170	0.0650	0.1010	0.8390
15	0.0120	-0.0120	0.0040	0.0620	0.1090	1.6810
16	0.0170	-0.0130	0.0020	0.0000	0.1080	1.6570
17	0.0120	-0.0250	0.0140	0.0680	0.1000	1.6100
18	-0.0180	-0.0100	0.0660	0.1140	1.7410	1.6380
19	0.0250	-0.0010	0.0120	0.0600	0.1120	1.7580
20	0.0140	-0.0240	0.0240	0.0560	0.1080	1.7210
21	0.0190	-0.0240	-0.0030	0.0510	0.1070	1.7210
22	0.0200	-0.0150	-0.0070	0.0270	0.1130	1.5670
23	0.0160	0.0020	0.0320	0.0340	0.1230	1.6020
24	-0.0030	-0.0170	-0.0140	0.0360	0.1150	1.3370
25	-0.0030	-0.0170	0.0060	0.0340	0.1290	1.3370
26	0.0150	-0.0110	-0.0140	0.0370	0.1280	1.5180
27	0.0350	-0.0080	0.0290	0.0480	0.1200	1.5400
28	0.0110	-0.0030	0.0120	0.0460	0.1220	1.5748
29	0.0010	-0.0330	0.0670	0.0600	0.1240	1.5500
30	-0.0870	-0.0230	-0.0460	76.0000	0.1100	1.5020
31	0.0650	-0.0060	-0.1050	0.0840	0.1050	1.5020
32	-0.0560	-0.0370	-0.0520	0.0310	0.1030	1.5290
33	0.0680	-0.0090	-0.0160	0.0300	0.1150	1.7840
34	-0.0440	0.0020	-0.0710	0.0480	0.1050	1.7170
35	0.0230	0.0230	0.0200	0.0590	0.1040	1.7150
36	0.0220	0.0010	-0.0350	0.0680	0.1090	1.6250
37	-0.1290	-0.0360	0.0710	0.0880	0.0810	1.6520
38	-0.1080	-0.0430	0.0030	0.0700	0.1200	1.6090
39	-0.0630	-0.0050	0.0130	0.1030	0.1100	1.6780
40	0.0580	0.0000	0.0020	0.1030	0.1140	1.6980
41	0.8290	0.2570	0.4450	0.1140	0.1130	1.8580
42	0.1220	0.0510	0.1960	0.0970	0.1760	1.9330
43	-0.2730	0.0350	-0.2500	0.2130	0.0760	1.9630
44	-0.0750	-0.0060	0.2170	0.1590	0.0307	1.6700
45	0.0890	-0.4570	-0.5300	0.2840	-0.0140	1.9150
46	0.0820	-1.7880	0.4310	-0.3370	2.0030	1.8250
47	-0.0540	-1.1700	1.1220	574.0000	-0.1710	1.9210
48	-0.6960	-1.1700	-0.4940	0.4580	0.2380	1.8120
49	0.2230	-0.9310	0.3290	0.4820	0.2200	1.8500
50	-0.3490	0.1180	0.2370	0.8200	0.3170	1.4540
51	-0.1330	-0.4320	0.9450	1.6980	0.3400	0.6940
52	-0.0890	-0.0910	3.3300	1.8210	-0.3720	0.0480
53	1.4730	0.3850	4.8810	1.0050	-2.5340	-0.5830
54	-1.1650	-0.4070	2.3280	-1.2630	-4.0410	0.0410
55	-1.2280	-1.3440	-0.2030	-1.1830	-7.7680	0.1280
56	-0.7320	0.1260	-3.7250	-0.2920	-9.8360	-0.8760
57	0.4660	0.0840	-3.5070	0.2920	-10.3180	-2.2670
58	-0.3920	-0.2410	-2.3780	0.3750	-8.0480	-3.6870
59	-0.7130	0.1850	-1.2750	0.2100	-5.9170	-4.2300
60	-0.1930	0.0070	-0.8490	-0.3120	-5.1650	-4.1150
61	-0.1930	-0.2010	-0.9940	-0.8720	-4.1170	-3.8730
62	0.2910	-0.3900	-0.5750	-0.9330	-2.8720	-3.0190
63	1.3560	-0.3000	-0.0730	-0.7610	0.2540	-2.3490
64	1.2680	-0.3200	1.6800	-0.1060	6.2950	-2.0140
65	2.1830	0.3020	0.7680	-0.4100	12.2160	-1.4250
66	0.7880	-0.1910	-0.2360	-0.6360	13.6720	-1.1350
67	-2.6660	0.3900	-0.1510	-2.2760	13.2880	-0.2570
68	-2.9580	-0.7310	0.3550	-2.9370	9.5990	-0.2300
69	-2.9580	-0.7310	0.0350	-1.7970	5.5470	0.4920
70	-2.3030	-0.8020	-0.1510	0.2960	0.7280	1.0710
71	-1.5450	-0.8020	-0.2170	1.5350	-3.4790	0.6300
72	-1.1300	0.0810	-0.1170	0.9270	-6.0552	0.1200
73	-1.1560	-0.0080	-0.0370	0.3130	-8.2620	0.0910
74	-2.5430	-0.3620	-0.0610	-0.6520	9.6810	0.2510
75	-2.5810	-0.8420	-0.4660	-0.6390	-12.9950	0.3900
76	-0.8450	-0.6320	-0.3550	-0.3590	-15.2310	0.4250
77	0.3790	-0.7160	-0.2330	0.4430	-13.5310	0.2910
78	4.5300	-0.4470	0.3710	-0.0160	-9.8140	-0.6130
79	3.4790	0.1130	-0.2120	0.3950	-4.2130	-1.6630
80	1.2080	-0.1790	-0.5290	1.2050	-2.8980	-2.5010
81	-1.9230	-1.1150	-0.8610	0.9670	-1.2210	-2.4970
82	-0.2170	0.1440	-0.3890	0.8360	-2.2420	-2.3080
83	0.7920	-0.7340	-0.3090	-0.7560	-2.7120	-2.8610
84	0.1720	-0.0940	-0.2190	-0.5520	-2.4300	-3.1150
85	-0.0240	0.2510	-0.0890	-0.4710	-2.1000	-3.1130
86	-0.7210	-0.3980	0.1750	-1.2480	-1.5240	-3.1770
87	-1.1080	-0.0950	0.1310	-1.6690	-1.1230	-2.9230
88	-0.7210	0.0590	0.1300	-3.5250	-1.3690	-2.8330
89	0.0050	2.3300	0.6310	-9.6200	-1.5240	-2.6780
90	-1.0070	2.1460	0.0830	-16.1700	-1.6510	-1.0380
91	-1.4070	-0.9490	-2.7700	-20.3970	-0.2160	1.1840
92	-3.6570	-1.7870	0.4120	-17.1930	3.0160	3.7020
93	0.1790	-1.0000	-0.8040	-13.6030	2.0670	6.0260
94	1.1130	-0.7500	-0.3370	-10.6860	2.9150	8.0750
95	-0.8280	-2.3550	1.0560	-7.2270	4.7990	8.9960
96	-0.3070	-0.8410	-0.2440	-1.8240	4.7880	11.4600
97	1.8380	-1.1590	0.2740	1.1590	5.6050	12.9200
98	0.0290	-1.0990	0.9350	5.7040	0.7660	12.6340
99	0.5720	-3.0970	0.3230	8.5010	5.6750	12.3010
100	0.1020	-3.4640	-0.1420	11.0440	3.0820	11.2090
101	-0.1580	-1.2230	-0.7400	12.7710	57.0000	7.5170
102	-0.2270	-0.2720	-0.5400	15.4310	0.2000	-1.1120
103	-0.6280	2.1960	0.3470	17.5080	1.2290	-8.8570
104	0.9390	3.4650	-0.6720	16.3140	1.7640	-15.4580
105	-2.0370	1.6450	0.9900	10.3320	4.4810	-17.4180
106	-0.2730	1.0110	0.5430	6.5150	3.1350	-17.3740
107	0.7270	0.8210	-0.0460	3.2920	1.6470	-16.1560
108	0.0560	0.4340	-0.1280	0.2090	0.9860	-14.6930
109	-0.1020	-0.1370	0.1990	-2.8150	0.6910	-11.9500
110	-0.3940	0.1760	-0.0050	-5.1350	0.7750	-9.4730
111	-0.1340	-0.9290	-0.0320	-8.5650	0.5730	-7.7090
112	0.0250	0.0020	-0.5730	-9.5220	0.7630	-5.8640
113	0.3640	2.9510	-0.3010	-11.1920	0.7400	-4.3900
114	-0.7950	0.8180	0.2160	-11.9310	1.0320	-3.9450
115	-0.6520	0.7200	0.7870	-12.1900	1.6090	-1.7760
116	-0.5040	-0.9080	1.4970	-13.0890	1.9530	3.0360
117	-0.0660	-2.0620	1.1490	-12.5760	2.1530	8.0210
118	0.1270	-2.7410	0.2740	-10.6020	1.5740	9.7640
119	1.2780	-2.8970	-1.0000	-5.8560	0.5310	13.3320
120	-0.2750	-1.7470	-0.2670	-0.3110	0.3960	14.5620
121	-0.8550	0.2050	-0.5850	2.8090	-0.6710	11.4240
122	0.1490	-1.3670	-0.3440	4.3220	-0.6940	9.4910
123	0.0070	-1.2840	-0.1350	7.9720	0.1430	8.8870
124	-0.0410	-3.2410	-0.1940	12.3980	0.8790	7.4180
125	0.1560	-3.6200	-0.0650	15.5130	1.3060	5.7280
126	-0.3460	-1.6240	0.4330	17.3010	1.8870	0.2230
127	-0.7800	0.6180	0.2270	16.4350	1.5210	-6.7070
128	-0.2360	1.1260	-0.0370	14.7770	0.6180	-11.5260
129	0.9310	1.7680	-0.1950	11.5600	0.0260	-17.1570
130	0.8920	2.7270	-0.0990	7.1490	0.5070	-18.8010
131	-0.4030	1.2590	0.3350	1.6610	-0.3520	-18.3100
132	0.1610	0.5130	-0.0110	-2.3240	-1.7960	-17.2280
133	-0.3450	-0.9050	-0.4300	-2.5690	-1.6880	-15.1760
134	0.2870	0.9060	-0.0520	-2.4540	-1.2330	-12.7750
135	-0.1080	-0.6970	0.1090	-3.3510	-0.7190	-10.6980
136	-0.0370	-0.1970	-0.0630	-2.7810	-0.7390	-8.0250
137	0.1960	0.1110	0.1500	-2.7620	-0.7230	-6.7380
138	0.5390	2.7820	0.3190	-1.8970	-0.9280	-6.4960
139	-0.1030	1.7580	0.3060	0.1750	-0.3050	-6.5210
140	-1.3320	0.0040	0.2400	0.6510	-0.1870	-4.4310
141	-0.3600	-0.9190	-0.2100	0.5830	-0.7900	-2.1960
142	-0.1890	-1.5610	-0.2080	0.3520	-1.0370	0.2070
143	-0.3620	-1.3910	-0.1290	0.0860	-1.0770	2.4110
144	0.0840	-1.0470	-0.1470	-0.1250	-1.2030	3.6940
145	0.0390	-1.0900	-0.0980	0.4100	-0.9370	4.2280
146	-0.0880	-0.4950	0.0010	0.9900	-0.5800	4.5000
147	0.0890	-0.6080	0.0120	1.1880	-0.5160	4.4860
148	0.1040	-0.6600	-0.0480	1.4220	-0.4700	4.5480
149	0.1880	-1.4590	-0.0770	1.2310	-0.1720	4.7840
150	0.2370	-2.7340	0.1200	0.6110	-0.0580	4.6480
151	-0.0630	-1.8150	0.2600	-0.5650	-0.0320	3.3120
152	-0.3450	-0.5690	0.2950	-1.2070	-0.1610	1.1100
153	-0.5870	0.2080	0.0370	-1.3890	-0.5680	-1.1910
154	-0.4360	0.8690	-0.1230	-2.3440	-1.0750	-3.0720
155	-0.0960	0.7560	-0.1760	-2.7280	-1.7980	-4.3560
156	-0.1110	1.2050	-0.2120	-2.7020	-2.1510	-5.0620
157	0.1860	1.6030	-0.4310	-2.7220	-2.2700	-5.7400
158	0.0310	1.8720	0.2130	-3.3600	-1.5410	-5.7150
159	-0.4390	0.3060	0.1920	-3.6090	-1.2970	-4.1120
160	0.7470	0.1850	-0.1480	-2.9400	-1.6120	-3.1870
161	0.7890	0.3410	-0.5120	-2.4770	-1.2340	-2.9340
162	0.5090	0.0620	-0.0580	-1.5000	0.7650	-2.6180
163	0.3570	0.4120	0.5200	-0.8670	1.9500	-2.1590
164	0.5340	0.1620	0.2990	-0.6820	1.8810	-1.5570
165	0.2590	-0.2750	-0.3040	-0.8420	1.1730	-0.6050
166	-0.4970	-0.1150	-0.3460	-0.9840	1.3800	0.7160
167	-1.2740	-0.6710	0.1440	-1.1780	2.1850	1.2550
168	-1.0500	-0.1610	-0.0990	-0.7420	2.2190	1.2880
169	-0.9000	-0.0310	-0.1420	-0.8230	1.9990	0.9650
170	-0.6620	-0.2600	-0.0830	-0.9220	1.6020	0.9710
171	-0.5320	-0.2600	0.1490	-0.8150	1.1850	1.2760
172	-0.7560	-0.5230	0.4240	-0.5620	0.6140	1.5880
173	-0.8730	-0.3180	0.2630	-0.3340	0.0080	1.9650
174	-0.4070	-0.2800	0.1730	-0.1060	-0.3960	1.6590
175	-1.0150	-0.4050	0.1610	-0.3050	-0.4860	1.1500
176	-0.4770	-0.2420	0.0600	-0.3380	-0.9190	0.8940
177	-0.7440	0.1180	-0.0390	-0.4500	-1.0900	0.6820
178	-0.7770	-0.1220	-0.0250	-1.2040	-1.4380	0.4540
179	0.4860	-0.3780	-0.0780	-1.4880	-1.4670	0.6600
180	0.2690	-0.3120	0.0170	-1.3250	-1.2950	0.6990
181	0.3740	-0.0820	0.0210	-0.9130	-1.5510	0.3540
182	0.1260	0.0890	-0.1330	-0.6520	-1.8180	-0.1990
183	0.6030	0.0930	-0.2720	-0.5190	-2.2600	-0.3260
184	0.6870	0.0070	-0.3900	-0.3480	-2.5860	-0.4600
185	0.6480	0.2920	-0.8910	0.0730	-2.7900	-0.4920
186	0.3380	0.0420	-1.2300	-0.0070	-2.9610	-0.2850
187	0.1790	-0.1890	-1.2300	0.0050	-3.0350	0.2480
188	0.1800	-0.1090	-1.0800	0.2320	-3.2080	0.4430
189	0.1750	-0.1660	-0.6900	-0.0410	-3.6000	0.9380
190	0.1290	-0.2320	0.1540	-0.3810	-3.5330	1.3360
191	-0.3040	-0.5890	0.1590	-0.2070	-3.4530	1.6690
192	-0.3110	-0.1820	0.0820	0.3540	-2.9770	1.6830
193	-0.3590	-0.1450	0.2290	0.5960	-2.2690	1.4990
194	-0.2420	-0.1450	0.5290	0.9400	-1.6950	1.4470
195	-0.0850	-0.0540	0.4230	1.3350	-1.2670	1.3030
196	0.0340	-0.0980	0.3750	1.8430	-0.8990	1.2180
197	-0.0580	-0.1480	0.4100	2.2540	0.7090	1.2130
198	-0.1530	0.0100	0.1290	2.6790	-0.3100	1.4690
199	0.0000	0.2490	0.2640	2.6390	-0.1100	1.1510
200	-0.1370	-0.6570	0.2970	1.9240	0.1950	1.0270
201	-0.2310	-0.0630	0.2730	1.7810	0.4530	1.3050
202	0.1590	0.0120	1.1710	1.6120	0.9610	1.7210
203	0.0000	0.0040	1.3690	1.0580	1.3180	2.3190
204	0.2680	-0.5080	1.1120	0.3790	1.3010	2.7920
205	-0.2220	-0.4580	0.7110	0.3170	1.3950	2.8550
206	-0.4760	0.0640	0.5200	0.4170	1.1010	2.5190
207	0.3520	-0.2870	0.3170	-0.0650	1.0380	2.2280
208	-0.1670	0.0270	0.2710	-0.1740	0.8670	1.9550
209	-0.3310	0.0160	-0.1570	-0.2360	0.0210	1.8210
210	-0.0860	0.0380	-0.2950	-0.2900	-0.8920	1.8540
211	-0.1920	-0.0600	-0.2650	-0.4290	-1.4910	1.8930
212	-0.1240	-0.2120	-0.4050	-0.7010	-1.9630	1.8600
213	-0.1210	-0.2610	-0.3980	-1.2500	-2.2630	1.6220
214	-0.1460	-0.5120	-0.7450	-1.7000	-2.6600	1.2500
215	-0.1740	-0.1240	-0.7580	-2.2360	-3.0990	0.3910
216	-0.0820	0.3930	-0.7650	-2.5820	-3.6310	-0.4580
217	-0.0820	0.3930	-0.4810	-2.4080	-3.5910	-0.7290
218	0.0030	0.9840	0.0150	-2.5050	-3.1030	-0.6510
219	-0.2480	0.0270	-0.1140	-2.1930	-2.8440	0.5940
220	0.3130	-0.0360	-0.1740	-1.5820	-2.7040	1.7240
221	0.1680	-0.3290	0.0710	-1.1860	-2.2900	2.6660
222	-0.0060	-0.3310	0.0550	-0.5240	-2.1780	3.4860
223	-0.1220	-0.1850	-0.0600	0.3630	-1.8640	3.6860
224	-0.1580	-0.5110	-0.0490	1.3520	-1.6110	3.6430
225	-0.1330	-0.5750	0.0680	1.8510	-1.3050	3.6410
226	-0.2070	-1.1710	0.0010	2.1620	-1.2020	3.4450
227	0.0170	-1.0990	-0.1260	2.3050	-1.3850	3.2850
228	0.0530	-0.9710	-0.0180	2.0980	-1.5400	2.8760
229	-0.0270	-0.4360	0.0040	1.7530	-1.4570	1.6840
230	-0.0160	-0.3480	0.0030	1.5190	-1.3990	0.2020
231	0.0110	-0.0390	-0.0850	1.4170	-1.5350	-1.2915
232	-0.0850	0.1090	-0.0480	1.0610	-1.7200	-2.3480
233	0.0240	0.2390	-0.0860	0.6640	-1.7620	-3.3850
234	-0.0440	0.1980	0.1030	0.2050	1.6410	-4.6140
235	-0.1140	0.0980	0.0110	-0.5700	-1.5510	-5.1590
236	0.0150	0.1530	-0.0630	0.9420	-1.8810	-5.6400
237	-0.1450	0.3660	-0.4000	-1.3130	-1.9620	-6.2700
238	-0.2590	0.3900	-1.9110	-6.6620	-3.7900	-6.5890
239	0.0690	0.5870	-0.1410	-1.8360	-1.7890	-6.7850
240	0.1670	0.8290	-0.0410	-1.5850	-6.8430	-6.8130
241	0.2310	0.5620	-0.0330	-1.1450	-1.3820	-6.6870
242	0.0980	0.6940	0.1040	-0.8020	-1.1650	-5.8580
243	0.0560	0.3300	0.0280	-0.8480	-1.1750	-4.9490
244	-0.0900	0.2220	0.0220	-0.6630	-1.1910	-3.6890
245	-0.0120	-0.0070	-0.1550	-0.7190	-1.0540	-2.3720
246	0.1970	-0.4190	-0.0860	-0.8430	-1.0730	-0.9940
247	0.3200	-0.6740	-0.0530	-1.1700	-1.1150	-0.1790
248	0.1640	-0.6230	-0.0370	-0.8940	-1.1670	0.3310
249	0.0260	-0.4850	-0.1260	-0.6800	-1.3110	0.3070
250	-0.4260	-0.2950	-0.1780	-0.6780	-1.2340	0.3340
251	-0.5200	-0.1690	-0.1790	-1.0200	-1.3170	0.5570
252	-0.6260	-0.3120	-0.0970	-0.9140	-1.3700	0.6830
253	-1.2180	0.2800	0.2400	-0.5990	-1.2520	0.9280
254	-1.3990	-0.3220	0.4970	-1.2440	-0.4750	1.1510
255	-0.7220	-0.1440	0.1680	-1.3430	-0.4410	1.2610
256	-0.4010	-0.1120	0.0690	-1.3460	-0.0420	1.1310
257	-0.4730	-0.1380	0.0850	-1.2410	0.2120	1.1050
258	-0.2330	-0.0130	0.0520	-1.0100	0.3340	1.1210
259	-0.1430	0.1520	0.0120	-1.0890	0.4770	1.1340
260	-0.1340	-0.1110	-0.0890	-1.1940	0.3640	1.1510
261	0.1770	-0.0740	-0.2760	-0.9700	0.4660	1.2560
262	0.1080	0.0400	-0.1400	-0.8670	1.0310	1.3060
263	-0.0460	-0.1270	0.0580	-1.0040	1.6850	1.4040
264	0.0690	-0.2000	0.0640	-0.9760	2.4910	1.3780
265	0.5980	0.0540	-0.1950	-0.9090	3.9510	1.8530
266	0.4060	-0.0440	0.0860	-0.9980	6.3090	2.5510
267	-0.0500	0.0040	-0.1730	-0.7800	8.3340	3.2730
268	0.5010	0.0890	-0.0610	-0.8060	9.4970	4.0160
269	0.9130	0.0860	-0.3010	-1.1100	11.3050	4.8460
270	-0.1650	-0.0290	0.5210	-1.4980	13.5550	5.6000
271	-0.0700	0.0200	0.5130	-1.6420	13.7870	6.6330
272	0.3190	0.1300	0.0820	-2.1120	13.7300	8.0020
273	-0.1230	-0.2680	0.3540	-2.7330	13.8640	0.4330
274	-0.3080	-0.3370	0.3790	-2.8170	13.5700	9.8060
275	-0.7050	-0.3150	0.3360	-2.6810	13.0220	9.9970
276	-0.6830	-0.1330	0.1810	-2.4360	11.5910	10.3400
277	-0.9060	-0.4020	0.1400	-2.2480	9.2400	10.4730
278	-0.8370	-0.2380	0.1500	-2.1430	8.3090	10.5140
279	-0.9300	-0.3350	-0.5880	-1.8550	3.4980	10.4010
280	-1.0290	-0.4270	-0.6740	-1.8260	-0.3960	9.9000
281	-0.2330	-0.2770	0.2300	-1.4810	-4.0830	8.9040
282	-0.6750	-0.0730	0.3210	-0.9020	-6.9160	7.5900
283	-0.4170	0.0430	0.5100	-0.8000	-8.7210	6.2790
284	-0.2860	0.2210	0.5580	-1.0250	-10.0200	5.3880
285	0.2830	0.0190	0.4980	-1.1120	-10.7230	4.8550
286	0.2330	-0.1040	0.2960	-0.8990	-11.4550	4.2930
287	0.2160	-0.1050	0.0280	-0.7520	-12.1580	3.7150
288	0.0250	-0.1400	-0.3230	-0.8560	-12.6530	3.4760
289	-0.0100	-0.0610	-0.3670	-1.0500	-13.0950	3.5150
290	0.2350	-0.2690	-0.4190	-1.0110	-13.1350	3.5850
291	0.1850	-0.1170	-0.3640	-0.7120	-12.8040	3.6830
292	0.1240	-0.1740	-0.4580	-0.6310	-12.4080	3.5750
293	1.2900	-0.0340	-0.7440	-0.0420	-11.3530	3.6030
294	0.8000	-0.3830	-0.4120	0.2610	-9.4320	3.6900
295	0.6800	-0.4260	-0.2880	0.9540	-7.9960	3.3780
296	0.7790	-0.6160	0.0190	1.7880	-6.7770	2.4380
297	-0.4410	-1.0690	0.1670	4.4360	-5.4240	1.2280
298	-0.1040	-0.2970	0.0070	7.6270	-4.5180	-0.1470
299	-0.1240	-0.6640	-0.3050	9.9670	-3.5320	-2.4240
300	-0.2720	-0.6470	-0.1930	11.3720	-2.2960	-4.8700
301	-0.6380	-0.3550	0.0270	12.0440	-1.4480	-7.5760
302	-0.2100	-0.0400	-0.0080	12.0460	-1.0040	-10.4900
303	-0.0230	-0.0010	0.1440	11.8710	-0.5500	-12.7540
304	-0.1120	0.2910	0.2670	11.3360	-0.2160	-14.7510
305	-0.1120	0.2910	0.2170	10.9110	-0.2080	-16.6160
306	0.1620	0.6740	0.0580	10.0000	-0.2460	-17.9410
307	0.1620	0.6740	-0.1510	8.5830	-0.6330	-19.0170
308	0.2330	0.8210	-0.0110	6.9350	-0.9040	-19.0910
309	-0.0240	1.0140	-0.0250	4.0310	-1.2540	-18.6790
310	0.0140	0.9510	-0.2430	0.7300	-1.6820	-17.3070
311	0.1550	0.8440	-0.1530	-3.7430	-1.9320	-15.3420
312	-0.0030	0.8200	-0.0570	-6.6700	-11.2730	-13.2500
313	-0.0640	0.7830	0.0710	-9.9780	-1.7040	-9.1850
314	-0.2190	0.2870	-0.0200	-12.5810	-1.6460	-5.4970
315	-0.1330	0.0150	0.0490	-14.5920	-1.2680	-1.4980
316	-0.1680	-0.3680	0.0740	-15.7360	-0.7340	2.6070
317	-0.0940	-0.4760	0.1750	-16.1200	-0.3260	6.4870
318	0.1070	-0.7630	0.0350	-15.7470	-0.1250	9.5920
319	0.1670	-1.0400	0.0600	-14.9260	-0.0260	12.2550
320	0.4570	-0.7280	-0.1780	-13.4640	0.1380	13.6000
321	0.3190	-0.8210	-0.0750	-11.9490	0.7060	14.2910
322	0.2420	-1.1860	0.1550	-8.9640	1.7220	14.6480
323	-0.4520	-1.4700	-0.0650	-5.5650	2.2700	13.8770
324	-0.3230	-0.9700	-0.7840	-2.2500	2.1370	11.9770
325	-0.2120	-0.9010	-1.6290	0.1110	1.8780	9.6510
326	-0.2430	-0.2090	-1.5010	1.6690	1.7890	7.7000
327	-0.1370	-0.3560	-0.5630	2.6300	2.3280	5.3040
328	-0.3720	0.1490	-0.1850	3.7120	2.8270	3.5850
329	-0.0790	0.5270	0.2400	4.2200	2.7470	1.7560
330	-0.1530	0.1540	0.3990	4.2500	2.8410	1.1280
331	-0.0100	0.2250	0.2730	3.3970	3.0230	0.1290
332	0.0590	0.2230	-0.0060	2.4750	2.9750	-0.5560
333	-0.3420	0.2230	0.2650	1.9600	3.6430	-1.3500
334	-0.2640	0.0560	0.3820	1.8030	4.2100	-1.6000
335	-0.2310	0.3730	0.9160	1.1800	5.3270	-1.4200
336	-0.7120	-0.2540	0.7510	0.4020	5.9160	-1.2550
337	0.1970	-0.0430	0.2850	0.0930	4.9550	-0.3490
338	0.0850	-0.8090	-0.9030	-1.4930	5.1930	-0.3490
339	-4.1240	0.3310	0.2370	-0.6330	3.5910	0.5990
340	-0.0630	-1.1140	1.6760	-0.4840	3.2170	0.2240
341	-0.5360	-0.6050	-1.2360	-394.0000	3.0520	-0.1290
342	-0.1790	1.3090	0.4570	-0.1010	2.9080	0.0300
343	0.5030	-0.6270	0.1560	-0.2180	2.7360	0.4090
344	-0.1550	-0.8590	-0.9270	0.0100	1.9210	0.8940
345	-0.0120	-0.1620	-0.1500	0.0680	1.2010	0.6500
346	-0.2210	-0.4270	-0.1120	0.1390	0.4970	0.7360
347	0.1760	-0.2070	-0.5690	0.1800	-0.1430	0.6780
348	-0.2180	-0.1310	-0.1550	0.0700	-0.1320	0.5810
349	-0.1620	-0.1840	0.1480	0.0430	-0.1390	0.3410
350	0.0670	-0.1390	0.0240	0.0380	-0.1630	0.2520
351	-0.1440	-0.0730	0.0050	0.0550	-0.1770	0.1760
352	-0.5420	0.3560	-0.1020	0.0080	-0.1440	0.2420
353	-0.7950	-0.3520	-0.3010	-0.0120	-0.1540	0.1320
354	0.2520	-0.6400	0.2070	-0.0740	-0.1590	-0.1780
355	0.0660	-0.3180	0.0090	0.0990	0.0000	-0.2900
356	-0.1310	-0.2430	-0.0270	-0.0880	-0.1480	-0.1930
357	-0.1420	-0.0740	-0.0860	-0.0080	-0.1520	-0.1770
358	0.0560	-0.0980	-0.0340	-0.2580	-1.3200	-0.2670
359	-0.0540	-0.0700	0.0180	-0.0780	-0.1540	-0.3830
360	0.0150	-0.0180	0.0300	-0.0840	-0.1550	-0.4400
361	0.0150	-0.0180	-0.0120	-0.0860	-0.1530	-0.4400
362	-0.0380	-0.0530	0.0220	-0.0830	-0.1470	-0.2570
363	0.0040	-0.0180	-0.0100	-0.0740	-0.1570	-0.1850
364	-0.0320	-0.0210	-0.0060	-0.0800	-0.1680	-0.1490
365	-0.0530	-0.0230	-0.0380	-0.0870	-0.1730	-0.2730
366	-0.0340	-0.0260	0.0220	-0.0850	-0.1670	-0.3310
367	-0.0200	-0.0440	0.0020	-0.0880	-0.1640	-0.2670
368	-0.0070	-0.0250	-0.0060	-0.0820	-0.1600	-0.2900
369	-0.0030	-0.0200	0.0240	-0.1000	-0.1590	-0.4100
370	0.0060	-0.0180	0.0050	-0.1090	-0.1480	-0.5070
371	0.0150	-0.0400	-0.0180	-0.1040	-0.1450	-0.5220
372	-0.0060	-0.0290	0.0330	-0.1100	-0.1400	-0.4940
373	0.0200	-0.0340	0.0470	-0.1000	-0.1440	-0.5010
374	0.0060	-0.0250	0.0330	-0.1050	-0.1460	-0.5100
375	-0.0240	-0.0230	0.0170	-0.0950	-0.1590	-0.5210
376	-0.0080	-0.0230	-0.0070	-0.1090	-0.1630	-0.6080
377	0.0000	-0.0170	0.0090	-0.1030	-0.1770	-0.5850
378	-0.0050	-0.0240	-0.0220	-0.1120	-0.1880	-0.5670
379	-0.0050	-0.0240	0.0470	-0.1220	-0.1910	-0.5510
380	-0.0270	-0.0280	-0.0380	-0.1200	-0.1830	-0.5100
381	-0.0070	-0.0240	-0.0130	-0.1240	-0.1850	-0.6480
382	0.0060	-0.0210	-0.0170	-0.1230	-0.1730	-0.7920
383	0.0190	-0.0270	-0.0020	-0.1330	-0.1760	-0.8790
384	0.0050	-0.0300	-0.0190	-0.1380	-0.1660	-0.8680
385	0.0150	-0.0140	0.0150	-0.1490	-0.1600	-0.9040
386	-0.0290	-0.0220	0.0050	-0.1510	-0.1640	-0.8680
387	0.0250	-0.0070	-0.0350	-0.1620	-0.1640	-0.8270
388	-0.0010	-0.0100	-0.0250	-0.1530	-0.1560	-0.8200
389	0.0100	-0.0210	-0.0110	-0.1520	-0.1640	-0.7930
390	-0.0030	-0.0300	-0.0090	-0.1570	-0.1610	-0.7460
391	0.0030	-0.0130	-0.0170	-0.1630	-0.1470	-0.7110
392	0.0070	-0.0070	0.0050	-0.1550	-0.1580	-0.6390
393	0.0050	-0.0300	-0.0180	-0.1650	-0.1690	-0.6660
394	-0.0110	-0.0190	-0.0580	-0.1570	-0.1690	-0.7270
395	-0.0100	-0.0160	-0.0160	-0.1490	-0.1750	-0.8670
396	0.0020	-0.0160	-0.0180	-0.1420	-0.1800	-0.9560
397	0.0070	-0.0270	0.0350	-0.1410	-0.1780	-0.9600
398	0.0100	-0.0430	0.0200	-0.1470	-0.1780	-0.9910
399	-0.0200	-0.0120	-0.0320	-0.1490	-0.1730	-0.9190
400	-0.0050	-0.0200	-0.0110	-0.1620	-0.1740	-0.8830
401	-0.0060	-0.0200	0.0200	-0.1590	-0.1770	-0.7600
402	-0.0060	-0.0080	-0.0190	-0.1560	-0.1770	-0.6380
403	0.0050	-0.0120	-0.0200	-0.1950	-0.1850	-0.5470
404	-0.0270	-0.0050	-0.0230	-0.1970	-0.1780	-0.4400
405	-0.0060	-0.0170	-0.0230	-0.1970	-0.1750	-0.3790
406	-0.0150	-0.0140	0.0390	-0.1990	-0.1770	-0.3380
407	-0.1570	-0.0100	0.0140	-0.2220	-0.1860	-0.3600
408	-0.0100	-0.0080	-0.0420	-0.2220	-0.1000	-0.2950
409	-0.0070	-0.0020	-0.1210	-0.2120	-0.1870	-0.3040
410	-0.0230	-0.0090	0.0030	-0.1196	-0.1880	-0.2260
