count	X_sig	Px_est	Py_est	psi_est	biasax	biasay	biaswz	Uax	Uay	wz	LSx	LSy	psi_comp	roll	pitch	Pz	speed_right	speed_left	ax	ay
count	X_sig	Px_est	Py_est	psi_est	biasax	biasay	biaswz	Uax	Uay	wz	LSx	LSy	psi_comp	roll	pitch	Pz	speed_right	speed_left	ax	ay
count	X_sig	Px_est	Py_est	psi_est	biasax	biasay	biaswz	Uax	Uay	wz	LSx	LSy	psi_comp	roll	pitch	Pz	speed_right	speed_left	ax	ay
0.0000	1.0000	1.3556	1.4994	-0.3720	0.0000	0.0000	0.0000	0.0000	0.0000	0.0000	0.0000	0.0000	0.0000	-0.3140	-0.3730	0.0000	0.1625	0.0375	0.0600	-0.0610
1.0000	1.0000	1.3568	1.4974	-0.3410	0.0000	0.0000	0.0000	0.0000	0.0000	0.0000	0.0000	0.0000	0.0000	-0.1800	-0.7630	0.0000	0.1626	0.0374	0.0620	-0.1390
2.0000	1.0000	1.3599	1.4958	0.9870	0.0000	0.0000	0.0000	0.0000	0.0000	0.0000	0.0000	0.0000	0.0000	-0.2560	-1.5770	0.0000	0.1613	0.0387	0.1890	0.0420
3.0000	1.0000	1.3645	1.4952	2.3010	0.0000	0.0000	0.0000	0.0000	0.0000	0.0000	0.0000	0.0000	0.0000	-0.3360	-1.4990	0.0000	0.1601	0.0399	0.1540	0.0890
4.0000	1.0000	1.3688	1.4954	3.5220	0.0000	0.0000	0.0000	0.0000	0.0000	0.0000	0.0000	0.0000	0.0000	-0.4170	-1.5080	0.0000	0.1589	0.0411	-0.0220	0.0780
5.0000	1.0000	1.3742	1.4933	4.7310	0.0000	0.0000	0.0000	0.0000	0.0000	0.0000	0.0000	0.0000	0.0000	-0.3580	-1.3820	0.0000	0.1579	0.0421	0.0880	-0.2290
6.0000	1.0000	1.3805	1.4903	6.0800	0.0000	0.0000	0.0000	0.0000	0.0000	0.0000	0.0000	0.0000	0.0000	-0.4240	-1.2090	0.0000	0.1567	0.0433	0.0760	-0.1120
7.0000	1.0000	1.3863	1.4867	7.3440	0.0000	0.0000	0.0000	0.0000	0.0000	0.0000	0.0000	0.0000	0.0000	-0.4980	-1.0370	0.0000	0.1557	0.0443	-0.0510	-0.0430
8.0000	1.0000	1.3917	1.4805	8.5790	0.0000	0.0000	0.0000	0.0000	0.0000	0.0000	0.0000	0.0000	0.0000	-0.4930	-0.9420	0.0000	0.1547	0.0453	-0.0750	-0.2550
9.0000	1.0000	1.3970	1.4735	9.8070	0.0000	0.0000	0.0000	0.0000	0.0000	0.0000	0.0000	0.0000	0.0000	-0.4030	-1.0610	0.0000	0.1538	0.0462	-0.0280	-0.0770
10.0000	1.0000	1.4005	1.4661	10.9280	0.0000	0.0000	0.0000	0.0000	0.0000	0.0000	0.0000	0.0000	0.0000	-0.4580	-1.1160	0.0000	0.1529	0.0471	-0.1860	-0.0010
11.0000	1.0000	1.4037	1.4570	11.9730	0.0000	0.0000	0.0000	0.0000	0.0000	0.0000	0.0000	0.0000	0.0000	-0.4750	-1.0380	0.0000	0.1522	0.0478	-0.0610	-0.1570
12.0000	1.0000	1.4073	1.4481	13.1430	0.0000	0.0000	0.0000	0.0000	0.0000	0.0000	0.0000	0.0000	0.0000	-0.4850	-0.9330	0.0000	0.1513	0.0487	0.0390	-0.0010
13.0000	1.0000	1.4122	1.4378	14.2700	0.0000	0.0000	0.0000	0.0000	0.0000	0.0000	0.0000	0.0000	0.0000	-0.4130	-0.8750	0.0000	0.1505	0.0495	0.0940	-0.1600
14.0000	1.0000	1.4186	1.4273	15.4210	0.0000	0.0000	0.0000	0.0000	0.0000	0.0000	0.0000	0.0000	0.0000	-0.4680	-0.9040	0.0000	0.1498	0.0502	0.1360	-0.0610
15.0000	1.0000	1.4256	1.4165	16.5020	0.0000	0.0000	0.0000	0.0000	0.0000	0.0000	0.0000	0.0000	0.0000	-0.4150	-0.9000	0.0000	0.1492	0.0508	0.0530	-0.0460
16.0000	1.0000	1.4340	1.4058	17.6730	0.0000	0.0000	0.0000	0.0000	0.0000	0.0000	0.0000	0.0000	0.0000	-0.4090	-0.7770	0.0000	0.1486	0.0514	0.1350	-0.0300
17.0000	1.0000	1.4428	1.3963	18.7870	0.0000	0.0000	0.0000	0.0000	0.0000	0.0000	0.0000	0.0000	0.0000	-0.4830	-0.7780	0.0000	0.1480	0.0520	0.0730	0.0930
18.0000	1.0000	1.4513	1.3867	19.9100	0.0000	0.0000	0.0000	0.0000	0.0000	0.0000	0.0000	0.0000	0.0000	-0.4610	-0.8360	0.0000	0.1474	0.0526	-0.0270	0.0100
19.0000	1.0000	1.4605	1.3772	20.9840	0.0000	0.0000	0.0000	0.0000	0.0000	0.0000	0.0000	0.0000	0.0000	-0.4810	-0.8780	0.0000	0.1468	0.0532	0.0640	-0.0210
20.0000	1.0000	1.4719	1.3680	21.9190	0.0000	0.0000	0.0000	0.0000	0.0000	0.0000	0.0000	0.0000	0.0000	-0.4020	-0.7900	0.0000	0.1465	0.0535	0.2190	-0.0500
21.0000	1.0000	1.4823	1.3571	22.9210	0.0000	0.0000	0.0000	0.0000	0.0000	0.0000	0.0000	0.0000	0.0000	-0.3440	-0.6510	0.0000	0.1462	0.0538	-0.1560	-0.1260
22.0000	1.0000	1.4940	1.3472	23.9550	0.0000	0.0000	0.0000	0.0000	0.0000	0.0000	0.0000	0.0000	0.0000	-0.2680	-0.6110	0.0000	0.1458	0.0542	0.1590	0.0440
23.0000	1.0000	1.5068	1.3363	24.8110	0.0000	0.0000	0.0000	0.0000	0.0000	0.0000	0.0000	0.0000	0.0000	-0.1810	-0.5850	0.0000	0.1457	0.0543	0.0590	-0.1390
24.0000	1.0000	1.5193	1.3256	25.7260	0.0000	0.0000	0.0000	0.0000	0.0000	0.0000	0.0000	0.0000	0.0000	-0.2550	-0.5980	0.0000	0.1455	0.0545	-0.0310	0.0320
25.0000	1.0000	1.5291	1.3142	26.6240	0.0000	0.0000	0.0000	0.0000	0.0000	0.0000	0.0000	0.0000	0.0000	-0.3610	-0.6740	0.0000	0.1452	0.0548	-0.2580	0.0630
26.0000	1.0000	1.5399	1.3023	27.5220	0.0000	0.0000	0.0000	0.0000	0.0000	0.0000	0.0000	0.0000	0.0000	-0.2920	-0.6580	0.0000	0.1450	0.0550	0.0640	-0.1010
27.0000	1.0000	1.5503	1.2911	28.4030	0.0000	0.0000	0.0000	0.0000	0.0000	0.0000	0.0000	0.0000	0.0000	-0.2860	-0.5840	0.0000	0.1447	0.0553	-0.0050	0.0930
28.0000	1.0000	1.5621	1.2803	29.3580	0.0000	0.0000	0.0000	0.0000	0.0000	0.0000	0.0000	0.0000	0.0000	-0.2570	-0.5750	0.0000	0.1444	0.0556	0.1340	-0.0410
29.0000	1.0000	1.5752	1.2696	30.1920	0.0000	0.0000	0.0000	0.0000	0.0000	0.0000	0.0000	0.0000	0.0000	-0.2510	-0.5290	0.0000	0.1443	0.0557	0.1300	-0.0610
30.0000	1.0000	1.5886	1.2569	31.0670	0.0000	0.0000	0.0000	0.0000	0.0000	0.0000	0.0000	0.0000	0.0000	-0.2300	-0.4850	0.0000	0.1442	0.0558	-0.0820	-0.1830
31.0000	1.0000	1.6019	1.2444	31.7890	0.0000	0.0000	0.0000	0.0000	0.0000	0.0000	0.0000	0.0000	0.0000	-0.3290	-0.3430	0.0000	0.1443	0.0557	-0.0020	0.0270
32.0000	1.0000	1.6159	1.2322	32.6360	0.0000	0.0000	0.0000	0.0000	0.0000	0.0000	0.0000	0.0000	0.0000	-0.2950	-0.2470	0.0000	0.1443	0.0557	0.0750	-0.0150
33.0000	1.0000	1.6298	1.2204	33.6110	0.0000	0.0000	0.0000	0.0000	0.0000	0.0000	0.0000	0.0000	0.0000	-0.2650	-0.2630	0.0000	0.1440	0.0560	0.0230	0.0330
34.0000	1.0000	1.6446	1.2088	34.4730	0.0000	0.0000	0.0000	0.0000	0.0000	0.0000	0.0000	0.0000	0.0000	-0.2800	-0.2110	0.0000	0.1440	0.0560	0.0800	-0.0270
35.0000	1.0000	1.6582	1.1963	35.2660	0.0000	0.0000	0.0000	0.0000	0.0000	0.0000	0.0000	0.0000	0.0000	-0.3290	-0.2640	0.0000	0.1439	0.0561	-0.1550	-0.0030
36.0000	1.0000	1.6717	1.1840	36.2130	0.0000	0.0000	0.0000	0.0000	0.0000	0.0000	0.0000	0.0000	0.0000	-0.2430	-0.2350	0.0000	0.1437	0.0563	0.0090	0.0200
37.0000	1.0000	1.6836	1.1705	37.1050	0.0000	0.0000	0.0000	0.0000	0.0000	0.0000	0.0000	0.0000	0.0000	-0.2600	-0.2380	0.0000	0.1435	0.0565	-0.1940	0.0020
38.0000	1.0000	1.6948	1.1571	37.9890	0.0000	0.0000	0.0000	0.0000	0.0000	0.0000	0.0000	0.0000	0.0000	-0.2910	-0.1810	0.0000	0.1432	0.0568	-0.0580	0.0450
39.0000	1.0000	1.7056	1.1432	38.8470	0.0000	0.0000	0.0000	0.0000	0.0000	0.0000	0.0000	0.0000	0.0000	-0.3520	-0.1930	0.0000	0.1429	0.0571	-0.0620	-0.0150
40.0000	1.0000	1.7167	1.1288	39.7670	0.0000	0.0000	0.0000	0.0000	0.0000	0.0000	0.0000	0.0000	0.0000	-0.3460	-0.2450	0.0000	0.1426	0.0574	-0.0050	-0.0530
41.0000	1.0000	1.7286	1.1152	40.7100	0.0000	0.0000	0.0000	0.0000	0.0000	0.0000	0.0000	0.0000	0.0000	-0.3740	-0.1860	0.0000	0.1422	0.0578	0.1060	0.0110
42.0000	1.0000	1.7408	1.1016	41.7690	0.0000	0.0000	0.0000	0.0000	0.0000	0.0000	0.0000	0.0000	0.0000	-0.3980	-0.1350	0.0000	0.1418	0.0582	0.0360	-0.0210
43.0000	1.0000	1.7539	1.0882	42.6090	0.0000	0.0000	0.0000	0.0000	0.0000	0.0000	0.0000	0.0000	0.0000	-0.3870	-0.1710	0.0000	0.1416	0.0584	0.0690	-0.0460
44.0000	1.0000	1.7665	1.0745	43.5260	0.0000	0.0000	0.0000	0.0000	0.0000	0.0000	0.0000	0.0000	0.0000	-0.2430	-0.2660	0.0000	0.1413	0.0587	-0.0570	0.0040
45.0000	1.0000	1.7796	1.0606	44.2600	0.0000	0.0000	0.0000	0.0000	0.0000	0.0000	0.0000	0.0000	0.0000	-0.1530	-0.1650	0.0000	0.1412	0.0588	0.0270	-0.0390
46.0000	1.0000	1.7924	1.0465	44.9950	0.0000	0.0000	0.0000	0.0000	0.0000	0.0000	0.0000	0.0000	0.0000	-0.1400	-0.2300	0.0000	0.1411	0.0589	-0.0410	0.0020
47.0000	1.0000	1.8064	1.0340	45.8850	0.0000	0.0000	0.0000	0.0000	0.0000	0.0000	0.0000	0.0000	0.0000	-0.2020	-0.2060	0.0000	0.1408	0.0592	0.2000	0.0340
48.0000	1.0000	1.8211	1.0186	46.6800	0.0000	0.0000	0.0000	0.0000	0.0000	0.0000	0.0000	0.0000	0.0000	-0.3030	-0.1410	0.0000	0.1407	0.0593	-0.1610	-0.2530
49.0000	1.0000	1.8368	1.0039	47.5210	0.0000	0.0000	0.0000	0.0000	0.0000	0.0000	0.0000	0.0000	0.0000	-0.2620	-0.1290	0.0000	0.1406	0.0594	0.1190	-0.0430
50.0000	1.0000	1.8528	0.9895	48.4480	0.0000	0.0000	0.0000	0.0000	0.0000	0.0000	0.0000	0.0000	0.0000	-0.2800	-0.1280	0.0000	0.1404	0.0596	0.0420	0.0120
51.0000	1.0000	1.8687	0.9763	49.1330	0.0000	0.0000	0.0000	0.0000	0.0000	0.0000	0.0000	0.0000	0.0000	-0.3380	-0.1340	0.0000	0.1404	0.0596	0.0830	0.0900
52.0000	1.0000	1.8839	0.9625	49.9080	0.0000	0.0000	0.0000	0.0000	0.0000	0.0000	0.0000	0.0000	0.0000	-0.3870	-0.2350	0.0000	0.1403	0.0597	-0.0940	0.0060
53.0000	1.0000	1.8985	0.9499	50.5810	0.0000	0.0000	0.0000	0.0000	0.0000	0.0000	0.0000	0.0000	0.0000	-0.3340	-0.1830	0.0000	0.1402	0.0598	0.0600	0.1220
54.0000	1.0000	1.9133	0.9365	51.4010	0.0000	0.0000	0.0000	0.0000	0.0000	0.0000	0.0000	0.0000	0.0000	-0.3450	-0.2920	0.0000	0.1400	0.0600	-0.0490	-0.0530
55.0000	1.0000	1.9291	0.9219	52.2900	0.0000	0.0000	0.0000	0.0000	0.0000	0.0000	0.0000	0.0000	0.0000	-0.2880	-0.2640	0.0000	0.1398	0.0602	-0.0360	-0.1680
56.0000	1.0000	1.9454	0.9085	53.1300	0.0000	0.0000	0.0000	0.0000	0.0000	0.0000	0.0000	0.0000	0.0000	-0.2990	-0.3020	0.0000	0.1396	0.0604	0.1220	0.0370
57.0000	1.0000	1.9613	0.8944	53.9620	0.0000	0.0000	0.0000	0.0000	0.0000	0.0000	0.0000	0.0000	0.0000	-0.2770	-0.4460	0.0000	0.1393	0.0607	-0.0790	-0.0020
58.0000	1.0000	1.9774	0.8815	54.7130	0.0000	0.0000	0.0000	0.0000	0.0000	0.0000	0.0000	0.0000	0.0000	-0.2500	-0.4310	0.0000	0.1392	0.0608	0.1170	0.0420
59.0000	1.0000	1.9946	0.8696	55.4290	0.0000	0.0000	0.0000	0.0000	0.0000	0.0000	0.0000	0.0000	0.0000	-0.2380	-0.4630	0.0000	0.1392	0.0608	0.1440	-0.0240
60.0000	1.0000	2.0122	0.8575	56.3200	0.0000	0.0000	0.0000	0.0000	0.0000	0.0000	0.0000	0.0000	0.0000	-0.2300	-0.5170	0.0000	0.1389	0.0611	0.0000	-0.0510
61.0000	1.0000	2.0308	0.8446	57.1820	0.0000	0.0000	0.0000	0.0000	0.0000	0.0000	0.0000	0.0000	0.0000	-0.1390	-0.5130	0.0000	0.1387	0.0613	-0.0140	-0.1170
62.0000	1.0000	2.0505	0.8311	58.0300	0.0000	0.0000	0.0000	0.0000	0.0000	0.0000	0.0000	0.0000	0.0000	-0.1670	-0.5120	0.0000	0.1386	0.0614	0.0090	-0.1390
63.0000	1.0000	2.0711	0.8170	58.8880	0.0000	0.0000	0.0000	0.0000	0.0000	0.0000	0.0000	0.0000	0.0000	-0.1720	-0.5120	0.0000	0.1385	0.0615	-0.0080	-0.0980
64.0000	1.0000	2.0918	0.8033	59.8170	0.0000	0.0000	0.0000	0.0000	0.0000	0.0000	0.0000	0.0000	0.0000	-0.1580	-0.4180	0.0000	0.1383	0.0617	0.0480	0.0050
65.0000	1.0000	2.1127	0.7895	60.7170	0.0000	0.0000	0.0000	0.0000	0.0000	0.0000	0.0000	0.0000	0.0000	-0.2140	-0.3710	0.0000	0.1381	0.0619	-0.0020	-0.0190
66.0000	1.0000	2.1334	0.7745	61.5850	0.0000	0.0000	0.0000	0.0000	0.0000	0.0000	0.0000	0.0000	0.0000	-0.2170	-0.3760	0.0000	0.1379	0.0621	-0.1250	-0.0400
67.0000	1.0000	2.1542	0.7592	62.5480	0.0000	0.0000	0.0000	0.0000	0.0000	0.0000	0.0000	0.0000	0.0000	-0.3060	-0.3410	0.0000	0.1376	0.0624	-0.0120	-0.0220
68.0000	1.0000	2.1747	0.7434	63.4880	0.0000	0.0000	0.0000	0.0000	0.0000	0.0000	0.0000	0.0000	0.0000	-0.2840	-0.2670	0.0000	0.1373	0.0627	-0.0580	0.0030
69.0000	1.0000	2.1942	0.7278	64.3610	0.0000	0.0000	0.0000	0.0000	0.0000	0.0000	0.0000	0.0000	0.0000	-0.3260	-0.2730	0.0000	0.1370	0.0630	-0.0240	0.0940
70.0000	1.0000	2.2137	0.7130	65.2500	0.0000	0.0000	0.0000	0.0000	0.0000	0.0000	0.0000	0.0000	0.0000	-0.3080	-0.1870	0.0000	0.1367	0.0633	0.0670	0.0450
71.0000	1.0000	2.2329	0.6987	66.0770	0.0000	0.0000	0.0000	0.0000	0.0000	0.0000	0.0000	0.0000	0.0000	-0.2790	-0.1180	0.0000	0.1364	0.0636	0.0410	0.0350
72.0000	1.0000	2.2522	0.6845	66.9480	0.0000	0.0000	0.0000	0.0000	0.0000	0.0000	0.0000	0.0000	0.0000	-0.2810	-0.1600	0.0000	0.1361	0.0639	0.0030	-0.0010
73.0000	1.0000	2.2709	0.6718	67.7810	0.0000	0.0000	0.0000	0.0000	0.0000	0.0000	0.0000	0.0000	0.0000	-0.2420	-0.0710	0.0000	0.1358	0.0642	0.1260	0.1220
74.0000	1.0000	2.2884	0.6588	68.4510	0.0000	0.0000	0.0000	0.0000	0.0000	0.0000	0.0000	0.0000	0.0000	-0.3570	-0.0410	0.0000	0.1356	0.0644	-0.0770	0.0860
75.0000	1.0000	2.3056	0.6446	69.3400	0.0000	0.0000	0.0000	0.0000	0.0000	0.0000	0.0000	0.0000	0.0000	-0.3160	-0.0030	0.0000	0.1351	0.0649	-0.1280	-0.0070
76.0000	1.0000	2.3237	0.6312	70.1530	0.0000	0.0000	0.0000	0.0000	0.0000	0.0000	0.0000	0.0000	0.0000	-0.2860	0.0970	0.0000	0.1348	0.0652	0.1150	-0.0490
77.0000	1.0000	2.3420	0.6162	70.9950	0.0000	0.0000	0.0000	0.0000	0.0000	0.0000	0.0000	0.0000	0.0000	-0.2450	0.0650	0.0000	0.1344	0.0656	-0.1500	-0.0820
78.0000	1.0000	2.3599	0.6009	71.9390	0.0000	0.0000	0.0000	0.0000	0.0000	0.0000	0.0000	0.0000	0.0000	-0.1490	0.1150	0.0000	0.1338	0.0662	-0.0380	0.0320
79.0000	1.0000	2.3770	0.5857	72.6350	0.0000	0.0000	0.0000	0.0000	0.0000	0.0000	0.0000	0.0000	0.0000	-0.1970	0.0870	0.0000	0.1335	0.0665	-0.0170	0.0730
80.0000	1.0000	2.3944	0.5711	73.3740	0.0000	0.0000	0.0000	0.0000	0.0000	0.0000	0.0000	0.0000	0.0000	-0.1870	0.0760	0.0000	0.1332	0.0668	0.0650	-0.0030
81.0000	1.0000	2.4118	0.5568	74.1050	0.0000	0.0000	0.0000	0.0000	0.0000	0.0000	0.0000	0.0000	0.0000	-0.1850	0.0750	0.0000	0.1328	0.0672	0.0340	0.0010
82.0000	1.0000	2.4294	0.5419	74.8420	0.0000	0.0000	0.0000	0.0000	0.0000	0.0000	0.0000	0.0000	0.0000	-0.1710	0.0180	0.0000	0.1325	0.0675	-0.0570	-0.0350
83.0000	1.0000	2.4472	0.5276	75.5140	0.0000	0.0000	0.0000	0.0000	0.0000	0.0000	0.0000	0.0000	0.0000	-0.1970	0.0180	0.0000	0.1322	0.0678	0.0680	0.0010
84.0000	1.0000	2.4660	0.5119	76.1990	0.0000	0.0000	0.0000	0.0000	0.0000	0.0000	0.0000	0.0000	0.0000	-0.1190	-0.0450	0.0000	0.1319	0.0681	-0.1150	-0.1250
85.0000	1.0000	2.4846	0.4959	76.8710	0.0000	0.0000	0.0000	0.0000	0.0000	0.0000	0.0000	0.0000	0.0000	-0.1030	-0.0560	0.0000	0.1317	0.0683	-0.0340	0.0030
86.0000	1.0000	2.5039	0.4786	77.6050	0.0000	0.0000	0.0000	0.0000	0.0000	0.0000	0.0000	0.0000	0.0000	-0.0480	-0.0550	0.0000	0.1313	0.0687	-0.1130	-0.0890
87.0000	1.0000	2.5237	0.4613	78.3890	0.0000	0.0000	0.0000	0.0000	0.0000	0.0000	0.0000	0.0000	0.0000	-0.0410	-0.0670	0.0000	0.1309	0.0691	0.0060	-0.0610
88.0000	1.0000	2.5433	0.4430	78.8320	0.0000	0.0000	0.0000	0.0000	0.0000	0.0000	0.0000	0.0000	0.0000	0.0410	-0.0120	0.0000	0.1309	0.0691	-0.0950	0.0110
89.0000	1.0000	2.5623	0.4254	79.3620	0.0000	0.0000	0.0000	0.0000	0.0000	0.0000	0.0000	0.0000	0.0000	0.0980	-0.0490	0.0000	0.1307	0.0693	0.0550	0.0630
90.0000	1.0000	2.5808	0.4084	79.7860	0.0000	0.0000	0.0000	0.0000	0.0000	0.0000	0.0000	0.0000	0.0000	0.0710	-0.0240	0.0000	0.1307	0.0693	0.0520	0.0730
91.0000	1.0000	2.5982	0.3917	80.3290	0.0000	0.0000	0.0000	0.0000	0.0000	0.0000	0.0000	0.0000	0.0000	0.1140	-0.0920	0.0000	0.1305	0.0695	0.0080	0.1060
92.0000	1.0000	2.6153	0.3754	80.7370	0.0000	0.0000	0.0000	0.0000	0.0000	0.0000	0.0000	0.0000	0.0000	0.1550	-0.0540	0.0000	0.1304	0.0696	0.0400	0.0320
93.0000	1.0000	2.6323	0.3598	81.2710	0.0000	0.0000	0.0000	0.0000	0.0000	0.0000	0.0000	0.0000	0.0000	0.1740	-0.0500	0.0000	0.1302	0.0698	0.0680	0.0270
94.0000	1.0000	2.6487	0.3446	81.7070	0.0000	0.0000	0.0000	0.0000	0.0000	0.0000	0.0000	0.0000	0.0000	0.1220	0.0070	0.0000	0.1300	0.0700	0.0260	0.0650
95.0000	1.0000	2.6642	0.3291	82.3230	0.0000	0.0000	0.0000	0.0000	0.0000	0.0000	0.0000	0.0000	0.0000	0.0640	-0.0640	0.0000	0.1296	0.0704	-0.0390	0.0790
96.0000	1.0000	2.6793	0.3136	82.8240	0.0000	0.0000	0.0000	0.0000	0.0000	0.0000	0.0000	0.0000	0.0000	0.0730	-0.0240	0.0000	0.1293	0.0707	-0.0140	0.0410
97.0000	1.0000	2.6941	0.2980	83.4040	0.0000	0.0000	0.0000	0.0000	0.0000	0.0000	0.0000	0.0000	0.0000	0.0590	-0.0550	0.0000	0.1289	0.0711	-0.0030	0.0320
98.0000	1.0000	2.7084	0.2819	83.9380	0.0000	0.0000	0.0000	0.0000	0.0000	0.0000	0.0000	0.0000	0.0000	0.0450	0.0120	0.0000	0.1286	0.0714	-0.0600	0.0400
99.0000	1.0000	2.7242	0.2655	84.5570	0.0000	0.0000	0.0000	0.0000	0.0000	0.0000	0.0000	0.0000	0.0000	-0.0090	-0.0090	0.0000	0.1281	0.0719	-0.0070	-0.1480
100.0000	1.0000	2.7399	0.2494	84.9650	0.0000	0.0000	0.0000	0.0000	0.0000	0.0000	0.0000	0.0000	0.0000	0.0620	-0.0180	0.0000	0.1279	0.0721	0.0190	0.0200
101.0000	1.0000	2.7558	0.2333	85.4070	0.0000	0.0000	0.0000	0.0000	0.0000	0.0000	0.0000	0.0000	0.0000	0.0170	-0.0140	0.0000	0.1277	0.0723	0.0070	-0.0270
102.0000	1.0000	2.7714	0.2174	85.8240	0.0000	0.0000	0.0000	0.0000	0.0000	0.0000	0.0000	0.0000	0.0000	-0.0230	0.0300	0.0000	0.1275	0.0725	0.0130	0.0270
103.0000	1.0000	2.7871	0.2018	86.3410	0.0000	0.0000	0.0000	0.0000	0.0000	0.0000	0.0000	0.0000	0.0000	-0.0050	-0.0120	0.0000	0.1272	0.0728	0.0390	-0.0090
104.0000	1.0000	2.8034	0.1855	86.7750	0.0000	0.0000	0.0000	0.0000	0.0000	0.0000	0.0000	0.0000	0.0000	0.0190	-0.0690	0.0000	0.1270	0.0730	-0.0780	-0.0530
105.0000	1.0000	2.8189	0.1703	87.3450	0.0000	0.0000	0.0000	0.0000	0.0000	0.0000	0.0000	0.0000	0.0000	-0.0350	-0.1080	0.0000	0.1266	0.0734	0.1180	0.0760
106.0000	1.0000	2.8345	0.1558	87.7590	0.0000	0.0000	0.0000	0.0000	0.0000	0.0000	0.0000	0.0000	0.0000	-0.0110	-0.1090	0.0000	0.1264	0.0736	0.0560	-0.0040
107.0000	1.0000	2.8502	0.1414	88.1670	0.0000	0.0000	0.0000	0.0000	0.0000	0.0000	0.0000	0.0000	0.0000	0.0130	-0.2860	0.0000	0.1262	0.0738	0.0200	-0.0120
108.0000	1.0000	2.8659	0.1269	88.6620	0.0000	0.0000	0.0000	0.0000	0.0000	0.0000	0.0000	0.0000	0.0000	0.0100	-0.2720	0.0000	0.1259	0.0741	-0.0140	0.0010
109.0000	1.0000	2.8810	0.1130	89.1280	0.0000	0.0000	0.0000	0.0000	0.0000	0.0000	0.0000	0.0000	0.0000	-0.0220	-0.2510	0.0000	0.1256	0.0744	0.0620	0.0630
110.0000	1.0000	2.8955	0.0994	89.4980	0.0000	0.0000	0.0000	0.0000	0.0000	0.0000	0.0000	0.0000	0.0000	-0.0100	-0.3140	0.0000	0.1254	0.0746	0.0300	0.0540
111.0000	1.0000	2.9101	0.0865	89.9530	0.0000	0.0000	0.0000	0.0000	0.0000	0.0000	0.0000	0.0000	0.0000	-0.0570	-0.3420	0.0000	0.1251	0.0749	0.0700	-0.0030
112.0000	1.0000	2.9240	0.0738	90.3560	0.0000	0.0000	0.0000	0.0000	0.0000	0.0000	0.0000	0.0000	0.0000	0.0090	-0.2520	0.0000	0.1248	0.0752	0.0190	0.0710
113.0000	1.0000	2.9374	0.0618	90.9300	0.0000	0.0000	0.0000	0.0000	0.0000	0.0000	0.0000	0.0000	0.0000	0.0660	-0.2860	0.0000	0.1244	0.0756	0.0710	0.0450
114.0000	1.0000	2.9509	0.0496	91.3220	0.0000	0.0000	0.0000	0.0000	0.0000	0.0000	0.0000	0.0000	0.0000	0.1280	-0.3110	0.0000	0.1241	0.0759	-0.0170	-0.0090
115.0000	1.0000	2.9636	0.0388	91.9000	0.0000	0.0000	0.0000	0.0000	0.0000	0.0000	0.0000	0.0000	0.0000	0.1430	-0.3370	0.0000	0.1236	0.0764	0.1440	0.0680
116.0000	1.0000	2.9756	0.0285	92.3550	0.0000	0.0000	0.0000	0.0000	0.0000	0.0000	0.0000	0.0000	0.0000	0.2060	-0.3640	0.0000	0.1233	0.0767	0.0450	0.0820
117.0000	1.0000	2.9862	0.0193	92.8040	0.0000	0.0000	0.0000	0.0000	0.0000	0.0000	0.0000	0.0000	0.0000	0.2470	-0.3930	0.0000	0.1229	0.0771	0.1200	0.1220
118.0000	1.0000	2.9965	0.0101	93.2110	0.0000	0.0000	0.0000	0.0000	0.0000	0.0000	0.0000	0.0000	0.0000	0.2750	-0.4150	0.0000	0.1225	0.0775	-0.0010	0.0380
119.0000	1.0000	3.0000	0.0016	93.6060	0.0000	0.0000	0.0000	0.0000	0.0000	0.0000	0.0000	0.0000	0.0000	0.2900	-0.4120	0.0000	0.1220	0.0780	0.0860	0.1180
120.0000	1.0000	3.0000	0.0000	93.9770	0.0000	0.0000	0.0000	0.0000	0.0000	0.0000	0.0000	0.0000	0.0000	0.3780	-0.3790	0.0000	0.1216	0.0784	0.0550	0.0650
121.0000	1.0000	3.0000	0.0000	94.2970	0.0000	0.0000	0.0000	0.0000	0.0000	0.0000	0.0000	0.0000	0.0000	0.3520	-0.3790	0.0000	0.1211	0.0789	0.0300	0.0480
122.0000	1.0000	3.0000	0.0000	94.5770	0.0000	0.0000	0.0000	0.0000	0.0000	0.0000	0.0000	0.0000	0.0000	0.3740	-0.3320	0.0000	0.1208	0.0792	0.1600	0.1640
123.0000	1.0000	3.0000	0.0000	94.9640	0.0000	0.0000	0.0000	0.0000	0.0000	0.0000	0.0000	0.0000	0.0000	0.3820	-0.3250	0.0000	0.1203	0.0797	0.1150	0.1570
124.0000	1.0000	3.0000	0.0000	95.3930	0.0000	0.0000	0.0000	0.0000	0.0000	0.0000	0.0000	0.0000	0.0000	0.4250	-0.2850	0.0000	0.1197	0.0803	-0.0380	0.0450
125.0000	1.0000	3.0000	0.0000	95.8820	0.0000	0.0000	0.0000	0.0000	0.0000	0.0000	0.0000	0.0000	0.0000	0.3580	-0.3020	0.0000	0.1191	0.0809	-0.0430	0.1720
126.0000	1.0000	3.0000	0.0000	96.3040	0.0000	0.0000	0.0000	0.0000	0.0000	0.0000	0.0000	0.0000	0.0000	0.3450	-0.2860	0.0000	0.1186	0.0814	0.0000	0.1180
127.0000	1.0000	3.0000	0.0000	96.6390	0.0000	0.0000	0.0000	0.0000	0.0000	0.0000	0.0000	0.0000	0.0000	0.3300	-0.2610	0.0000	0.1181	0.0819	0.0670	0.1110
128.0000	1.0000	2.9991	0.0000	96.8770	0.0000	0.0000	0.0000	0.0000	0.0000	0.0000	0.0000	0.0000	0.0000	0.2890	-0.1450	0.0000	0.1178	0.0822	0.0420	0.0810
129.0000	1.0000	2.9976	0.0000	97.0840	0.0000	0.0000	0.0000	0.0000	0.0000	0.0000	0.0000	0.0000	0.0000	0.2420	-0.1680	0.0000	0.1175	0.0825	0.0040	0.0700
130.0000	1.0000	2.9960	0.0000	97.2980	0.0000	0.0000	0.0000	0.0000	0.0000	0.0000	0.0000	0.0000	0.0000	0.2270	-0.2420	0.0000	0.1172	0.0828	-0.1210	0.0170
131.0000	1.0000	2.9941	0.0000	97.6350	0.0000	0.0000	0.0000	0.0000	0.0000	0.0000	0.0000	0.0000	0.0000	0.1980	-0.2040	0.0000	0.1167	0.0833	0.1200	0.0190
132.0000	1.0000	2.9926	0.0000	97.9250	0.0000	0.0000	0.0000	0.0000	0.0000	0.0000	0.0000	0.0000	0.0000	0.2020	-0.1870	0.0000	0.1163	0.0837	0.0110	-0.0490
133.0000	1.0000	2.9908	0.0000	98.2010	0.0000	0.0000	0.0000	0.0000	0.0000	0.0000	0.0000	0.0000	0.0000	0.2260	-0.1610	0.0000	0.1159	0.0841	0.0690	0.0300
134.0000	1.0000	2.9894	0.0000	98.4820	0.0000	0.0000	0.0000	0.0000	0.0000	0.0000	0.0000	0.0000	0.0000	0.2790	-0.2530	0.0000	0.1155	0.0845	0.0660	-0.0500
135.0000	1.0000	2.9880	0.0000	98.6720	0.0000	0.0000	0.0000	0.0000	0.0000	0.0000	0.0000	0.0000	0.0000	0.2620	-0.2940	0.0000	0.1152	0.0848	0.0090	-0.0120
136.0000	1.0000	2.9855	0.0000	98.8940	0.0000	0.0000	0.0000	0.0000	0.0000	0.0000	0.0000	0.0000	0.0000	0.2810	-0.3320	0.0000	0.1148	0.0852	0.1320	0.0960
137.0000	1.0000	2.9810	0.0000	99.0290	0.0000	0.0000	0.0000	0.0000	0.0000	0.0000	0.0000	0.0000	0.0000	0.2530	-0.3510	0.0000	0.1145	0.0855	0.1120	0.1920
138.0000	1.0000	2.9756	0.0000	99.2740	0.0000	0.0000	0.0000	0.0000	0.0000	0.0000	0.0000	0.0000	0.0000	0.3260	-0.3820	0.0000	0.1141	0.0859	0.1150	0.0570
139.0000	1.0000	2.9706	0.0000	99.4320	0.0000	0.0000	0.0000	0.0000	0.0000	0.0000	0.0000	0.0000	0.0000	0.3730	-0.4200	0.0000	0.1137	0.0863	-0.0390	-0.0180
140.0000	1.0000	2.9645	0.0000	99.6960	0.0000	0.0000	0.0000	0.0000	0.0000	0.0000	0.0000	0.0000	0.0000	0.4170	-0.4260	0.0000	0.1132	0.0868	0.0480	0.0880
141.0000	1.0000	2.9585	0.0000	99.9120	0.0000	0.0000	0.0000	0.0000	0.0000	0.0000	0.0000	0.0000	0.0000	0.4730	-0.4570	0.0000	0.1128	0.0872	0.0450	-0.0050
142.0000	1.0000	2.9512	0.0009	100.1030	0.0000	0.0000	0.0000	0.0000	0.0000	0.0000	0.0000	0.0000	0.0000	0.5170	-0.4510	0.0000	0.1123	0.0877	0.1580	0.0970
143.0000	1.0000	2.9430	0.0019	100.3190	0.0000	0.0000	0.0000	0.0000	0.0000	0.0000	0.0000	0.0000	0.0000	0.5740	-0.4780	0.0000	0.1118	0.0882	0.0330	0.0880
144.0000	1.0000	2.9334	0.0029	100.4920	0.0000	0.0000	0.0000	0.0000	0.0000	0.0000	0.0000	0.0000	0.0000	0.5940	-0.5360	0.0000	0.1113	0.0887	0.0300	0.1390
145.0000	1.0000	2.9227	0.0037	100.6790	0.0000	0.0000	0.0000	0.0000	0.0000	0.0000	0.0000	0.0000	0.0000	0.5890	-0.5640	0.0000	0.1108	0.0892	-0.0060	0.1120
146.0000	1.0000	2.9097	0.0054	100.8830	0.0000	0.0000	0.0000	0.0000	0.0000	0.0000	0.0000	0.0000	0.0000	0.5930	-0.5350	0.0000	0.1102	0.0898	0.1270	0.2000
147.0000	1.0000	2.8952	0.0086	101.1090	0.0000	0.0000	0.0000	0.0000	0.0000	0.0000	0.0000	0.0000	0.0000	0.5700	-0.5260	0.0000	0.1095	0.0905	0.1800	0.1270
148.0000	1.0000	2.8795	0.0118	101.2370	0.0000	0.0000	0.0000	0.0000	0.0000	0.0000	0.0000	0.0000	0.0000	0.5220	-0.4820	0.0000	0.1089	0.0911	0.0250	0.1200
149.0000	1.0000	2.8625	0.0154	101.3810	0.0000	0.0000	0.0000	0.0000	0.0000	0.0000	0.0000	0.0000	0.0000	0.5120	-0.4010	0.0000	0.1083	0.0917	0.0630	0.1130
150.0000	1.0000	2.8448	0.0191	101.4460	0.0000	0.0000	0.0000	0.0000	0.0000	0.0000	0.0000	0.0000	0.0000	0.5100	-0.4420	0.0000	0.1077	0.0923	0.0320	0.0670
151.0000	1.0000	2.8265	0.0228	101.6410	0.0000	0.0000	0.0000	0.0000	0.0000	0.0000	0.0000	0.0000	0.0000	0.4750	-0.4930	0.0000	0.1070	0.0930	0.0010	0.0640
152.0000	1.0000	2.8072	0.0263	101.8050	0.0000	0.0000	0.0000	0.0000	0.0000	0.0000	0.0000	0.0000	0.0000	0.4350	-0.4510	0.0000	0.1063	0.0937	0.0020	0.1010
153.0000	1.0000	2.7869	0.0300	101.8640	0.0000	0.0000	0.0000	0.0000	0.0000	0.0000	0.0000	0.0000	0.0000	0.4000	-0.4790	0.0000	0.1056	0.0944	0.0530	0.0920
154.0000	1.0000	2.7651	0.0353	101.8700	0.0000	0.0000	0.0000	0.0000	0.0000	0.0000	0.0000	0.0000	0.0000	0.3610	-0.5290	0.0000	0.1050	0.0950	0.1770	0.1140
155.0000	1.0000	2.7427	0.0406	101.9260	0.0000	0.0000	0.0000	0.0000	0.0000	0.0000	0.0000	0.0000	0.0000	0.3860	-0.6000	0.0000	0.1043	0.0957	0.0110	0.0500
156.0000	1.0000	2.7199	0.0465	101.9560	0.0000	0.0000	0.0000	0.0000	0.0000	0.0000	0.0000	0.0000	0.0000	0.3990	-0.6070	0.0000	0.1037	0.0963	0.0680	0.0360
157.0000	1.0000	2.6969	0.0522	102.0940	0.0000	0.0000	0.0000	0.0000	0.0000	0.0000	0.0000	0.0000	0.0000	0.4040	-0.6540	0.0000	0.1028	0.0972	-0.0120	0.0260
158.0000	1.0000	2.6738	0.0589	102.1130	0.0000	0.0000	0.0000	0.0000	0.0000	0.0000	0.0000	0.0000	0.0000	0.3650	-0.6550	0.0000	0.1022	0.0978	0.0960	-0.0120
159.0000	1.0000	2.6492	0.0666	102.1420	0.0000	0.0000	0.0000	0.0000	0.0000	0.0000	0.0000	0.0000	0.0000	0.3250	-0.6960	0.0000	0.1014	0.0986	0.1270	0.1270
160.0000	1.0000	2.6233	0.0747	102.1720	0.0000	0.0000	0.0000	0.0000	0.0000	0.0000	0.0000	0.0000	0.0000	0.3380	-0.6990	0.0000	0.1007	0.0993	0.0740	0.1120
161.0000	1.0000	2.5960	0.0841	102.1700	0.0000	0.0000	0.0000	0.0000	0.0000	0.0000	0.0000	0.0000	0.0000	0.3800	-0.7320	0.0000	0.0999	0.1001	0.1530	0.1090
162.0000	1.0000	2.5679	0.0945	102.1140	0.0000	0.0000	0.0000	0.0000	0.0000	0.0000	0.0000	0.0000	0.0000	0.4420	-0.6960	0.0000	0.0992	0.1008	0.1170	0.0630
163.0000	1.0000	2.5383	0.1058	102.0020	0.0000	0.0000	0.0000	0.0000	0.0000	0.0000	0.0000	0.0000	0.0000	0.4700	-0.7360	0.0000	0.0984	0.1016	0.1150	0.1230
164.0000	1.0000	2.5073	0.1178	101.9160	0.0000	0.0000	0.0000	0.0000	0.0000	0.0000	0.0000	0.0000	0.0000	0.4360	-0.7920	0.0000	0.0976	0.1024	0.0960	0.1220
165.0000	1.0000	2.4752	0.1308	101.8750	0.0000	0.0000	0.0000	0.0000	0.0000	0.0000	0.0000	0.0000	0.0000	0.4780	-0.8000	0.0000	0.0967	0.1033	0.1280	0.0920
166.0000	1.0000	2.4421	0.1447	101.8080	0.0000	0.0000	0.0000	0.0000	0.0000	0.0000	0.0000	0.0000	0.0000	0.4680	-0.8250	0.0000	0.0958	0.1042	0.1030	0.0740
167.0000	1.0000	2.4084	0.1596	101.7940	0.0000	0.0000	0.0000	0.0000	0.0000	0.0000	0.0000	0.0000	0.0000	0.5110	-0.7700	0.0000	0.0948	0.1052	0.1040	0.0510
168.0000	1.0000	2.3732	0.1758	101.8000	0.0000	0.0000	0.0000	0.0000	0.0000	0.0000	0.0000	0.0000	0.0000	0.4920	-0.7510	0.0000	0.0937	0.1063	0.1730	0.1050
169.0000	1.0000	2.3366	0.1931	101.7810	0.0000	0.0000	0.0000	0.0000	0.0000	0.0000	0.0000	0.0000	0.0000	0.4820	-0.7280	0.0000	0.0926	0.1074	0.1300	0.1240
170.0000	1.0000	2.2991	0.2120	101.6170	0.0000	0.0000	0.0000	0.0000	0.0000	0.0000	0.0000	0.0000	0.0000	0.4970	-0.6410	0.0000	0.0916	0.1084	0.1650	0.0520
171.0000	1.0000	2.2609	0.2313	101.5490	0.0000	0.0000	0.0000	0.0000	0.0000	0.0000	0.0000	0.0000	0.0000	0.4740	-0.6100	0.0000	0.0904	0.1096	0.0630	0.0610
172.0000	1.0000	2.2218	0.2516	101.4680	0.0000	0.0000	0.0000	0.0000	0.0000	0.0000	0.0000	0.0000	0.0000	0.4880	-0.5890	0.0000	0.0893	0.1107	0.1170	0.0720
173.0000	1.0000	2.1816	0.2735	101.1810	0.0000	0.0000	0.0000	0.0000	0.0000	0.0000	0.0000	0.0000	0.0000	0.5120	-0.5820	0.0000	0.0883	0.1117	0.1790	0.0700
174.0000	1.0000	2.1402	0.2968	101.0050	0.0000	0.0000	0.0000	0.0000	0.0000	0.0000	0.0000	0.0000	0.0000	0.4480	-0.5790	0.0000	0.0871	0.1129	0.1550	0.0940
175.0000	1.0000	2.0983	0.3210	100.7600	0.0000	0.0000	0.0000	0.0000	0.0000	0.0000	0.0000	0.0000	0.0000	0.4670	-0.6510	0.0000	0.0859	0.1141	0.0970	0.0350
176.0000	1.0000	2.0553	0.3459	100.3290	0.0000	0.0000	0.0000	0.0000	0.0000	0.0000	0.0000	0.0000	0.0000	0.4650	-0.5830	0.0000	0.0849	0.1151	0.0970	0.0910
177.0000	1.0000	2.0112	0.3722	99.8380	0.0000	0.0000	0.0000	0.0000	0.0000	0.0000	0.0000	0.0000	0.0000	0.4530	-0.6050	0.0000	0.0839	0.1161	0.1500	0.0900
178.0000	1.0000	1.9660	0.3991	99.4300	0.0000	0.0000	0.0000	0.0000	0.0000	0.0000	0.0000	0.0000	0.0000	0.4230	-0.6460	0.0000	0.0827	0.1173	0.0770	0.0960
179.0000	1.0000	1.9205	0.4267	99.0210	0.0000	0.0000	0.0000	0.0000	0.0000	0.0000	0.0000	0.0000	0.0000	0.4660	-0.7030	0.0000	0.0815	0.1185	0.0740	0.0120
180.0000	1.0000	1.8752	0.4536	98.5960	0.0000	0.0000	0.0000	0.0000	0.0000	0.0000	0.0000	0.0000	0.0000	0.4660	-0.7610	0.0000	0.0802	0.1198	-0.0670	-0.0020
181.0000	1.0000	1.8290	0.4822	98.0370	0.0000	0.0000	0.0000	0.0000	0.0000	0.0000	0.0000	0.0000	0.0000	0.4660	-0.7480	0.0000	0.0791	0.1209	0.1740	0.0630
182.0000	1.0000	1.7823	0.5115	97.4970	0.0000	0.0000	0.0000	0.0000	0.0000	0.0000	0.0000	0.0000	0.0000	0.4930	-0.7420	0.0000	0.0779	0.1221	0.0730	0.0410
183.0000	1.0000	1.7348	0.5423	96.8680	0.0000	0.0000	0.0000	0.0000	0.0000	0.0000	0.0000	0.0000	0.0000	0.5380	-0.7040	0.0000	0.0766	0.1234	0.1710	0.0690
184.0000	1.0000	1.6868	0.5722	96.2820	0.0000	0.0000	0.0000	0.0000	0.0000	0.0000	0.0000	0.0000	0.0000	0.5820	-0.6700	0.0000	0.0753	0.1247	-0.0970	0.0480
185.0000	1.0000	1.6359	0.5907	95.4630	0.0000	0.0000	0.0000	0.0000	0.0000	0.0000	0.0000	0.0000	0.0000	0.5290	-0.6700	0.0000	0.0743	0.1257	-1.0950	0.4040
186.0000	1.0000	1.5836	0.6080	94.2640	0.0000	0.0000	0.0000	0.0000	0.0000	0.0000	0.0000	0.0000	0.0000	0.9770	0.2970	0.0000	0.0737	0.1263	-0.1220	0.1460
187.0000	1.0000	1.5306	0.6267	92.6090	0.0000	0.0000	0.0000	0.0000	0.0000	0.0000	0.0000	0.0000	0.0000	0.4280	0.2460	0.0000	0.0736	0.1264	0.1530	0.0680
188.0000	1.0000	1.4768	0.6463	91.1720	0.0000	0.0000	0.0000	0.0000	0.0000	0.0000	0.0000	0.0000	0.0000	0.5370	0.6930	0.0000	0.0731	0.1269	0.0880	0.0720
189.0000	1.0000	1.4227	0.6645	89.5580	0.0000	0.0000	0.0000	0.0000	0.0000	0.0000	0.0000	0.0000	0.0000	0.4410	0.5140	0.0000	0.0730	0.1270	-0.1370	0.0320
190.0000	1.0000	1.3679	0.6803	88.3020	0.0000	0.0000	0.0000	0.0000	0.0000	0.0000	0.0000	0.0000	0.0000	0.4710	0.7570	0.0000	0.0724	0.1276	-0.2490	0.0620
191.0000	1.0000	1.3146	0.6969	87.5890	0.0000	0.0000	0.0000	0.0000	0.0000	0.0000	0.0000	0.0000	0.0000	0.3230	0.3650	0.0000	0.0711	0.1289	0.0960	-0.1440
192.0000	1.0000	1.2611	0.7147	87.7490	0.0000	0.0000	0.0000	0.0000	0.0000	0.0000	0.0000	0.0000	0.0000	0.1220	0.2960	0.0000	0.0688	0.1312	0.1170	0.0180
193.0000	1.0000	1.2071	0.7313	87.5050	0.0000	0.0000	0.0000	0.0000	0.0000	0.0000	0.0000	0.0000	0.0000	-0.0050	-0.1380	0.0000	0.0670	0.1330	-0.1260	0.0470
194.0000	1.0000	1.1514	0.7507	87.6100	0.0000	0.0000	0.0000	0.0000	0.0000	0.0000	0.0000	0.0000	0.0000	-0.1590	-0.2840	0.0000	0.0647	0.1353	0.2730	0.1860
195.0000	1.0000	1.0949	0.7714	87.5740	0.0000	0.0000	0.0000	0.0000	0.0000	0.0000	0.0000	0.0000	0.0000	0.1100	-0.6740	0.0000	0.0625	0.1375	0.1220	0.0840
196.0000	1.0000	1.0374	0.7934	87.6670	0.0000	0.0000	0.0000	0.0000	0.0000	0.0000	0.0000	0.0000	0.0000	0.2440	-0.3890	0.0000	0.0602	0.1398	0.1310	0.1020
197.0000	1.0000	0.9790	0.8164	87.7750	0.0000	0.0000	0.0000	0.0000	0.0000	0.0000	0.0000	0.0000	0.0000	0.1170	-0.3730	0.0000	0.0579	0.1421	0.0980	0.1000
198.0000	1.0000	0.9191	0.8406	87.4540	0.0000	0.0000	0.0000	0.0000	0.0000	0.0000	0.0000	0.0000	0.0000	-0.0750	-0.5840	0.0000	0.0560	0.1440	0.1110	0.1490
199.0000	1.0000	0.8584	0.8647	87.6350	0.0000	0.0000	0.0000	0.0000	0.0000	0.0000	0.0000	0.0000	0.0000	0.1140	-0.6280	0.0000	0.0537	0.1463	-0.0160	0.0760
count	X_sig	Px_est	Py_est	psi_est	biasax	biasay	biaswz	Uax	Uay	wz	LSx	LSy	psi_comp	roll	pitch	Pz	speed_right	speed_left	ax	ay
count	X_sig	Px_est	Py_est	psi_est	biasax	biasay	biaswz	Uax	Uay	wz	LSx	LSy	psi_comp	roll	pitch	Pz	speed_right	speed_left	ax	ay
count	X_sig	Px_est	Py_est	psi_est	biasax	biasay	biaswz	Uax	Uay	wz	LSx	LSy	psi_comp	roll	pitch	Pz	speed_right	speed_left	ax	ay
0.0000	1.0000	1.3334	1.3204	-0.1900	0.0000	0.0000	0.0000	0.0410	-0.0570	9.8210	1.3330	1.3210	-0.1900	-0.3120	-0.2240	0.0000	0.1668	0.0332	0.0410	-0.0570
1.0000	1.0000	1.3375	1.3197	-0.6090	0.0000	0.0000	0.0000	0.3660	-0.0120	9.8970	1.3330	1.3210	-0.6090	-0.3500	-0.4310	0.0000	0.1674	0.0326	0.3660	-0.0120
2.0000	1.0000	1.3454	1.3175	0.5540	0.0000	0.0000	0.0000	0.3830	-0.1520	9.7650	1.3330	1.3210	0.5540	-0.6830	-1.1970	0.0000	0.1665	0.0335	0.3830	-0.1520
3.0000	1.0000	1.3542	1.3138	1.9660	0.0000	0.0000	0.0000	0.0810	-0.1480	9.8270	1.3330	1.3210	1.9660	-0.5700	-1.3190	0.0000	0.1655	0.0345	0.0810	-0.1480
4.0000	1.0000	1.3634	1.3088	3.4540	0.0000	0.0000	0.0000	0.0430	-0.1430	9.7690	1.3330	1.3210	3.4540	-0.6120	-1.2740	0.0000	0.1644	0.0356	0.0430	-0.1430
5.0000	1.0000	1.3732	1.3038	4.6120	0.0000	0.0000	0.0000	0.0450	0.0060	9.8430	1.3330	1.3210	4.6120	-0.6420	-1.0250	0.0000	0.1636	0.0364	0.0450	0.0060
6.0000	1.0000	1.3848	1.2977	5.4800	0.0000	0.0000	0.0000	0.1810	-0.1260	9.6290	1.3330	1.3210	5.4800	-0.3300	-0.7310	0.0000	0.1633	0.0367	0.1810	-0.1260
7.0000	1.0000	1.3965	1.2912	6.7760	0.0000	0.0000	0.0000	-0.0060	-0.0440	9.8010	1.3330	1.3210	6.7760	-0.5280	-0.6350	0.0000	0.1625	0.0375	-0.0060	-0.0440
8.0000	1.0000	1.4070	1.2854	8.1230	0.0000	0.0000	0.0000	-0.0980	0.0770	9.8460	1.3330	1.3210	8.1230	-0.5340	-0.5120	0.0000	0.1616	0.0384	-0.0980	0.0770
9.0000	1.0000	1.4196	1.2782	9.2010	0.0000	0.0000	0.0000	0.1740	-0.1570	9.9710	1.3330	1.3210	9.2010	-0.6200	-0.3210	0.0000	0.1611	0.0389	0.1740	-0.1570
10.0000	1.0000	1.4319	1.2705	10.5540	0.0000	0.0000	0.0000	-0.0280	-0.0550	9.8170	1.3330	1.3210	10.5540	-0.5230	-0.5150	0.0000	0.1603	0.0397	-0.0280	-0.0550
11.0000	1.0000	1.4436	1.2615	11.8670	0.0000	0.0000	0.0000	-0.0970	-0.1110	9.9220	1.4210	1.4890	11.8670	-0.5100	-0.4450	0.0000	0.1596	0.0404	-0.0970	-0.1110
12.0000	1.0000	1.4559	1.2514	13.0960	0.0000	0.0000	0.0000	0.0400	-0.1130	9.8000	1.4210	1.4890	13.0960	-0.4970	-0.4860	0.0000	0.1590	0.0410	0.0400	-0.1130
13.0000	1.0000	1.4657	1.2408	14.1520	0.0000	0.0000	0.0000	-0.2540	0.0060	9.8280	1.4210	1.4890	14.1520	-0.3600	-0.2860	0.0000	0.1585	0.0415	-0.2540	0.0060
14.0000	1.0000	1.4789	1.2282	15.2960	0.0000	0.0000	0.0000	0.2730	-0.2870	9.7210	1.4210	1.4890	15.2960	-0.4220	-0.2860	0.0000	0.1581	0.0419	0.2730	-0.2870
15.0000	1.0000	1.4926	1.2153	16.4890	0.0000	0.0000	0.0000	0.0420	-0.0390	9.8350	1.4210	1.4890	16.4890	-0.6040	-0.3020	0.0000	0.1576	0.0424	0.0420	-0.0390
16.0000	1.0000	1.5066	1.2026	17.6370	0.0000	0.0000	0.0000	0.0360	0.0120	9.7710	1.4210	1.4890	17.6370	-0.6720	-0.1910	0.0000	0.1572	0.0428	0.0360	0.0120
17.0000	1.0000	1.5217	1.1901	18.7540	0.0000	0.0000	0.0000	0.1030	-0.0230	9.7630	1.4210	1.4890	18.7540	-0.7010	-0.1860	0.0000	0.1569	0.0431	0.1030	-0.0230
18.0000	1.0000	1.5371	1.1772	19.8670	0.0000	0.0000	0.0000	0.0250	-0.0410	9.8190	1.4210	1.4890	19.8670	-0.7060	-0.3060	0.0000	0.1565	0.0435	0.0250	-0.0410
19.0000	1.0000	1.5532	1.1620	20.9860	0.0000	0.0000	0.0000	-0.0200	-0.2390	9.7840	1.4210	1.4890	20.9860	-0.6770	-0.2450	0.0000	0.1563	0.0437	-0.0200	-0.2390
20.0000	1.0000	1.5675	1.1466	22.1160	0.0000	0.0000	0.0000	-0.1770	0.0390	9.8640	1.4620	1.5600	22.1160	-0.6420	-0.1740	0.0000	0.1559	0.0441	-0.1770	0.0390
21.0000	1.0000	1.5775	1.1274	22.9590	0.0000	0.0000	0.0000	-0.5470	-0.1670	9.8150	1.4620	1.5600	22.9590	-0.7310	-0.0280	0.0000	0.1557	0.0443	-0.5470	-0.1670
22.0000	1.0000	1.5856	1.1060	23.4050	0.0000	0.0000	0.0000	-0.2590	-0.1330	9.9340	1.4620	1.5600	23.4050	-0.4510	0.4820	0.0000	0.1560	0.0440	-0.2590	-0.1330
23.0000	1.0000	1.5908	1.0834	23.4050	0.0000	0.0000	0.0000	-0.3160	0.0000	9.9340	1.4620	1.5600	23.4050	-0.4510	0.4820	0.0000	0.1566	0.0434	-0.3160	0.0000
24.0000	1.0000	1.5962	1.0602	23.4050	0.0000	0.0000	0.0000	0.0000	-0.0560	9.9060	1.4620	1.5600	23.4050	-0.4900	0.7000	0.0000	0.1572	0.0428	0.0000	-0.0560
25.0000	1.0000	1.6016	1.0369	22.3190	0.0000	0.0000	0.0000	0.0000	-0.0180	9.8480	1.4620	1.5600	22.3190	-0.4790	0.5660	0.0000	0.1590	0.0410	0.0000	-0.0180
26.0000	1.0000	1.6065	1.0125	22.3190	0.0000	0.0000	0.0000	-0.0960	-0.0770	0.0000	1.4620	1.5600	22.3190	-0.4790	0.5660	0.0000	0.1595	0.0405	-0.0960	-0.0770
27.0000	1.0000	1.6107	0.9876	21.7990	0.0000	0.0000	0.0000	-0.0860	-0.0260	9.8820	1.4620	1.5600	21.7990	-0.4130	0.4490	0.0000	0.1606	0.0394	-0.0860	-0.0260
28.0000	1.0000	1.6156	0.9609	21.5970	0.0000	0.0000	0.0000	0.0050	-0.1790	9.0000	1.4620	1.5600	21.5970	0.0000	0.3950	0.0000	0.1614	0.0386	0.0050	-0.1790
29.0000	1.0000	1.6214	0.9335	21.5970	0.0000	0.0000	0.0000	0.0520	-0.1080	9.7000	1.4620	1.5600	21.5970	-0.7160	0.0000	0.0000	0.1620	0.0380	0.0520	-0.1080
30.0000	1.0000	1.6285	0.9059	22.0310	0.0000	0.0000	0.0000	0.1180	-0.0690	9.7900	1.4620	1.5600	22.0310	-0.6350	-0.1440	0.0000	0.1621	0.0379	0.1180	-0.0690
31.0000	1.0000	1.6354	0.8755	22.7630	0.0000	0.0000	0.0000	-0.1240	-0.2510	9.7760	1.5300	1.5650	22.7630	-0.7690	-0.5050	0.0000	0.1619	0.0381	-0.1240	-0.2510
32.0000	1.0000	1.6443	0.8454	23.8450	0.0000	0.0000	0.0000	0.1910	-0.0470	9.7350	1.5300	1.5650	23.8450	-0.7520	-0.3990	0.0000	0.1614	0.0386	0.1910	-0.0470
33.0000	1.0000	1.6532	0.8143	25.0690	0.0000	0.0000	0.0000	-0.0450	-0.0910	9.8360	1.5300	1.5650	25.0690	-0.7360	-0.5830	0.0000	0.1607	0.0393	-0.0450	-0.0910
34.0000	1.0000	1.6641	0.7820	26.3830	0.0000	0.0000	0.0000	0.1300	-0.2070	9.7800	1.5300	1.5650	26.3830	-0.6490	-0.4730	0.0000	0.1600	0.0400	0.1300	-0.2070
35.0000	1.0000	1.6762	0.7497	27.6580	0.0000	0.0000	0.0000	0.1010	-0.0380	9.8340	1.5300	1.5650	27.6580	-0.5730	-0.7560	0.0000	0.1594	0.0406	0.1010	-0.0380
36.0000	1.0000	1.6886	0.7193	28.7910	0.0000	0.0000	0.0000	0.1180	0.1330	9.9320	1.5300	1.5650	28.7910	-0.6390	-0.7680	0.0000	0.1588	0.0412	0.1180	0.1330
37.0000	1.0000	1.7006	0.6871	29.8800	0.0000	0.0000	0.0000	-0.1160	-0.1300	9.8180	1.5300	1.5650	29.8800	-0.5410	-0.8950	0.0000	0.1583	0.0417	-0.1160	-0.1300
38.0000	1.0000	1.7118	0.6527	29.8800	0.0000	0.0000	0.0000	-0.1900	-0.1430	9.7830	1.5300	1.5650	29.8800	-0.4400	-0.8950	0.0000	0.1590	0.0410	-0.1900	-0.1430
39.0000	1.0000	1.7242	0.6187	32.1780	0.0000	0.0000	0.0000	0.1340	-0.0340	9.7820	1.5300	1.5650	32.1780	-0.4210	-0.4210	0.0000	0.1571	0.0429	0.1340	-0.0340
40.0000	1.0000	1.7373	0.5844	33.3420	0.0000	0.0000	0.0000	0.0380	-0.0690	9.7520	1.5820	1.6240	33.3420	-0.3630	-0.4000	0.0000	0.1565	0.0435	0.0380	-0.0690
41.0000	1.0000	1.7510	0.5504	34.5270	0.0000	0.0000	0.0000	0.0630	-0.0060	9.8730	1.5820	1.6240	34.5270	-0.3460	-0.3690	0.0000	0.1558	0.0442	0.0630	-0.0060
42.0000	1.0000	1.7653	0.5154	35.6900	0.0000	0.0000	0.0000	-0.0030	-0.1110	9.7950	1.5820	1.6240	35.6900	-0.3020	-0.2930	0.0000	0.1552	0.0448	-0.0030	-0.1110
43.0000	1.0000	1.7789	0.4810	36.7840	0.0000	0.0000	0.0000	-0.0210	0.0870	9.7880	1.5820	1.6240	36.7840	-0.3410	-0.2970	0.0000	0.1546	0.0454	-0.0210	0.0870
44.0000	1.0000	1.7936	0.4475	37.8520	0.0000	0.0000	0.0000	0.1340	0.0060	9.8360	1.5820	1.6240	37.8520	-0.2930	-0.1940	0.0000	0.1541	0.0459	0.1340	0.0060
45.0000	1.0000	1.8068	0.4140	39.1030	0.0000	0.0000	0.0000	-0.1130	0.0890	9.7570	1.5820	1.6240	39.1030	-0.3490	-0.2580	0.0000	0.1532	0.0468	-0.1130	0.0890
46.0000	1.0000	1.8186	0.3809	40.2510	0.0000	0.0000	0.0000	-0.0830	0.1190	9.8580	1.5820	1.6240	40.2510	-0.3490	-0.2850	0.0000	0.1524	0.0476	-0.0830	0.1190
47.0000	1.0000	1.8305	0.3467	41.4270	0.0000	0.0000	0.0000	-0.0570	-0.0810	9.7390	1.5820	1.6240	41.4270	-0.3710	-0.1500	0.0000	0.1516	0.0484	-0.0570	-0.0810
48.0000	1.0000	1.8437	0.3118	42.6100	0.0000	0.0000	0.0000	0.0410	-0.1450	9.7070	1.5820	1.6240	42.6100	-0.3210	-0.1890	0.0000	0.1508	0.0492	0.0410	-0.1450
49.0000	1.0000	1.8567	0.2776	43.7270	0.0000	0.0000	0.0000	0.0410	0.0620	9.9130	1.5820	1.6240	43.7270	-0.3260	-0.1890	0.0000	0.1500	0.0500	0.0410	0.0620
50.0000	1.0000	1.8686	0.2420	44.8050	0.0000	0.0000	0.0000	-0.1860	-0.0110	9.8210	1.6810	1.6920	44.8050	-0.3130	-0.1740	0.0000	0.1493	0.0507	-0.1860	-0.0110
51.0000	1.0000	1.8798	0.2068	45.9380	0.0000	0.0000	0.0000	-0.0140	0.0620	9.8650	1.6810	1.6920	45.9380	-0.3020	-0.2100	0.0000	0.1484	0.0516	-0.0140	0.0620
52.0000	1.0000	1.8890	0.1714	46.8970	0.0000	0.0000	0.0000	-0.1510	0.1470	9.8540	1.6810	1.6920	46.8970	-0.2290	-0.0330	0.0000	0.1476	0.0524	-0.1510	0.1470
53.0000	1.0000	1.8972	0.1361	48.0080	0.0000	0.0000	0.0000	-0.0620	0.0720	9.7850	1.6810	1.6920	48.0080	-0.4000	0.0040	0.0000	0.1467	0.0533	-0.0620	0.0720
54.0000	1.0000	1.9048	0.0998	49.0880	0.0000	0.0000	0.0000	-0.1180	-0.0150	9.8110	1.6810	1.6920	49.0880	-0.4030	0.0930	0.0000	0.1457	0.0543	-0.1180	-0.0150
55.0000	1.0000	1.9133	0.0626	49.8840	0.0000	0.0000	0.0000	-0.0070	-0.1270	9.7500	1.6810	1.6920	49.8840	-0.3820	0.1520	0.0000	0.1451	0.0549	-0.0070	-0.1270
56.0000	1.0000	1.9235	0.0234	50.6820	0.0000	0.0000	0.0000	-0.0430	-0.2570	9.8790	1.6810	1.6920	50.6820	-0.3090	0.2180	0.0000	0.1445	0.0555	-0.0430	-0.2570
57.0000	1.0000	1.9329	0.0000	51.3950	0.0000	0.0000	0.0000	-0.1830	-0.0450	9.8500	1.6810	1.6920	51.3950	-0.5450	0.3110	0.0000	0.1440	0.0560	-0.1830	-0.0450
58.0000	1.0000	1.9446	0.0000	52.4470	0.0000	0.0000	0.0000	0.1540	-0.1720	9.8220	1.6810	1.6920	52.4470	-0.4720	0.2400	0.0000	0.1431	0.0569	0.1540	-0.1720
59.0000	1.0000	1.9559	0.0000	53.3370	0.0000	0.0000	0.0000	-0.0670	0.0090	9.8560	1.6810	1.6920	53.3370	-0.5300	0.2090	0.0000	0.1423	0.0577	-0.0670	0.0090
60.0000	1.0000	1.9655	0.0000	54.2400	0.0000	0.0000	0.0000	0.0010	0.1950	9.7690	1.7740	1.7740	54.2400	-0.4340	0.1930	0.0000	0.1415	0.0585	0.0010	0.1950
61.0000	1.0000	1.9757	0.0000	55.0210	0.0000	0.0000	0.0000	0.0310	-0.0400	9.8330	1.7740	1.7740	55.0210	-0.4410	0.1730	0.0000	0.1409	0.0591	0.0310	-0.0400
62.0000	1.0000	1.9873	0.0000	55.9090	0.0000	0.0000	0.0000	-0.1680	-0.2820	9.6990	1.7740	1.7740	55.9090	-0.3340	0.0540	0.0000	0.1401	0.0599	-0.1680	-0.2820
63.0000	1.0000	1.9991	0.0000	56.6610	0.0000	0.0000	0.0000	0.0140	-0.0200	9.9220	1.7740	1.7740	56.6610	-0.4710	-0.0100	0.0000	0.1395	0.0605	0.0140	-0.0200
64.0000	1.0000	2.0104	0.0000	57.4630	0.0000	0.0000	0.0000	-0.1090	-0.0140	9.8400	1.7740	1.7740	57.4630	-0.3660	-0.0690	0.0000	0.1389	0.0611	-0.1090	-0.0140
65.0000	1.0000	2.0217	0.0000	58.3260	0.0000	0.0000	0.0000	0.0140	0.0140	9.8070	1.7740	1.7740	58.3260	-0.3680	-0.0950	0.0000	0.1382	0.0618	0.0140	0.0140
66.0000	1.0000	2.0328	0.0000	58.9920	0.0000	0.0000	0.0000	-0.0060	0.0250	9.8890	1.7740	1.7740	58.9920	-0.4440	-0.0560	0.0000	0.1377	0.0623	-0.0060	0.0250
67.0000	1.0000	2.0436	0.0000	59.7880	0.0000	0.0000	0.0000	-0.0250	0.0130	9.9520	1.7740	1.7740	59.7880	-0.3980	-0.0740	0.0000	0.1370	0.0630	-0.0250	0.0130
68.0000	1.0000	2.0546	0.0000	60.5060	0.0000	0.0000	0.0000	0.0390	-0.0030	9.8120	1.7740	1.7740	60.5060	-0.4610	0.0330	0.0000	0.1364	0.0636	0.0390	-0.0030
69.0000	1.0000	2.0664	0.0000	61.2690	0.0000	0.0000	0.0000	-0.0160	-0.0990	9.7850	1.7740	1.7740	61.2690	-0.3760	-0.0250	0.0000	0.1359	0.0641	-0.0160	-0.0990
70.0000	1.0000	2.0796	0.0000	62.0710	0.0000	0.0000	0.0000	0.0570	-0.1250	9.7950	1.6810	1.6920	62.0710	-0.4180	-0.0240	0.0000	0.1353	0.0647	0.0570	-0.1250
71.0000	1.0000	2.0937	0.0000	62.8310	0.0000	0.0000	0.0000	-0.0310	-0.1140	9.8040	1.6810	1.6920	62.8310	-0.3680	0.0010	0.0000	0.1347	0.0653	-0.0310	-0.1140
72.0000	1.0000	2.1077	0.0000	63.6050	0.0000	0.0000	0.0000	0.0550	0.0370	9.8580	1.6810	1.6920	63.6050	-0.3560	-0.0680	0.0000	0.1342	0.0658	0.0550	0.0370
73.0000	1.0000	2.1224	0.0000	64.3560	0.0000	0.0000	0.0000	-0.1230	-0.1490	9.8340	1.6810	1.6920	64.3560	-0.3520	-0.0830	0.0000	0.1337	0.0663	-0.1230	-0.1490
74.0000	1.0000	2.1371	0.0000	65.1290	0.0000	0.0000	0.0000	-0.0160	0.0100	9.8520	1.6810	1.6920	65.1290	-0.3740	-0.1280	0.0000	0.1332	0.0668	-0.0160	0.0100
75.0000	1.0000	2.1517	0.0000	65.8980	0.0000	0.0000	0.0000	0.0290	0.0100	9.7970	1.6810	1.6920	65.8980	-0.3390	-0.0580	0.0000	0.1326	0.0674	0.0290	0.0100
76.0000	1.0000	2.1653	0.0000	66.6520	0.0000	0.0000	0.0000	-0.0620	0.0950	9.8160	1.6810	1.6920	66.6520	-0.2830	-0.0950	0.0000	0.1321	0.0679	-0.0620	0.0950
77.0000	1.0000	2.1786	0.0000	67.3700	0.0000	0.0000	0.0000	-0.0010	0.0220	9.7900	1.6810	1.6920	67.3700	-0.2160	-0.0740	0.0000	0.1316	0.0684	-0.0010	0.0220
78.0000	1.0000	2.1934	0.0000	68.2200	0.0000	0.0000	0.0000	-0.0600	-0.1860	9.8620	1.6810	1.6920	68.2200	-0.1200	-0.1120	0.0000	0.1310	0.0690	-0.0600	-0.1860
79.0000	1.0000	2.2091	0.0000	68.9450	0.0000	0.0000	0.0000	-0.0400	-0.1060	9.7580	1.6810	1.6920	68.9450	-0.1570	-0.0130	0.0000	0.1305	0.0695	-0.0400	-0.1060
80.0000	1.0000	2.2247	0.0000	69.6110	0.0000	0.0000	0.0000	0.0000	0.0090	9.9040	1.8470	1.8960	69.6110	-0.1300	-0.0220	0.0000	0.1302	0.0698	0.0000	0.0090
81.0000	1.0000	2.2399	0.0000	70.2310	0.0000	0.0000	0.0000	0.1180	0.0920	9.8010	1.8470	1.8960	70.2310	-0.1360	0.0050	0.0000	0.1298	0.0702	0.1180	0.0920
82.0000	1.0000	2.2553	0.0000	70.7650	0.0000	0.0000	0.0000	0.0540	-0.0170	9.8230	1.8470	1.8960	70.7650	-0.1270	0.1050	0.0000	0.1296	0.0704	0.0540	-0.0170
83.0000	1.0000	2.2712	0.0000	71.3930	0.0000	0.0000	0.0000	-0.0130	-0.0440	9.7930	1.8470	1.8960	71.3930	-0.1790	0.1450	0.0000	0.1293	0.0707	-0.0130	-0.0440
84.0000	1.0000	2.2875	0.0000	72.0770	0.0000	0.0000	0.0000	-0.0920	-0.0750	9.8390	1.8470	1.8960	72.0770	-0.0990	0.1710	0.0000	0.1289	0.0711	-0.0920	-0.0750
85.0000	1.0000	2.3041	0.0000	72.6890	0.0000	0.0000	0.0000	0.0170	-0.0330	9.8090	1.8470	1.8960	72.6890	-0.1210	0.2840	0.0000	0.1287	0.0713	0.0170	-0.0330
86.0000	1.0000	2.3209	0.0000	73.2060	0.0000	0.0000	0.0000	-0.0940	-0.0410	9.8200	1.8470	1.8960	73.2060	-0.1490	0.2660	0.0000	0.1285	0.0715	-0.0940	-0.0410
87.0000	1.0000	2.3371	0.0000	73.6900	0.0000	0.0000	0.0000	-0.0360	0.0410	9.8470	1.8470	1.8960	73.6900	-0.1760	0.3260	0.0000	0.1284	0.0716	-0.0360	0.0410
88.0000	1.0000	2.3541	0.0000	74.2870	0.0000	0.0000	0.0000	-0.1350	-0.1060	9.8300	1.8470	1.8960	74.2870	-0.1740	0.3500	0.0000	0.1281	0.0719	-0.1350	-0.1060
89.0000	1.0000	2.3710	0.0000	74.9360	0.0000	0.0000	0.0000	-0.0880	-0.0230	9.8020	1.8470	1.8960	74.9360	-0.2050	0.4080	0.0000	0.1278	0.0722	-0.0880	-0.0230
90.0000	1.0000	2.3875	0.0000	75.6570	0.0000	0.0000	0.0000	-0.1310	0.0030	9.8100	1.8070	2.1070	75.6570	-0.1910	0.3780	0.0000	0.1274	0.0726	-0.1310	0.0030
91.0000	1.0000	2.4040	0.0000	76.1960	0.0000	0.0000	0.0000	-0.0490	-0.0010	9.8440	1.8070	2.1070	76.1960	-0.2210	0.4060	0.0000	0.1272	0.0728	-0.0490	-0.0010
92.0000	1.0000	2.4212	0.0000	76.8260	0.0000	0.0000	0.0000	-0.2400	-0.1340	9.8340	1.8070	2.1070	76.8260	-0.1450	0.3580	0.0000	0.1269	0.0731	-0.2400	-0.1340
93.0000	1.0000	2.4382	0.0000	77.2930	0.0000	0.0000	0.0000	-0.1070	-0.0050	9.7960	1.8070	2.1070	77.2930	-0.1590	0.3890	0.0000	0.1268	0.0732	-0.1070	-0.0050
94.0000	1.0000	2.4544	0.0000	77.6700	0.0000	0.0000	0.0000	-0.0400	0.0820	9.8330	1.8070	2.1070	77.6700	-0.1080	0.3520	0.0000	0.1268	0.0732	-0.0400	0.0820
95.0000	1.0000	2.4703	0.0000	78.1630	0.0000	0.0000	0.0000	0.0000	0.0250	9.8360	1.8070	2.1070	78.1630	-0.1300	0.4290	0.0000	0.1267	0.0733	0.0000	0.0250
96.0000	1.0000	2.4864	0.0000	78.6310	0.0000	0.0000	0.0000	-0.0180	-0.0290	9.8140	1.8070	2.1070	78.6310	-0.0500	0.4040	0.0000	0.1266	0.0734	-0.0180	-0.0290
97.0000	1.0000	2.5018	0.0000	79.0490	0.0000	0.0000	0.0000	-0.0610	0.0620	9.8450	1.8070	2.1070	79.0490	-0.0650	0.3700	0.0000	0.1265	0.0735	-0.0610	0.0620
98.0000	1.0000	2.5174	0.0000	79.4830	0.0000	0.0000	0.0000	-0.0940	-0.0290	9.7980	1.8070	2.1070	79.4830	-0.0770	0.3270	0.0000	0.1264	0.0736	-0.0940	-0.0290
99.0000	1.0000	2.5328	0.0000	79.8930	0.0000	0.0000	0.0000	-0.0560	-0.0020	9.7970	1.8070	2.1070	79.8930	-0.1280	0.2780	0.0000	0.1263	0.0737	-0.0560	-0.0020
100.0000	1.0000	2.5488	0.0000	80.3760	0.0000	0.0000	0.0000	-0.1100	-0.0690	9.7960	2.1760	2.5120	80.3760	-0.0630	0.1980	0.0000	0.1481	0.0519	-0.1100	-0.0690
101.0000	1.0000	2.5642	0.0000	81.2080	0.0000	0.0000	0.0000	-0.1070	0.0370	9.8310	2.1760	2.5120	81.2080	-0.0780	0.1440	0.0000	0.1474	0.0526	-0.1070	0.0370
102.0000	1.0000	2.5801	0.0000	82.1720	0.0000	0.0000	0.0000	-0.0520	-0.0540	9.8040	2.1760	2.5120	82.1720	-0.0340	0.2020	0.0000	0.1466	0.0534	-0.0520	-0.0540
103.0000	1.0000	2.5957	0.0000	83.1960	0.0000	0.0000	0.0000	-0.0280	0.0230	9.6690	2.1760	2.5120	83.1960	-0.0750	0.1350	0.0000	0.1457	0.0543	-0.0280	0.0230
104.0000	1.0000	2.6109	0.0000	84.0630	0.0000	0.0000	0.0000	-0.1100	0.0330	9.7940	2.1760	2.5120	84.0630	-0.0390	0.2030	0.0000	0.1450	0.0550	-0.1100	0.0330
105.0000	1.0000	2.6254	0.0000	84.8800	0.0000	0.0000	0.0000	-0.1160	0.0560	9.7930	2.1760	2.5120	84.8800	-0.0020	0.1090	0.0000	0.1444	0.0556	-0.1160	0.0560
106.0000	1.0000	2.6394	0.0000	85.7400	0.0000	0.0000	0.0000	-0.0330	0.0530	9.8430	2.1760	2.5120	85.7400	-0.0660	0.0690	0.0000	0.1436	0.0564	-0.0330	0.0530
107.0000	1.0000	2.6540	0.0000	86.6400	0.0000	0.0000	0.0000	0.0450	-0.0570	9.7390	2.1760	2.5120	86.6400	0.0350	-0.0310	0.0000	0.1429	0.0571	0.0450	-0.0570
108.0000	1.0000	2.6691	0.0000	87.4850	0.0000	0.0000	0.0000	0.1330	-0.0520	9.8460	2.1760	2.5120	87.4850	-0.0260	-0.0510	0.0000	0.1422	0.0578	0.1330	-0.0520
109.0000	1.0000	2.6850	0.0000	88.2380	0.0000	0.0000	0.0000	0.0100	-0.0750	9.8150	2.1760	2.5120	88.2380	0.0270	-0.1350	0.0000	0.1416	0.0584	0.0100	-0.0750
110.0000	1.0000	2.7009	0.0000	89.0240	0.0000	0.0000	0.0000	0.0450	-0.0010	9.8610	1.8470	2.1070	89.0240	0.0010	-0.1450	0.0000	0.1410	0.0590	0.0450	-0.0010
111.0000	1.0000	2.7165	0.0000	89.8180	0.0000	0.0000	0.0000	0.0040	0.0360	9.8240	1.8470	2.1070	89.8180	0.0150	-0.1460	0.0000	0.1404	0.0596	0.0040	0.0360
112.0000	1.0000	2.7313	0.0000	90.6530	0.0000	0.0000	0.0000	-0.0040	0.0700	9.9620	1.8470	2.1070	90.6530	-0.0010	-0.1990	0.0000	0.1397	0.0603	-0.0040	0.0700
113.0000	1.0000	2.7453	0.0000	91.4300	0.0000	0.0000	0.0000	0.0110	0.0870	9.8790	1.8470	2.1070	91.4300	0.0120	-0.1830	0.0000	0.1390	0.0610	0.0110	0.0870
114.0000	1.0000	2.7585	0.0000	92.1870	0.0000	0.0000	0.0000	0.0450	0.0770	9.7710	1.8470	2.1070	92.1870	0.0300	-0.1790	0.0000	0.1384	0.0616	0.0450	0.0770
115.0000	1.0000	2.7708	0.0000	92.9580	0.0000	0.0000	0.0000	-0.0250	0.0890	9.8940	1.8470	2.1070	92.9580	0.0390	-0.1780	0.0000	0.1377	0.0623	-0.0250	0.0890
116.0000	1.0000	2.7836	0.0000	93.7600	0.0000	0.0000	0.0000	-0.0720	-0.0410	9.8220	1.8470	2.1070	93.7600	0.0150	-0.1680	0.0000	0.1369	0.0631	-0.0720	-0.0410
117.0000	1.0000	2.7962	0.0000	94.5400	0.0000	0.0000	0.0000	0.0170	0.0150	9.8590	1.8470	2.1070	94.5400	0.0300	-0.1070	0.0000	0.1363	0.0637	0.0170	0.0150
118.0000	1.0000	2.8098	0.0000	95.2840	0.0000	0.0000	0.0000	-0.0320	-0.0980	9.8020	1.8470	2.1070	95.2840	0.0520	-0.1020	0.0000	0.1356	0.0644	-0.0320	-0.0980
119.0000	1.0000	2.8229	0.0000	96.0450	0.0000	0.0000	0.0000	-0.0140	0.0550	9.8180	1.8470	2.1070	96.0450	0.0530	-0.0550	0.0000	0.1349	0.0651	-0.0140	0.0550
120.0000	1.0000	2.8356	0.0000	96.7750	0.0000	0.0000	0.0000	-0.0700	0.0430	9.8220	1.8570	2.2720	96.7750	-0.0080	-0.0120	0.0000	0.1343	0.0657	-0.0700	0.0430
121.0000	1.0000	2.8478	0.0000	97.5260	0.0000	0.0000	0.0000	-0.0630	0.0700	9.8710	1.8570	2.2720	97.5260	-0.0060	-0.0700	0.0000	0.1336	0.0664	-0.0630	0.0700
122.0000	1.0000	2.8599	0.0000	98.2200	0.0000	0.0000	0.0000	-0.0470	0.0030	9.8980	1.8570	2.2720	98.2200	-0.0350	-0.1020	0.0000	0.1330	0.0670	-0.0470	0.0030
123.0000	1.0000	2.8721	0.0000	99.0790	0.0000	0.0000	0.0000	0.0510	-0.0120	9.8170	1.8570	2.2720	99.0790	0.0470	-0.1040	0.0000	0.1322	0.0678	0.0510	-0.0120
124.0000	1.0000	2.8836	0.0000	99.8740	0.0000	0.0000	0.0000	0.0000	0.0760	9.8770	1.8570	2.2720	99.8740	0.0200	-0.0720	0.0000	0.1314	0.0686	0.0000	0.0760
125.0000	1.0000	2.8955	0.0000	100.6410	0.0000	0.0000	0.0000	-0.0390	-0.0380	9.7890	1.8570	2.2720	100.6410	0.0580	-0.0740	0.0000	0.1307	0.0693	-0.0390	-0.0380
126.0000	1.0000	2.9071	0.0000	101.1420	0.0000	0.0000	0.0000	0.0330	0.0200	9.8380	1.8570	2.2720	101.1420	0.0560	0.0180	0.0000	0.1303	0.0697	0.0330	0.0200
127.0000	1.0000	2.9196	0.0000	101.6400	0.0000	0.0000	0.0000	-0.1310	-0.0530	9.8050	1.8570	2.2720	101.6400	0.0860	-0.0170	0.0000	0.1299	0.0701	-0.1310	-0.0530
128.0000	1.0000	2.9323	0.0000	102.1270	0.0000	0.0000	0.0000	-0.0490	-0.0260	9.8700	1.8570	2.2720	102.1270	0.0430	-0.0190	0.0000	0.1296	0.0704	-0.0490	-0.0260
129.0000	1.0000	2.9459	0.0000	102.6200	0.0000	0.0000	0.0000	-0.0150	-0.0720	9.8130	1.8570	2.2720	102.6200	0.0940	-0.0140	0.0000	0.1292	0.0708	-0.0150	-0.0720
130.0000	1.0000	2.9592	0.0000	102.9900	0.0000	0.0000	0.0000	-0.0590	0.0260	9.8300	1.7980	2.4020	102.9900	0.1100	-0.0490	0.0000	0.1290	0.0710	-0.0590	0.0260
131.0000	1.0000	2.9731	0.0000	103.4610	0.0000	0.0000	0.0000	-0.0690	-0.0270	9.8340	1.7980	2.4020	103.4610	0.0960	-0.0300	0.0000	0.1287	0.0713	-0.0690	-0.0270
132.0000	1.0000	2.9873	0.0000	103.9740	0.0000	0.0000	0.0000	-0.0430	-0.0300	9.8380	1.7980	2.4020	103.9740	0.1240	-0.0780	0.0000	0.1284	0.0716	-0.0430	-0.0300
133.0000	1.0000	3.0000	0.0000	104.4180	0.0000	0.0000	0.0000	-0.0060	-0.0560	9.7990	1.7980	2.4020	104.4180	0.1300	-0.1180	0.0000	0.1280	0.0720	-0.0060	-0.0560
134.0000	1.0000	3.0000	0.0000	104.8570	0.0000	0.0000	0.0000	0.0710	-0.0050	9.8560	1.7980	2.4020	104.8570	0.1300	-0.1620	0.0000	0.1275	0.0725	0.0710	-0.0050
135.0000	1.0000	3.0000	0.0000	105.3690	0.0000	0.0000	0.0000	0.0670	-0.0500	9.8020	1.7980	2.4020	105.3690	0.1450	-0.1920	0.0000	0.1268	0.0732	0.0670	-0.0500
136.0000	1.0000	3.0000	0.0000	105.8670	0.0000	0.0000	0.0000	0.0600	-0.0110	9.8100	1.7980	2.4020	105.8670	0.1230	-0.2370	0.0000	0.1262	0.0738	0.0600	-0.0110
137.0000	1.0000	3.0000	0.0000	106.3260	0.0000	0.0000	0.0000	-0.0040	-0.0760	9.8220	1.7980	2.4020	106.3260	0.1690	-0.2830	0.0000	0.1256	0.0744	-0.0040	-0.0760
138.0000	1.0000	3.0000	0.0000	106.7520	0.0000	0.0000	0.0000	-0.0550	-0.0730	9.7720	1.7980	2.4020	106.7520	0.2500	-0.3050	0.0000	0.1251	0.0749	-0.0550	-0.0730
139.0000	1.0000	3.0000	0.0000	107.1620	0.0000	0.0000	0.0000	-0.0120	-0.0100	9.8180	1.7320	2.4840	107.1620	0.2490	-0.3040	0.0000	0.1246	0.0754	-0.0120	-0.0100
140.0000	1.0000	3.0000	0.0000	107.6470	0.0000	0.0000	0.0000	0.0720	0.0350	9.8660	1.7320	2.4840	107.6470	0.2310	-0.3640	0.0000	0.1239	0.0761	0.0720	0.0350
141.0000	1.0000	3.0000	0.0000	108.0690	0.0000	0.0000	0.0000	-0.0390	-0.0900	9.8200	1.7320	2.4840	108.0690	0.2700	-0.3330	0.0000	0.1234	0.0766	-0.0390	-0.0900
142.0000	1.0000	3.0000	0.0000	108.6450	0.0000	0.0000	0.0000	0.0390	-0.0350	9.8630	1.7320	2.4840	108.6450	0.2450	-0.3630	0.0000	0.1227	0.0773	0.0390	-0.0350
143.0000	1.0000	3.0000	0.0000	109.1350	0.0000	0.0000	0.0000	0.1410	-0.0600	9.7950	1.7320	2.4840	109.1350	0.2630	-0.3130	0.0000	0.1220	0.0780	0.1410	-0.0600
144.0000	1.0000	3.0000	0.0000	109.6420	0.0000	0.0000	0.0000	0.0810	0.0180	9.8020	1.7320	2.4840	109.6420	0.2060	-0.3940	0.0000	0.1214	0.0786	0.0810	0.0180
145.0000	1.0000	3.0000	0.0000	110.1740	0.0000	0.0000	0.0000	-0.0380	-0.0380	9.8310	1.7320	2.4840	110.1740	0.1900	-0.3570	0.0000	0.1207	0.0793	-0.0380	-0.0380
146.0000	1.0000	3.0000	0.0000	110.7070	0.0000	0.0000	0.0000	0.0050	0.0160	9.8830	1.7320	2.4840	110.7070	0.1970	-0.3630	0.0000	0.1200	0.0800	0.0050	0.0160
147.0000	1.0000	3.0000	0.0000	111.1360	0.0000	0.0000	0.0000	0.0690	0.0100	9.8330	1.7320	2.4840	111.1360	0.2150	-0.3140	0.0000	0.1195	0.0805	0.0690	0.0100
148.0000	1.0000	3.0000	0.0000	111.5450	0.0000	0.0000	0.0000	-0.0440	-0.0300	9.9000	1.7320	2.4840	111.5450	0.1020	-0.3280	0.0000	0.1189	0.0811	-0.0440	-0.0300
149.0000	1.0000	3.0000	0.0000	111.9910	0.0000	0.0000	0.0000	-0.0880	-0.1000	9.8180	1.6760	2.6280	111.9910	0.0710	-0.2280	0.0000	0.1184	0.0816	-0.0880	-0.1000
150.0000	1.0000	3.0000	0.0000	112.3970	0.0000	0.0000	0.0000	-0.0250	0.0190	9.8530	1.6760	2.6280	112.3970	-0.0140	-0.2450	0.0000	0.1178	0.0822	-0.0250	0.0190
151.0000	1.0000	3.0000	0.0000	112.7720	0.0000	0.0000	0.0000	0.0540	0.0580	9.7850	1.6760	2.6280	112.7720	-0.0120	-0.2270	0.0000	0.1174	0.0826	0.0540	0.0580
152.0000	1.0000	3.0000	0.0000	113.1400	0.0000	0.0000	0.0000	0.1890	0.0800	9.8050	1.6760	2.6280	113.1400	-0.0110	-0.2210	0.0000	0.1169	0.0831	0.1890	0.0800
153.0000	1.0000	3.0000	0.0000	113.4490	0.0000	0.0000	0.0000	0.0050	0.0650	9.8430	1.6760	2.6280	113.4490	0.0300	-0.3500	0.0000	0.1165	0.0835	0.0050	0.0650
154.0000	1.0000	3.0000	0.0000	113.8470	0.0000	0.0000	0.0000	-0.0090	0.1010	9.8830	1.6760	2.6280	113.8470	0.0340	-0.3650	0.0000	0.1160	0.0840	-0.0090	0.1010
155.0000	1.0000	3.0000	0.0000	114.2500	0.0000	0.0000	0.0000	0.0550	-0.0300	9.8060	1.6760	2.6280	114.2500	0.1070	-0.4210	0.0000	0.1155	0.0845	0.0550	-0.0300
156.0000	1.0000	3.0000	0.0000	114.4060	0.0000	0.0000	0.0000	0.1060	0.0150	9.8560	1.6760	2.6280	114.4060	0.1160	-0.4100	0.0000	0.1153	0.0847	0.1060	0.0150
157.0000	1.0000	3.0000	0.0000	114.6460	0.0000	0.0000	0.0000	-0.0150	0.0110	9.8590	1.6760	2.6280	114.6460	0.0920	-0.4390	0.0000	0.1149	0.0851	-0.0150	0.0110
158.0000	1.0000	3.0000	0.0000	114.8250	0.0000	0.0000	0.0000	-0.0100	-0.0170	9.8360	1.6760	2.6280	114.8250	0.1270	-0.4580	0.0000	0.1147	0.0853	-0.0100	-0.0170
159.0000	1.0000	3.0000	0.0000	115.0930	0.0000	0.0000	0.0000	0.0850	0.0470	9.7970	1.6760	2.6280	115.0930	0.1380	-0.4850	0.0000	0.1144	0.0856	0.0850	0.0470
160.0000	1.0000	3.0000	0.0000	115.2880	0.0000	0.0000	0.0000	0.0490	-0.0610	9.8310	1.4930	2.9650	115.2880	0.1820	-0.4770	0.0000	0.1141	0.0859	0.0490	-0.0610
161.0000	1.0000	3.0000	0.0000	115.6100	0.0000	0.0000	0.0000	0.0740	-0.0200	9.8440	1.4930	2.9650	115.6100	0.1780	-0.5280	0.0000	0.1137	0.0863	0.0740	-0.0200
162.0000	1.0000	3.0000	0.0000	115.9190	0.0000	0.0000	0.0000	0.0630	0.0590	9.7730	1.4930	2.9650	115.9190	0.1830	-0.5660	0.0000	0.1133	0.0867	0.0630	0.0590
163.0000	1.0000	3.0000	0.0000	116.1180	0.0000	0.0000	0.0000	0.0460	0.0530	9.8670	1.4930	2.9650	116.1180	0.2110	-0.5730	0.0000	0.1130	0.0870	0.0460	0.0530
164.0000	1.0000	3.0000	0.0000	116.4490	0.0000	0.0000	0.0000	0.0120	0.0870	9.8640	1.4930	2.9650	116.4490	0.2230	-0.6050	0.0000	0.1126	0.0874	0.0120	0.0870
165.0000	1.0000	3.0000	0.0000	116.5590	0.0000	0.0000	0.0000	0.1060	0.0600	9.7970	1.4930	2.9650	116.5590	0.2060	-0.5840	0.0000	0.1125	0.0875	0.1060	0.0600
166.0000	1.0000	3.0000	0.0000	116.7000	0.0000	0.0000	0.0000	0.0760	-0.0050	9.7970	1.4930	2.9650	116.7000	0.1920	-0.5790	0.0000	0.1123	0.0877	0.0760	-0.0050
167.0000	1.0000	3.0000	0.0000	116.8620	0.0000	0.0000	0.0000	0.1000	-0.0330	9.8630	1.4930	2.9650	116.8620	0.2320	-0.5700	0.0000	0.1121	0.0879	0.1000	-0.0330
168.0000	1.0000	3.0000	0.0000	117.1800	0.0000	0.0000	0.0000	0.1760	-0.0140	9.8450	1.4930	2.9650	117.1800	0.2060	-0.5610	0.0000	0.1117	0.0883	0.1760	-0.0140
169.0000	1.0000	3.0000	0.0000	117.3510	0.0000	0.0000	0.0000	-0.0220	-0.0200	9.8010	1.4930	2.9650	117.3510	0.1860	-0.4990	0.0000	0.1114	0.0886	-0.0220	-0.0200
170.0000	1.0000	3.0000	0.0000	117.5570	0.0000	0.0000	0.0000	0.0460	0.0240	9.8300	1.5010	2.8190	117.5570	0.1850	-0.5180	0.0000	0.1112	0.0888	0.0460	0.0240
171.0000	1.0000	3.0000	0.0000	117.7570	0.0000	0.0000	0.0000	0.0650	0.0220	9.8590	1.5010	2.8190	117.7570	0.2490	-0.5110	0.0000	0.1109	0.0891	0.0650	0.0220
172.0000	1.0000	3.0000	0.0000	118.0640	0.0000	0.0000	0.0000	0.1350	0.1260	9.8030	1.5010	2.8190	118.0640	0.1850	-0.4740	0.0000	0.1105	0.0895	0.1350	0.1260
173.0000	1.0000	3.0000	0.0000	118.2930	0.0000	0.0000	0.0000	0.1160	0.0340	9.7570	1.5010	2.8190	118.2930	0.1790	-0.5260	0.0000	0.1102	0.0898	0.1160	0.0340
174.0000	1.0000	3.0000	0.0000	118.5790	0.0000	0.0000	0.0000	0.2100	-0.0050	9.8190	1.5010	2.8190	118.5790	0.1760	-0.4800	0.0000	0.1098	0.0902	0.2100	-0.0050
175.0000	1.0000	3.0000	0.0000	118.8480	0.0000	0.0000	0.0000	0.0140	0.1690	9.8250	1.5010	2.8190	118.8480	0.1660	-0.4720	0.0000	0.1095	0.0905	0.0140	0.1690
176.0000	1.0000	3.0000	0.0000	118.9580	0.0000	0.0000	0.0000	0.0310	0.1500	9.8270	1.5010	2.8190	118.9580	0.0660	-0.4740	0.0000	0.1093	0.0907	0.0310	0.1500
177.0000	1.0000	3.0000	0.0000	119.1550	0.0000	0.0000	0.0000	0.0760	0.1110	9.8230	1.5010	2.8190	119.1550	0.1010	-0.4530	0.0000	0.1091	0.0909	0.0760	0.1110
178.0000	1.0000	3.0000	0.0000	119.3610	0.0000	0.0000	0.0000	0.0370	-0.0160	9.8520	1.5010	2.8190	119.3610	0.0940	-0.4290	0.0000	0.1088	0.0912	0.0370	-0.0160
179.0000	1.0000	3.0000	0.0000	119.4820	0.0000	0.0000	0.0000	-0.0660	0.0530	9.9540	1.5590	2.8720	119.4820	0.0680	-0.3920	0.0000	0.1087	0.0913	-0.0660	0.0530
180.0000	1.0000	3.0000	0.0000	119.4730	0.0000	0.0000	0.0000	0.0500	-0.0230	9.7980	1.5590	2.8720	119.4730	0.1370	-0.3940	0.0000	0.1087	0.0913	0.0500	-0.0230
181.0000	1.0000	3.0000	0.0000	119.5880	0.0000	0.0000	0.0000	0.1070	-0.0290	9.8200	1.5590	2.8720	119.5880	0.1700	-0.3730	0.0000	0.1085	0.0915	0.1070	-0.0290
182.0000	1.0000	2.9995	0.0000	119.7870	0.0000	0.0000	0.0000	-0.0230	0.1050	9.8280	1.5590	2.8720	119.7870	0.1420	-0.4400	0.0000	0.1082	0.0918	-0.0230	0.1050
183.0000	1.0000	2.9985	0.0000	119.9930	0.0000	0.0000	0.0000	0.0020	0.0580	9.8440	1.5590	2.8720	119.9930	0.1450	-0.4340	0.0000	0.1080	0.0920	0.0020	0.0580
184.0000	1.0000	2.9966	0.0000	120.0540	0.0000	0.0000	0.0000	0.0690	0.0620	9.8290	1.5590	2.8720	120.0540	0.1190	-0.4740	0.0000	0.1078	0.0922	0.0690	0.0620
185.0000	1.0000	2.9953	0.0000	120.1780	0.0000	0.0000	0.0000	-0.0170	-0.0560	9.8220	1.5590	2.8720	120.1780	0.1350	-0.4760	0.0000	0.1076	0.0924	-0.0170	-0.0560
186.0000	1.0000	2.9932	0.0000	120.3130	0.0000	0.0000	0.0000	0.1530	0.0010	9.8100	1.5590	2.8720	120.3130	0.1340	-0.4550	0.0000	0.1074	0.0926	0.1530	0.0010
187.0000	1.0000	2.9908	0.0000	120.4260	0.0000	0.0000	0.0000	0.0960	-0.0110	9.8230	1.5590	2.8720	120.4260	0.1520	-0.4480	0.0000	0.1072	0.0928	0.0960	-0.0110
188.0000	1.0000	2.9882	0.0000	120.4450	0.0000	0.0000	0.0000	0.0890	-0.0420	9.8390	1.5590	2.8720	120.4450	0.1290	-0.4680	0.0000	0.1072	0.0928	0.0890	-0.0420
189.0000	1.0000	2.9847	0.0000	120.6320	0.0000	0.0000	0.0000	0.0430	0.0800	9.7970	1.5590	2.8720	120.6320	0.0970	-0.4170	0.0000	0.1068	0.0932	0.0430	0.0800
190.0000	1.0000	2.9804	0.0000	120.5910	0.0000	0.0000	0.0000	0.0890	0.0460	9.8380	1.5590	2.8720	120.5910	0.0900	-0.4310	0.0000	0.1068	0.0932	0.0890	0.0460
191.0000	1.0000	2.9773	0.0000	120.6050	0.0000	0.0000	0.0000	0.0010	-0.1440	9.7980	1.5590	2.8720	120.6050	0.0690	-0.3420	0.0000	0.1067	0.0933	0.0010	-0.1440
192.0000	1.0000	2.9746	0.0000	120.6170	0.0000	0.0000	0.0000	0.0840	-0.0970	9.7880	1.5590	2.8720	120.6170	0.0400	-0.1960	0.0000	0.1067	0.0933	0.0840	-0.0970
193.0000	1.0000	2.9719	0.0000	120.6810	0.0000	0.0000	0.0000	0.0840	-0.0410	9.8210	1.5590	2.8720	120.6810	-0.0060	-0.2260	0.0000	0.1065	0.0935	0.0840	-0.0410
194.0000	1.0000	2.9671	0.0000	120.8010	0.0000	0.0000	0.0000	-0.0340	0.2520	9.8400	1.5590	2.8720	120.8010	-0.0200	-0.1080	0.0000	0.1063	0.0937	-0.0340	0.2520
195.0000	1.0000	2.9619	0.0000	120.8690	0.0000	0.0000	0.0000	-0.1650	0.1540	9.8340	1.5590	2.8720	120.8690	0.3270	0.2610	0.0000	0.1061	0.0939	-0.1650	0.1540
196.0000	1.0000	2.9560	0.0000	120.9840	0.0000	0.0000	0.0000	-0.0230	0.0880	9.7980	1.5590	2.8720	120.9840	0.4290	0.3860	0.0000	0.1058	0.0942	-0.0230	0.0880
197.0000	1.0000	2.9512	0.0000	120.9930	0.0000	0.0000	0.0000	-0.1740	-0.0190	9.8280	1.5590	2.8720	120.9930	0.2790	0.2930	0.0000	0.1057	0.0943	-0.1740	-0.0190
198.0000	1.0000	2.9465	0.0000	120.9170	0.0000	0.0000	0.0000	-0.0530	0.0200	9.7810	1.5590	2.8720	120.9170	0.2860	0.2800	0.0000	0.1057	0.0943	-0.0530	0.0200
199.0000	1.0000	2.9442	0.0000	120.0030	0.0000	0.0000	0.0000	-0.2140	-0.1470	9.6760	1.5590	2.8720	120.0030	-0.2770	0.1360	0.0000	0.1068	0.0932	-0.2140	-0.1470
count	X_sig	Px_est	Py_est	psi_est	biasax	biasay	biaswz	Uax	Uay	wz	LSx	LSy	psi_comp	roll	pitch	Pz	speed_right	speed_left	ax	ay
0.0000	1.0000	1.4549	1.3274	0.2450	0.0000	0.0000	0.0000	-0.0140	-0.0580	9.7890	1.4550	1.3280	0.2450	-0.2750	0.0520	0.0000	0.1709	0.0291	-0.0140	-0.0580
1.0000	1.0000	1.4547	1.3269	0.8760	0.0000	0.0000	0.0000	-0.0060	0.0070	9.7870	1.4550	1.3280	0.8760	-0.4300	0.0040	0.0000	0.1702	0.0298	-0.0060	0.0070
2.0000	1.0000	1.4625	1.3274	1.5460	0.0000	0.0000	0.0000	0.8030	0.0830	9.7400	1.4550	1.3280	1.5460	-0.0730	-0.6030	0.0000	0.1698	0.0302	0.8030	0.0830
3.0000	1.0000	1.4725	1.3293	3.0500	0.0000	0.0000	0.0000	0.2260	0.1170	9.7870	1.4550	1.3280	3.0500	-0.2710	-1.0140	0.0000	0.1686	0.0314	0.2260	0.1170
4.0000	1.0000	1.4831	1.3323	4.5170	0.0000	0.0000	0.0000	0.0700	0.1180	9.8540	1.4550	1.3280	4.5170	-0.2360	-0.9110	0.0000	0.1675	0.0325	0.0700	0.1180
5.0000	1.0000	1.4926	1.3351	6.1210	0.0000	0.0000	0.0000	-0.1090	-0.0190	9.7890	1.4550	1.3280	6.1210	-0.1920	-0.7020	0.0000	0.1661	0.0339	-0.1090	-0.0190
6.0000	1.0000	1.5023	1.3377	7.5850	0.0000	0.0000	0.0000	0.0120	-0.0110	9.7060	1.4550	1.3280	7.5850	-0.2220	-0.7320	0.0000	0.1649	0.0351	0.0120	-0.0110
7.0000	1.0000	1.5112	1.3403	7.5850	0.0000	0.0000	0.0000	-0.0750	0.0000	9.7060	1.4550	1.3280	7.5850	-0.2220	-0.7320	0.0000	0.1652	0.0348	-0.0750	0.0000
8.0000	1.0000	1.5199	1.3420	10.3330	0.0000	0.0000	0.0000	-0.0390	-0.0800	9.8080	1.4550	1.3280	10.3330	-0.3420	-0.4130	0.0000	0.1626	0.0374	-0.0390	-0.0800
9.0000	1.0000	1.5265	1.3421	11.5970	0.0000	0.0000	0.0000	-0.2360	-0.1160	9.7470	1.4550	1.3280	11.5970	-0.3230	-0.4270	0.0000	0.1616	0.0384	-0.2360	-0.1160
10.0000	1.0000	1.5335	1.3411	12.8190	0.0000	0.0000	0.0000	0.0110	-0.1070	9.8000	1.4550	1.3280	12.8190	-0.4180	-0.3120	0.0000	0.1606	0.0394	0.0110	-0.1070
11.0000	1.0000	1.5379	1.3403	14.0160	0.0000	0.0000	0.0000	-0.2460	0.0750	9.7870	1.4210	1.4910	14.0160	-0.3270	-0.1870	0.0000	0.1595	0.0405	-0.2460	0.0750
12.0000	1.0000	1.5413	1.3353	14.9010	0.0000	0.0000	0.0000	-0.2010	-0.3820	9.8260	1.4210	1.4910	14.9010	-0.1690	-0.0370	0.0000	0.1588	0.0412	-0.2010	-0.3820
13.0000	1.0000	1.5455	1.3293	16.1000	0.0000	0.0000	0.0000	0.0460	-0.1170	9.7880	1.4210	1.4910	16.1000	-0.3180	0.0890	0.0000	0.1578	0.0422	0.0460	-0.1170
14.0000	1.0000	1.5484	1.3228	17.1690	0.0000	0.0000	0.0000	-0.1430	-0.0170	9.8170	1.4210	1.4910	17.1690	-0.3140	0.0380	0.0000	0.1569	0.0431	-0.1430	-0.0170
15.0000	1.0000	1.5515	1.3151	18.3300	0.0000	0.0000	0.0000	-0.0150	-0.1070	9.8320	1.4210	1.4910	18.3300	-0.3740	0.0360	0.0000	0.1559	0.0441	-0.0150	-0.1070
16.0000	1.0000	1.5540	1.3069	19.4550	0.0000	0.0000	0.0000	-0.0680	-0.0340	9.8190	1.4210	1.4910	19.4550	-0.3390	0.0440	0.0000	0.1549	0.0451	-0.0680	-0.0340
17.0000	1.0000	1.5576	1.2981	20.6060	0.0000	0.0000	0.0000	0.0710	-0.0960	9.7400	1.4210	1.4910	20.6060	-0.4340	0.0850	0.0000	0.1540	0.0460	0.0710	-0.0960
18.0000	1.0000	1.5614	1.2883	21.7090	0.0000	0.0000	0.0000	-0.0030	-0.0930	9.8160	1.4210	1.4910	21.7090	-0.4590	0.0100	0.0000	0.1532	0.0468	-0.0030	-0.0930
19.0000	1.0000	1.5657	1.2776	22.8300	0.0000	0.0000	0.0000	0.0040	-0.1110	9.7960	1.4210	1.4910	22.8300	-0.3830	0.0900	0.0000	0.1523	0.0477	0.0040	-0.1110
20.0000	1.0000	1.5701	1.2667	23.8900	0.0000	0.0000	0.0000	-0.0010	-0.0150	9.7900	1.4210	1.4910	23.8900	-0.3540	0.0600	0.0000	0.1516	0.0484	-0.0010	-0.0150
21.0000	1.0000	1.5742	1.2564	25.0100	0.0000	0.0000	0.0000	-0.0040	0.0630	9.8080	1.4840	1.5440	25.0100	-0.3600	0.0470	0.0000	0.1507	0.0493	-0.0040	0.0630
22.0000	1.0000	1.5771	1.2454	25.9750	0.0000	0.0000	0.0000	-0.1360	-0.0170	9.7830	1.4840	1.5440	25.9750	-0.2890	-0.0530	0.0000	0.1499	0.0501	-0.1360	-0.0170
23.0000	1.0000	1.5802	1.2333	27.1180	0.0000	0.0000	0.0000	-0.0340	-0.0930	9.7870	1.4840	1.5440	27.1180	-0.2900	-0.0480	0.0000	0.1490	0.0510	-0.0340	-0.0930
24.0000	1.0000	1.5834	1.2215	28.2900	0.0000	0.0000	0.0000	0.0220	0.0140	9.7170	1.4840	1.5440	28.2900	-0.3490	0.0400	0.0000	0.1480	0.0520	0.0220	0.0140
25.0000	1.0000	1.5868	1.2092	29.3670	0.0000	0.0000	0.0000	-0.0030	-0.0560	9.7530	1.4840	1.5440	29.3670	-0.3400	-0.0130	0.0000	0.1472	0.0528	-0.0030	-0.0560
26.0000	1.0000	1.5891	1.1994	30.3720	0.0000	0.0000	0.0000	0.0290	0.2800	9.7230	1.4840	1.5440	30.3720	-0.3830	0.0230	0.0000	0.1463	0.0537	0.0290	0.2800
27.0000	1.0000	1.5912	1.1868	31.4150	0.0000	0.0000	0.0000	-0.1630	-0.2370	9.8560	1.4840	1.5440	31.4150	-0.4200	0.0420	0.0000	0.1454	0.0546	-0.1630	-0.2370
28.0000	1.0000	1.5932	1.1747	32.3470	0.0000	0.0000	0.0000	0.0210	0.0470	9.8160	1.4840	1.5440	32.3470	-0.4390	0.0590	0.0000	0.1447	0.0553	0.0210	0.0470
29.0000	1.0000	1.5960	1.1623	33.2370	0.0000	0.0000	0.0000	0.0520	-0.0620	9.7970	1.4840	1.5440	33.2370	-0.3780	-0.0200	0.0000	0.1440	0.0560	0.0520	-0.0620
30.0000	1.0000	1.5977	1.1504	34.0750	0.0000	0.0000	0.0000	-0.0640	0.1030	9.7480	1.4840	1.5440	34.0750	-0.4080	-0.0930	0.0000	0.1433	0.0567	-0.0640	0.1030
31.0000	1.0000	1.5994	1.1384	34.8810	0.0000	0.0000	0.0000	-0.0160	-0.0130	9.8040	1.5870	1.5850	34.8810	-0.3770	-0.0460	0.0000	0.1426	0.0574	-0.0160	-0.0130
32.0000	1.0000	1.6010	1.1256	35.7340	0.0000	0.0000	0.0000	-0.0410	-0.0590	9.7540	1.5870	1.5850	35.7340	-0.3880	-0.0430	0.0000	0.1419	0.0581	-0.0410	-0.0590
33.0000	1.0000	1.6036	1.1127	36.6500	0.0000	0.0000	0.0000	0.0640	-0.0590	9.8440	1.5870	1.5850	36.6500	-0.4290	0.0110	0.0000	0.1411	0.0589	0.0640	-0.0590
34.0000	1.0000	1.6063	1.0979	37.4640	0.0000	0.0000	0.0000	-0.1000	-0.1690	9.7750	1.5870	1.5850	37.4640	-0.3920	0.0310	0.0000	0.1406	0.0594	-0.1000	-0.1690
35.0000	1.0000	1.6092	1.0825	38.2750	0.0000	0.0000	0.0000	-0.0270	-0.0600	9.7940	1.5870	1.5850	38.2750	-0.3740	0.0710	0.0000	0.1400	0.0600	-0.0270	-0.0600
36.0000	1.0000	1.6121	1.0661	39.0470	0.0000	0.0000	0.0000	-0.0660	-0.0690	9.8110	1.5870	1.5850	39.0470	-0.4050	0.1230	0.0000	0.1394	0.0606	-0.0660	-0.0690
37.0000	1.0000	1.6154	1.0499	39.8920	0.0000	0.0000	0.0000	0.0540	-0.0170	9.7800	1.5870	1.5850	39.8920	-0.4330	0.1250	0.0000	0.1388	0.0612	0.0540	-0.0170
38.0000	1.0000	1.6185	1.0335	40.7450	0.0000	0.0000	0.0000	-0.0310	0.0020	9.8190	1.5870	1.5850	40.7450	-0.4100	0.1720	0.0000	0.1382	0.0618	-0.0310	0.0020
39.0000	1.0000	1.6200	1.0178	41.6400	0.0000	0.0000	0.0000	-0.0840	0.1610	9.7490	1.5870	1.5850	41.6400	-0.4080	0.1710	0.0000	0.1374	0.0626	-0.0840	0.1610
40.0000	1.0000	1.6220	1.0023	42.4930	0.0000	0.0000	0.0000	0.0640	-0.0150	9.7520	1.5870	1.5850	42.4930	-0.3910	0.2340	0.0000	0.1367	0.0633	0.0640	-0.0150
41.0000	1.0000	1.6254	0.9846	43.3220	0.0000	0.0000	0.0000	-0.0570	-0.2670	9.7000	1.6800	1.6360	43.3220	-0.3760	0.1110	0.0000	0.1361	0.0639	-0.0570	-0.2670
42.0000	1.0000	1.6299	0.9662	44.0930	0.0000	0.0000	0.0000	0.0320	-0.1230	9.8050	1.6800	1.6360	44.0930	-0.4080	0.1240	0.0000	0.1356	0.0644	0.0320	-0.1230
43.0000	1.0000	1.6347	0.9460	44.9840	0.0000	0.0000	0.0000	-0.0990	-0.1500	9.7640	1.6800	1.6360	44.9840	-0.3670	0.1230	0.0000	0.1350	0.0650	-0.0990	-0.1500
44.0000	1.0000	1.6390	0.9245	45.8230	0.0000	0.0000	0.0000	-0.1310	-0.0530	9.8170	1.6800	1.6360	45.8230	-0.2850	0.1530	0.0000	0.1345	0.0655	-0.1310	-0.0530
45.0000	1.0000	1.6426	0.9019	46.6230	0.0000	0.0000	0.0000	-0.1370	-0.0280	9.9440	1.6800	1.6360	46.6230	-0.2600	0.1420	0.0000	0.1340	0.0660	-0.1370	-0.0280
46.0000	1.0000	1.6459	0.8784	47.4500	0.0000	0.0000	0.0000	-0.0760	-0.0310	9.7850	1.6800	1.6360	47.4500	-0.2170	0.1590	0.0000	0.1334	0.0666	-0.0760	-0.0310
47.0000	1.0000	1.6487	0.8546	48.3090	0.0000	0.0000	0.0000	-0.0650	0.0100	9.7580	1.6800	1.6360	48.3090	-0.2210	0.2360	0.0000	0.1327	0.0673	-0.0650	0.0100
48.0000	1.0000	1.6509	0.8300	49.0780	0.0000	0.0000	0.0000	-0.0880	-0.0040	9.8200	1.6800	1.6360	49.0780	-0.1820	0.2420	0.0000	0.1322	0.0678	-0.0880	-0.0040
49.0000	1.0000	1.6508	0.8046	49.8870	0.0000	0.0000	0.0000	-0.2200	0.1290	9.9400	1.6800	1.6360	49.8870	-0.0990	0.1530	0.0000	0.1314	0.0686	-0.2200	0.1290
50.0000	1.0000	1.6489	0.7788	50.6980	0.0000	0.0000	0.0000	-0.1460	0.1070	9.7390	1.7680	1.7010	50.6980	-0.1670	0.2450	0.0000	0.1307	0.0693	-0.1460	0.1070
51.0000	1.0000	1.6455	0.7525	51.3360	0.0000	0.0000	0.0000	-0.1250	0.0920	9.7920	1.7680	1.7010	51.3360	-0.2360	0.2910	0.0000	0.1300	0.0700	-0.1250	0.0920
52.0000	1.0000	1.6436	0.7242	51.9980	0.0000	0.0000	0.0000	-0.0700	-0.2540	9.7620	1.7680	1.7010	51.9980	-0.2820	0.2820	0.0000	0.1294	0.0706	-0.0700	-0.2540
53.0000	1.0000	1.6420	0.6932	52.5520	0.0000	0.0000	0.0000	-0.1980	-0.1780	9.7710	1.7680	1.7010	52.5520	-0.3700	0.2660	0.0000	0.1290	0.0710	-0.1980	-0.1780
54.0000	1.0000	1.6408	0.6605	53.1860	0.0000	0.0000	0.0000	-0.1070	-0.1320	9.7620	1.7680	1.7010	53.1860	-0.3050	0.2360	0.0000	0.1285	0.0715	-0.1070	-0.1320
55.0000	1.0000	1.6397	0.6280	53.7220	0.0000	0.0000	0.0000	0.0240	0.0030	9.8260	1.7680	1.7010	53.7220	-0.3300	0.2730	0.0000	0.1281	0.0719	0.0240	0.0030
56.0000	1.0000	1.6387	0.5941	54.4300	0.0000	0.0000	0.0000	-0.1160	-0.0950	9.7810	1.7680	1.7010	54.4300	-0.3370	0.2530	0.0000	0.1275	0.0725	-0.1160	-0.0950
57.0000	1.0000	1.6376	0.5594	54.9530	0.0000	0.0000	0.0000	-0.0590	-0.0380	9.8140	1.7680	1.7010	54.9530	-0.3400	0.1950	0.0000	0.1271	0.0729	-0.0590	-0.0380
58.0000	1.0000	1.6373	0.5212	55.6530	0.0000	0.0000	0.0000	-0.2570	-0.2600	9.8470	1.7680	1.7010	55.6530	-0.3220	0.1190	0.0000	0.1266	0.0734	-0.2570	-0.2600
59.0000	1.0000	1.6381	0.4818	56.2440	0.0000	0.0000	0.0000	-0.0360	-0.1630	9.7800	1.7680	1.7010	56.2440	-0.3620	0.1320	0.0000	0.1262	0.0738	-0.0360	-0.1630
60.0000	1.0000	1.6392	0.4416	56.7340	0.0000	0.0000	0.0000	-0.0420	-0.0600	9.8010	1.8140	1.7550	56.7340	-0.4090	0.0840	0.0000	0.1260	0.0740	-0.0420	-0.0600
61.0000	1.0000	1.6411	0.4007	57.3310	0.0000	0.0000	0.0000	-0.0230	-0.1110	9.8600	1.8140	1.7550	57.3310	-0.3770	0.1180	0.0000	0.1256	0.0744	-0.0230	-0.1110
62.0000	1.0000	1.6432	0.3578	57.9380	0.0000	0.0000	0.0000	-0.1570	-0.1190	9.7500	1.8140	1.7550	57.9380	-0.3010	0.1010	0.0000	0.1252	0.0748	-0.1570	-0.1190
63.0000	1.0000	1.6459	0.3146	58.4690	0.0000	0.0000	0.0000	0.0060	-0.0740	9.8370	1.8140	1.7550	58.4690	-0.3010	0.1580	0.0000	0.1250	0.0750	0.0060	-0.0740
64.0000	1.0000	1.6488	0.2702	59.1070	0.0000	0.0000	0.0000	-0.0940	-0.0720	9.7820	1.8140	1.7550	59.1070	-0.2940	0.1330	0.0000	0.1246	0.0754	-0.0940	-0.0720
65.0000	1.0000	1.6518	0.2246	59.6110	0.0000	0.0000	0.0000	-0.0970	-0.0740	9.7800	1.8140	1.7550	59.6110	-0.2730	0.2010	0.0000	0.1243	0.0757	-0.0970	-0.0740
66.0000	1.0000	1.6543	0.1788	60.2080	0.0000	0.0000	0.0000	-0.0490	0.0420	9.7590	1.8140	1.7550	60.2080	-0.2860	0.1990	0.0000	0.1239	0.0761	-0.0490	0.0420
67.0000	1.0000	1.6562	0.1332	60.7220	0.0000	0.0000	0.0000	-0.0080	0.0530	9.7750	1.8140	1.7550	60.7220	-0.3250	0.2320	0.0000	0.1236	0.0764	-0.0080	0.0530
68.0000	1.0000	1.6578	0.0881	61.3690	0.0000	0.0000	0.0000	0.0350	0.0500	9.8070	1.8140	1.7550	61.3690	-0.2790	0.2650	0.0000	0.1231	0.0769	0.0350	0.0500
69.0000	1.0000	1.6590	0.0426	61.9930	0.0000	0.0000	0.0000	-0.0540	0.0190	9.7950	1.8140	1.7550	61.9930	-0.3070	0.2770	0.0000	0.1226	0.0774	-0.0540	0.0190
70.0000	1.0000	1.6606	0.0000	62.6140	0.0000	0.0000	0.0000	-0.0450	-0.0600	9.7650	1.8140	1.7550	62.6140	-0.3050	0.2890	0.0000	0.1221	0.0779	-0.0450	-0.0600
71.0000	1.0000	1.6622	0.0000	63.1010	0.0000	0.0000	0.0000	-0.1020	-0.0560	9.7780	1.8340	1.8230	63.1010	-0.3430	0.3490	0.0000	0.1215	0.0785	-0.1020	-0.0560
72.0000	1.0000	1.6623	0.0000	63.6620	0.0000	0.0000	0.0000	0.0350	0.1790	9.6450	1.8340	1.8230	63.6620	-0.3260	0.4210	0.0000	0.1208	0.0792	0.0350	0.1790
73.0000	1.0000	1.6625	0.0000	64.2570	0.0000	0.0000	0.0000	0.0300	0.0090	9.7980	1.8340	1.8230	64.2570	-0.2890	0.4160	0.0000	0.1201	0.0799	0.0300	0.0090
74.0000	1.0000	1.6625	0.0000	64.7480	0.0000	0.0000	0.0000	0.0530	0.0450	9.6980	1.8340	1.8230	64.7480	-0.3230	0.4540	0.0000	0.1194	0.0806	0.0530	0.0450
75.0000	1.0000	1.6631	0.0000	65.1470	0.0000	0.0000	0.0000	-0.0110	-0.0690	9.8530	1.8340	1.8230	65.1470	-0.2750	0.5070	0.0000	0.1189	0.0811	-0.0110	-0.0690
76.0000	1.0000	1.6630	0.0000	65.5630	0.0000	0.0000	0.0000	-0.2600	-0.0460	9.7770	1.8340	1.8230	65.5630	-0.2920	0.5390	0.0000	0.1184	0.0816	-0.2600	-0.0460
77.0000	1.0000	1.6627	0.0000	66.0160	0.0000	0.0000	0.0000	-0.1510	-0.0440	9.8060	1.8340	1.8230	66.0160	-0.2550	0.5990	0.0000	0.1178	0.0822	-0.1510	-0.0440
78.0000	1.0000	1.6618	0.0000	66.3460	0.0000	0.0000	0.0000	-0.0320	0.0560	9.7550	1.8340	1.8230	66.3460	-0.2390	0.5820	0.0000	0.1173	0.0827	-0.0320	0.0560
79.0000	1.0000	1.6609	0.0000	66.7050	0.0000	0.0000	0.0000	-0.0170	-0.0100	9.8020	1.8340	1.8230	66.7050	-0.2070	0.6350	0.0000	0.1169	0.0831	-0.0170	-0.0100
80.0000	1.0000	1.6599	0.0000	67.0760	0.0000	0.0000	0.0000	-0.1570	-0.0480	9.8540	1.8750	1.9150	67.0760	-0.1580	0.5290	0.0000	0.1163	0.0837	-0.1570	-0.0480
81.0000	1.0000	1.6588	0.0000	67.4260	0.0000	0.0000	0.0000	-0.0830	-0.0380	9.7850	1.8750	1.9150	67.4260	-0.1180	0.5350	0.0000	0.1159	0.0841	-0.0830	-0.0380
82.0000	1.0000	1.6577	0.0000	67.8020	0.0000	0.0000	0.0000	-0.1100	-0.0350	9.7840	1.8750	1.9150	67.8020	-0.1900	0.5720	0.0000	0.1153	0.0847	-0.1100	-0.0350
83.0000	1.0000	1.6571	0.0000	68.1050	0.0000	0.0000	0.0000	-0.1780	-0.1280	9.7910	1.8750	1.9150	68.1050	-0.1670	0.4970	0.0000	0.1149	0.0851	-0.1780	-0.1280
84.0000	1.0000	1.6557	0.0000	68.4270	0.0000	0.0000	0.0000	-0.0930	0.0510	9.7720	1.8750	1.9150	68.4270	-0.1520	0.5470	0.0000	0.1145	0.0855	-0.0930	0.0510
85.0000	1.0000	1.6544	0.0000	68.7180	0.0000	0.0000	0.0000	-0.0410	-0.0310	9.7530	1.8750	1.9150	68.7180	-0.1200	0.5420	0.0000	0.1140	0.0860	-0.0410	-0.0310
86.0000	1.0000	1.6539	0.0000	68.8220	0.0000	0.0000	0.0000	-0.0330	-0.1010	9.8130	1.8750	1.9150	68.8220	-0.0890	0.5010	0.0000	0.1139	0.0861	-0.0330	-0.1010
87.0000	1.0000	1.6532	0.0000	69.0400	0.0000	0.0000	0.0000	0.0000	0.0270	9.7770	1.8750	1.9150	69.0400	-0.0760	0.4670	0.0000	0.1136	0.0864	0.0000	0.0270
88.0000	1.0000	1.6516	0.0000	69.3110	0.0000	0.0000	0.0000	-0.0730	0.0690	9.7930	1.8750	1.9150	69.3110	-0.1360	0.5100	0.0000	0.1132	0.0868	-0.0730	0.0690
89.0000	1.0000	1.6482	0.0000	69.6630	0.0000	0.0000	0.0000	-0.1750	0.1230	9.8310	1.8750	1.9150	69.6630	-0.1180	0.5050	0.0000	0.1126	0.0874	-0.1750	0.1230
90.0000	1.0000	1.6440	0.0000	69.8460	0.0000	0.0000	0.0000	-0.1110	0.0530	9.8420	2.3240	2.0700	69.8460	-0.1050	0.5020	0.0000	0.1123	0.0877	-0.1110	0.0530
91.0000	1.0000	1.6396	0.0000	70.0710	0.0000	0.0000	0.0000	-0.0590	-0.0080	9.7980	2.3240	2.0700	70.0710	-0.1410	0.5710	0.0000	0.1118	0.0882	-0.0590	-0.0080
92.0000	1.0000	1.6348	0.0000	70.3450	0.0000	0.0000	0.0000	-0.0490	0.0240	9.7590	2.3240	2.0700	70.3450	-0.1760	0.6560	0.0000	0.1113	0.0887	-0.0490	0.0240
93.0000	1.0000	1.6294	0.0000	70.7630	0.0000	0.0000	0.0000	-0.1000	0.0360	9.8380	2.3240	2.0700	70.7630	-0.1570	0.6440	0.0000	0.1106	0.0894	-0.1000	0.0360
94.0000	1.0000	1.6244	0.0000	70.9210	0.0000	0.0000	0.0000	-0.2280	-0.1320	9.7850	2.3240	2.0700	70.9210	-0.1780	0.6590	0.0000	0.1103	0.0897	-0.2280	-0.1320
95.0000	1.0000	1.6192	0.0000	71.1990	0.0000	0.0000	0.0000	-0.0780	0.0050	9.7700	2.3240	2.0700	71.1990	-0.2110	0.6710	0.0000	0.1098	0.0902	-0.0780	0.0050
96.0000	1.0000	1.6143	0.0000	71.4180	0.0000	0.0000	0.0000	0.0120	-0.0280	9.8280	2.3240	2.0700	71.4180	-0.1580	0.6570	0.0000	0.1093	0.0907	0.0120	-0.0280
97.0000	1.0000	1.6101	0.0000	71.5510	0.0000	0.0000	0.0000	0.0590	-0.0590	9.7860	2.3240	2.0700	71.5510	-0.1390	0.6790	0.0000	0.1090	0.0910	0.0590	-0.0590
98.0000	1.0000	1.6061	0.0000	71.8060	0.0000	0.0000	0.0000	-0.1790	-0.0810	9.7500	2.3240	2.0700	71.8060	-0.1220	0.5960	0.0000	0.1086	0.0914	-0.1790	-0.0810
99.0000	1.0000	1.6019	0.0000	71.9090	0.0000	0.0000	0.0000	-0.1650	-0.0320	9.7790	2.3240	2.0700	71.9090	-0.1280	0.5920	0.0000	0.1083	0.0917	-0.1650	-0.0320
100.0000	1.0000	1.5970	0.0000	72.0560	0.0000	0.0000	0.0000	-0.1550	0.0300	9.7900	2.2960	2.1820	72.0560	-0.1230	0.5600	0.0000	0.1080	0.0920	-0.1550	0.0300
101.0000	1.0000	1.5918	0.0000	72.1070	0.0000	0.0000	0.0000	-0.1860	-0.0350	9.7920	2.2960	2.1820	72.1070	-0.1230	0.6120	0.0000	0.1078	0.0922	-0.1860	-0.0350
102.0000	1.0000	1.5866	0.0000	72.0820	0.0000	0.0000	0.0000	-0.1340	-0.0440	9.8330	2.2960	2.1820	72.0820	-0.1480	0.5520	0.0000	0.1076	0.0924	-0.1340	-0.0440
103.0000	1.0000	1.5818	0.0000	72.1910	0.0000	0.0000	0.0000	-0.0620	-0.0540	9.8140	2.2960	2.1820	72.1910	-0.1520	0.5830	0.0000	0.1074	0.0926	-0.0620	-0.0540
104.0000	1.0000	1.5769	0.0000	72.3530	0.0000	0.0000	0.0000	-0.0610	-0.0230	9.8110	2.2960	2.1820	72.3530	-0.1500	0.5210	0.0000	0.1070	0.0930	-0.0610	-0.0230
105.0000	1.0000	1.5715	0.0000	72.3990	0.0000	0.0000	0.0000	-0.1500	0.0190	9.8160	2.2960	2.1820	72.3990	-0.1350	0.4550	0.0000	0.1068	0.0932	-0.1500	0.0190
106.0000	1.0000	1.5658	0.0000	72.2680	0.0000	0.0000	0.0000	-0.0450	0.0060	9.7720	2.2960	2.1820	72.2680	-0.1020	0.4420	0.0000	0.1068	0.0932	-0.0450	0.0060
107.0000	1.0000	1.5603	0.0000	72.1280	0.0000	0.0000	0.0000	-0.0490	-0.0320	9.7760	2.2960	2.1820	72.1280	-0.0740	0.4660	0.0000	0.1068	0.0932	-0.0490	-0.0320
108.0000	1.0000	1.5557	0.0000	71.9910	0.0000	0.0000	0.0000	-0.0320	-0.0980	9.7750	2.2960	2.1820	71.9910	-0.0320	0.4270	0.0000	0.1068	0.0932	-0.0320	-0.0980
109.0000	1.0000	1.5512	0.0000	72.0600	0.0000	0.0000	0.0000	-0.0070	-0.0230	9.8050	2.2960	2.1820	72.0600	-0.0440	0.4380	0.0000	0.1066	0.0934	-0.0070	-0.0230
110.0000	1.0000	1.5460	0.0000	71.9990	0.0000	0.0000	0.0000	-0.1520	0.0330	9.7510	2.2960	2.0700	71.9990	-0.0530	0.3620	0.0000	0.1065	0.0935	-0.1520	0.0330
111.0000	1.0000	1.5399	0.0000	71.8640	0.0000	0.0000	0.0000	-0.0790	0.0620	9.7820	2.2960	2.0700	71.8640	-0.0260	0.4390	0.0000	0.1065	0.0935	-0.0790	0.0620
112.0000	1.0000	1.5324	0.0000	71.7930	0.0000	0.0000	0.0000	-0.1080	0.1090	9.7580	2.2960	2.0700	71.7930	-0.0040	0.4140	0.0000	0.1064	0.0936	-0.1080	0.1090
113.0000	1.0000	1.5246	0.0000	71.7800	0.0000	0.0000	0.0000	-0.0840	0.0050	9.8230	2.2960	2.0700	71.7800	0.0380	0.4840	0.0000	0.1062	0.0938	-0.0840	0.0050
114.0000	1.0000	1.5164	0.0000	71.8870	0.0000	0.0000	0.0000	-0.0810	0.0280	9.8350	2.2960	2.0700	71.8870	0.0420	0.5260	0.0000	0.1058	0.0942	-0.0810	0.0280
115.0000	1.0000	1.5075	0.0000	71.9300	0.0000	0.0000	0.0000	-0.1910	-0.0050	9.8230	2.2960	2.0700	71.9300	0.0680	0.5070	0.0000	0.1055	0.0945	-0.1910	-0.0050
116.0000	1.0000	1.4989	0.0000	71.9390	0.0000	0.0000	0.0000	-0.0810	-0.0460	9.7760	2.2960	2.0700	71.9390	0.0830	0.4410	0.0000	0.1052	0.0948	-0.0810	-0.0460
117.0000	1.0000	1.4890	0.0000	71.9120	0.0000	0.0000	0.0000	-0.1700	0.0780	9.8830	2.2960	2.0700	71.9120	0.0860	0.4050	0.0000	0.1050	0.0950	-0.1700	0.0780
118.0000	1.0000	1.4783	0.0000	71.9370	0.0000	0.0000	0.0000	-0.0820	0.0530	9.8070	2.2960	2.0700	71.9370	0.1090	0.4950	0.0000	0.1046	0.0954	-0.0820	0.0530
119.0000	1.0000	1.4672	0.0000	72.0340	0.0000	0.0000	0.0000	-0.1140	0.0030	9.7840	2.2960	2.0700	72.0340	0.1100	0.5170	0.0000	0.1042	0.0958	-0.1140	0.0030
120.0000	1.0000	1.4569	0.0000	71.9810	0.0000	0.0000	0.0000	-0.0730	-0.0930	9.8210	2.2770	2.6470	71.9810	0.1810	0.4990	0.0000	0.1039	0.0961	-0.0730	-0.0930
121.0000	1.0000	1.4463	0.0000	71.8930	0.0000	0.0000	0.0000	-0.1010	-0.0140	9.8350	2.2770	2.6470	71.8930	0.1460	0.4600	0.0000	0.1038	0.0962	-0.1010	-0.0140
122.0000	1.0000	1.4349	0.0000	71.9410	0.0000	0.0000	0.0000	-0.1190	0.0430	9.8190	2.2770	2.6470	71.9410	0.1160	0.5000	0.0000	0.1034	0.0966	-0.1190	0.0430
123.0000	1.0000	1.4235	0.0000	71.9400	0.0000	0.0000	0.0000	-0.1490	-0.0380	9.7930	2.2770	2.6470	71.9400	0.1420	0.4410	0.0000	0.1030	0.0970	-0.1490	-0.0380
124.0000	1.0000	1.4113	0.0000	71.9690	0.0000	0.0000	0.0000	-0.0800	0.0500	9.8060	2.2770	2.6470	71.9690	0.0840	0.4340	0.0000	0.1026	0.0974	-0.0800	0.0500
125.0000	1.0000	1.3992	0.0000	72.0150	0.0000	0.0000	0.0000	-0.0550	-0.0210	9.8290	2.2770	2.6470	72.0150	0.1780	0.4020	0.0000	0.1022	0.0978	-0.0550	-0.0210
126.0000	1.0000	1.3867	0.0000	72.0780	0.0000	0.0000	0.0000	-0.0420	0.0190	9.7840	2.2770	2.6470	72.0780	0.1640	0.3350	0.0000	0.1018	0.0982	-0.0420	0.0190
127.0000	1.0000	1.3745	0.0000	71.9470	0.0000	0.0000	0.0000	-0.1120	-0.0620	9.7730	2.2770	2.6470	71.9470	0.2340	0.2730	0.0000	0.1016	0.0984	-0.1120	-0.0620
128.0000	1.0000	1.3620	0.0000	71.8980	0.0000	0.0000	0.0000	-0.0900	0.0000	9.8190	2.2770	2.6470	71.8980	0.2520	0.2230	0.0000	0.1013	0.0987	-0.0900	0.0000
129.0000	1.0000	1.3487	0.0000	71.9500	0.0000	0.0000	0.0000	-0.0690	0.0590	9.8090	2.2770	2.6470	71.9500	0.2240	0.1530	0.0000	0.1009	0.0991	-0.0690	0.0590
130.0000	1.0000	1.3348	0.0000	71.9120	0.0000	0.0000	0.0000	0.0470	0.0840	9.7860	2.2650	2.7060	71.9120	0.2390	0.2260	0.0000	0.1005	0.0995	0.0470	0.0840
131.0000	1.0000	1.3205	0.0000	71.8970	0.0000	0.0000	0.0000	-0.0420	0.0270	9.8110	2.2650	2.7060	71.8970	0.2370	0.2260	0.0000	0.1001	0.0999	-0.0420	0.0270
132.0000	1.0000	1.3058	0.0000	71.9010	0.0000	0.0000	0.0000	-0.0580	0.0220	9.8280	2.2650	2.7060	71.9010	0.2340	0.2840	0.0000	0.0997	0.1003	-0.0580	0.0220
133.0000	1.0000	1.2904	0.0000	71.7790	0.0000	0.0000	0.0000	-0.0320	0.0660	9.8310	2.2650	2.7060	71.7790	0.2620	0.2660	0.0000	0.0994	0.1006	-0.0320	0.0660
134.0000	1.0000	1.2740	0.0000	71.5850	0.0000	0.0000	0.0000	-0.0660	0.0750	9.7960	2.2650	2.7060	71.5850	0.1640	0.3530	0.0000	0.0992	0.1008	-0.0660	0.0750
135.0000	1.0000	1.2572	0.0000	71.5380	0.0000	0.0000	0.0000	0.0170	0.0580	9.7960	2.2650	2.7060	71.5380	0.1900	0.3960	0.0000	0.0988	0.1012	0.0170	0.0580
136.0000	1.0000	1.2402	0.0000	71.4540	0.0000	0.0000	0.0000	0.0400	0.0290	9.8330	2.2650	2.7060	71.4540	0.1680	0.4420	0.0000	0.0985	0.1015	0.0400	0.0290
137.0000	1.0000	1.2222	0.0000	71.3280	0.0000	0.0000	0.0000	-0.0840	0.0810	9.7930	2.2650	2.7060	71.3280	0.1220	0.4490	0.0000	0.0981	0.1019	-0.0840	0.0810
138.0000	1.0000	1.2042	0.0000	71.2390	0.0000	0.0000	0.0000	-0.0570	-0.0240	9.8130	2.2650	2.7060	71.2390	0.1400	0.4150	0.0000	0.0978	0.1022	-0.0570	-0.0240
139.0000	1.0000	1.1856	0.0000	71.0750	0.0000	0.0000	0.0000	-0.0410	0.0570	9.8170	2.2650	2.7060	71.0750	0.1370	0.3870	0.0000	0.0975	0.1025	-0.0410	0.0570
140.0000	1.0000	1.1673	0.0000	70.9480	0.0000	0.0000	0.0000	-0.0230	-0.0530	9.8350	2.2910	2.7640	70.9480	0.2020	0.4760	0.0000	0.0971	0.1029	-0.0230	-0.0530
141.0000	1.0000	1.1489	0.0000	70.8830	0.0000	0.0000	0.0000	-0.0340	0.0080	9.8320	2.2910	2.7640	70.8830	0.1480	0.5060	0.0000	0.0967	0.1033	-0.0340	0.0080
142.0000	1.0000	1.1299	0.0000	70.7930	0.0000	0.0000	0.0000	-0.0730	0.0410	9.7930	2.2910	2.7640	70.7930	0.2040	0.5640	0.0000	0.0963	0.1037	-0.0730	0.0410
143.0000	1.0000	1.1104	0.0000	70.6550	0.0000	0.0000	0.0000	-0.1490	-0.0080	9.8110	2.2910	2.7640	70.6550	0.1860	0.5050	0.0000	0.0960	0.1040	-0.1490	-0.0080
144.0000	1.0000	1.0904	0.0000	70.5330	0.0000	0.0000	0.0000	-0.0920	0.0290	9.8070	2.2910	2.7640	70.5330	0.1470	0.4830	0.0000	0.0956	0.1044	-0.0920	0.0290
145.0000	1.0000	1.0708	0.0000	70.2900	0.0000	0.0000	0.0000	-0.0950	-0.0820	9.8120	2.2910	2.7640	70.2900	0.1550	0.4990	0.0000	0.0954	0.1046	-0.0950	-0.0820
146.0000	1.0000	1.0509	0.0000	70.1950	0.0000	0.0000	0.0000	-0.1340	-0.0110	9.8190	2.2910	2.7640	70.1950	0.1190	0.4540	0.0000	0.0950	0.1050	-0.1340	-0.0110
147.0000	1.0000	1.0303	0.0000	70.1850	0.0000	0.0000	0.0000	-0.1260	0.0240	9.8370	2.2910	2.7640	70.1850	0.1550	0.5320	0.0000	0.0945	0.1055	-0.1260	0.0240
148.0000	1.0000	1.0087	0.0000	70.0380	0.0000	0.0000	0.0000	-0.0820	0.0700	9.7830	2.2910	2.7640	70.0380	0.1340	0.4320	0.0000	0.0941	0.1059	-0.0820	0.0700
149.0000	1.0000	0.9869	0.0000	70.0690	0.0000	0.0000	0.0000	-0.0150	0.0310	9.7900	2.2910	2.7640	70.0690	0.1050	0.4220	0.0000	0.0935	0.1065	-0.0150	0.0310
150.0000	1.0000	0.9651	0.0000	69.9450	0.0000	0.0000	0.0000	-0.0650	-0.0370	9.8080	2.0580	2.5430	69.9450	0.1550	0.4540	0.0000	0.1173	0.0827	-0.0650	-0.0370
151.0000	1.0000	0.9430	0.0000	70.0630	0.0000	0.0000	0.0000	-0.1300	-0.0100	9.8010	2.0580	2.5430	70.0630	0.0850	0.4620	0.0000	0.1165	0.0835	-0.1300	-0.0100
152.0000	1.0000	0.9204	0.0000	70.2410	0.0000	0.0000	0.0000	-0.1830	-0.0070	9.8180	2.0580	2.5430	70.2410	0.1600	0.3860	0.0000	0.1156	0.0844	-0.1830	-0.0070
153.0000	1.0000	0.8972	0.0000	70.3720	0.0000	0.0000	0.0000	-0.1060	0.0170	9.7530	2.0580	2.5430	70.3720	0.0830	0.3600	0.0000	0.1147	0.0853	-0.1060	0.0170
154.0000	1.0000	0.8738	0.0000	70.5750	0.0000	0.0000	0.0000	-0.0270	0.0130	9.7640	2.0580	2.5430	70.5750	0.0670	0.4250	0.0000	0.1137	0.0863	-0.0270	0.0130
155.0000	1.0000	0.8502	0.0000	70.8210	0.0000	0.0000	0.0000	0.0600	0.0450	9.8530	2.0580	2.5430	70.8210	0.1120	0.4640	0.0000	0.1127	0.0873	0.0600	0.0450
156.0000	1.0000	0.8272	0.0000	70.9130	0.0000	0.0000	0.0000	-0.0590	-0.0850	9.7990	2.0580	2.5430	70.9130	0.1040	0.3430	0.0000	0.1119	0.0881	-0.0590	-0.0850
157.0000	1.0000	0.8033	0.0000	71.0660	0.0000	0.0000	0.0000	-0.1230	0.0600	9.7610	2.0580	2.5430	71.0660	0.0670	0.3710	0.0000	0.1110	0.0890	-0.1230	0.0600
158.0000	1.0000	0.7784	0.0000	71.2800	0.0000	0.0000	0.0000	-0.0870	0.0630	9.9410	2.0580	2.5430	71.2800	0.0810	0.3860	0.0000	0.1099	0.0901	-0.0870	0.0630
159.0000	1.0000	0.7539	0.0000	71.6250	0.0000	0.0000	0.0000	-0.1610	-0.0890	9.8360	2.0580	2.5430	71.6250	0.1590	0.3710	0.0000	0.1088	0.0912	-0.1610	-0.0890
160.0000	1.0000	0.7286	0.0000	71.6280	0.0000	0.0000	0.0000	-0.1330	0.0430	9.8270	2.0980	2.6610	71.6280	0.1350	0.4180	0.0000	0.1080	0.0920	-0.1330	0.0430
161.0000	1.0000	0.7029	0.0000	71.6940	0.0000	0.0000	0.0000	-0.1000	0.0050	9.8120	2.0980	2.6610	71.6940	0.2380	0.4830	0.0000	0.1071	0.0929	-0.1000	0.0050
162.0000	1.0000	0.6769	0.0000	71.6150	0.0000	0.0000	0.0000	-0.0490	0.0240	9.8130	2.0980	2.6610	71.6150	0.1980	0.5210	0.0000	0.1065	0.0935	-0.0490	0.0240
163.0000	1.0000	0.6498	0.0000	71.6690	0.0000	0.0000	0.0000	-0.0550	0.0860	9.7580	2.0980	2.6610	71.6690	0.1830	0.4840	0.0000	0.1056	0.0944	-0.0550	0.0860
164.0000	1.0000	0.6225	0.0000	71.5180	0.0000	0.0000	0.0000	-0.1260	-0.0170	9.7950	2.0980	2.6610	71.5180	0.2730	0.4470	0.0000	0.1050	0.0950	-0.1260	-0.0170
165.0000	1.0000	0.5946	0.0000	71.4910	0.0000	0.0000	0.0000	0.0760	0.0860	9.8590	2.0980	2.6610	71.4910	0.1760	0.5260	0.0000	0.1042	0.0958	0.0760	0.0860
166.0000	1.0000	0.5662	0.0000	71.4220	0.0000	0.0000	0.0000	-0.0730	0.0370	9.7960	2.0980	2.6610	71.4220	0.2390	0.4950	0.0000	0.1035	0.0965	-0.0730	0.0370
167.0000	1.0000	0.5373	0.0000	71.4020	0.0000	0.0000	0.0000	-0.1850	-0.0200	9.8780	2.0980	2.6610	71.4020	0.3150	0.4080	0.0000	0.1027	0.0973	-0.1850	-0.0200
168.0000	1.0000	0.5070	0.0000	71.3500	0.0000	0.0000	0.0000	-0.1250	0.1110	9.8080	2.0980	2.6610	71.3500	0.3040	0.3370	0.0000	0.1019	0.0981	-0.1250	0.1110
169.0000	1.0000	0.4751	0.0000	71.2380	0.0000	0.0000	0.0000	-0.0570	0.1540	9.8010	2.0980	2.6610	71.2380	0.3090	0.2970	0.0000	0.1011	0.0989	-0.0570	0.1540
170.0000	1.0000	0.4429	0.0000	71.1380	0.0000	0.0000	0.0000	0.0590	0.0390	9.8240	2.1280	2.7610	71.1380	0.3210	0.2310	0.0000	0.1004	0.0996	0.0590	0.0390
171.0000	1.0000	0.4107	0.0000	71.0200	0.0000	0.0000	0.0000	-0.0200	0.0050	9.8080	2.1280	2.7610	71.0200	0.3650	0.2040	0.0000	0.0996	0.1004	-0.0200	0.0050
172.0000	1.0000	0.3776	0.0000	70.9170	0.0000	0.0000	0.0000	-0.0700	0.0610	9.8350	2.1280	2.7610	70.9170	0.4770	0.0910	0.0000	0.0988	0.1012	-0.0700	0.0610
173.0000	1.0000	0.3426	0.0000	70.7390	0.0000	0.0000	0.0000	-0.0640	0.1910	9.7700	2.1280	2.7610	70.7390	0.4560	0.1030	0.0000	0.0981	0.1019	-0.0640	0.1910
174.0000	1.0000	0.3057	0.0000	70.4540	0.0000	0.0000	0.0000	-0.0690	0.1730	9.8040	2.1280	2.7610	70.4540	0.5690	0.1880	0.0000	0.0975	0.1025	-0.0690	0.1730
175.0000	1.0000	0.2694	0.0000	70.3200	0.0000	0.0000	0.0000	0.1090	-0.0300	9.7680	2.1280	2.7610	70.3200	0.5230	0.2030	0.0000	0.0967	0.1033	0.1090	-0.0300
176.0000	1.0000	0.2302	0.0000	70.2070	0.0000	0.0000	0.0000	-0.1380	0.2610	9.9840	2.1280	2.7610	70.2070	0.5530	0.3600	0.0000	0.0958	0.1042	-0.1380	0.2610
177.0000	1.0000	0.1897	0.0000	70.1670	0.0000	0.0000	0.0000	-0.1330	0.0880	9.8310	2.1280	2.7610	70.1670	0.6430	0.3290	0.0000	0.0948	0.1052	-0.1330	0.0880
178.0000	1.0000	0.1469	0.0000	70.0000	0.0000	0.0000	0.0000	-0.1430	0.1980	9.8740	2.1280	2.7610	70.0000	0.5320	0.3050	0.0000	0.0939	0.1061	-0.1430	0.1980
179.0000	1.0000	0.1028	0.0000	69.8470	0.0000	0.0000	0.0000	-0.1040	0.1000	9.7680	2.1350	2.8780	69.8470	0.5880	0.2750	0.0000	0.0929	0.1071	-0.1040	0.1000
180.0000	1.0000	0.0580	0.0000	69.6890	0.0000	0.0000	0.0000	0.0040	0.0740	9.7980	2.1350	2.8780	69.6890	0.6620	0.2640	0.0000	0.0920	0.1080	0.0040	0.0740
181.0000	1.0000	0.0120	0.0000	69.5610	0.0000	0.0000	0.0000	-0.0710	0.0950	9.8300	2.1350	2.8780	69.5610	0.6520	0.3070	0.0000	0.0910	0.1090	-0.0710	0.0950
182.0000	1.0000	0.0000	0.0000	69.2570	0.0000	0.0000	0.0000	-0.0260	-0.0150	9.8550	2.1350	2.8780	69.2570	0.7820	0.2230	0.0000	0.0911	0.1089	-0.0260	-0.0150
183.0000	1.0000	0.0000	0.0000	68.9140	0.0000	0.0000	0.0000	0.0940	0.1010	9.7560	2.1350	2.8780	68.9140	0.6570	0.2740	0.0000	0.0916	0.1084	0.0940	0.1010
184.0000	1.0000	0.0000	0.0000	68.8050	0.0000	0.0000	0.0000	-0.0610	0.1260	9.8560	2.1350	2.8780	68.8050	0.8740	0.3010	0.0000	0.0917	0.1083	-0.0610	0.1260
185.0000	1.0000	0.0000	0.0000	68.6570	0.0000	0.0000	0.0000	-0.1110	0.1510	9.8790	2.1350	2.8780	68.6570	0.7320	0.0370	0.0000	0.0919	0.1081	-0.1110	0.1510
186.0000	1.0000	0.0000	0.0000	68.4630	0.0000	0.0000	0.0000	-0.0310	0.1190	9.7950	2.1350	2.8780	68.4630	0.9130	0.1660	0.0000	0.0922	0.1078	-0.0310	0.1190
187.0000	1.0000	0.0000	0.0000	68.0550	0.0000	0.0000	0.0000	-0.1410	0.1760	9.8180	2.1350	2.8780	68.0550	1.0490	0.1820	0.0000	0.0927	0.1073	-0.1410	0.1760
188.0000	1.0000	0.0000	0.0000	67.9020	0.0000	0.0000	0.0000	0.1090	0.1850	9.8420	2.1350	2.8780	67.9020	0.7870	0.0410	0.0000	0.0929	0.1071	0.1090	0.1850
189.0000	1.0000	0.0000	0.0000	67.6430	0.0000	0.0000	0.0000	-0.0460	0.1170	9.7900	2.1350	2.8780	67.6430	0.9130	-0.0460	0.0000	0.0933	0.1067	-0.0460	0.1170
190.0000	1.0000	0.0000	0.0000	67.4160	0.0000	0.0000	0.0000	0.0050	0.2540	9.6630	2.1350	2.8780	67.4160	0.8810	-0.2260	0.0000	0.0936	0.1064	0.0050	0.2540
191.0000	1.0000	0.0000	0.0000	67.6840	0.0000	0.0000	0.0000	-0.1510	-0.2570	9.8770	2.1350	2.8780	67.6840	0.8420	0.0460	0.0000	0.0932	0.1068	-0.1510	-0.2570
192.0000	1.0000	0.0000	0.0000	68.2910	0.0000	0.0000	0.0000	-0.0480	0.0330	9.8100	2.1350	2.8780	68.2910	0.6940	0.0750	0.0000	0.0924	0.1076	-0.0480	0.0330
193.0000	1.0000	0.0000	0.0000	68.9160	0.0000	0.0000	0.0000	-0.0110	0.1420	9.7970	2.1350	2.8780	68.9160	0.4830	0.0070	0.0000	0.0916	0.1084	-0.0110	0.1420
194.0000	1.0000	0.0000	0.0000	69.1700	0.0000	0.0000	0.0000	0.0890	0.0800	10.0190	2.1350	2.8780	69.1700	0.4480	-0.2770	0.0000	0.0913	0.1087	0.0890	0.0800
195.0000	1.0000	0.0000	0.0000	69.6480	0.0000	0.0000	0.0000	-0.1330	0.1470	9.6590	2.1350	2.8780	69.6480	0.7380	-0.3010	0.0000	0.0906	0.1094	-0.1330	0.1470
196.0000	1.0000	0.0000	0.0000	70.0900	0.0000	0.0000	0.0000	-0.0470	-0.0040	9.6890	2.1350	2.8780	70.0900	0.6190	-0.3550	0.0000	0.0901	0.1099	-0.0470	-0.0040
197.0000	1.0000	0.0000	0.0000	70.6580	0.0000	0.0000	0.0000	0.4520	0.0840	9.9570	2.1350	2.8780	70.6580	0.5750	-0.3520	0.0000	0.0893	0.1107	0.4520	0.0840
198.0000	1.0000	0.0000	0.0000	71.2710	0.0000	0.0000	0.0000	-0.1490	0.0110	9.5090	2.1350	2.8780	71.2710	0.5220	-0.5640	0.0000	0.0885	0.1115	-0.1490	0.0110
199.0000	1.0000	0.0000	0.0000	72.1270	0.0000	0.0000	0.0000	0.1130	0.2240	9.5980	2.1350	2.8780	72.1270	0.3070	-0.6730	0.0000	0.0874	0.1126	0.1130	0.2240
