count	posx	posy	posz	xout	yout	zout	heading	hd_out
1	0.0000	0.0000	0.0000	0.0000	0.0000	0.0000	0.0000	0.0000
2	0.0000	0.0000	0.1272	0.0000	0.0000	0.0000	1.7830	-0.3903
3	0.0000	0.0000	0.1284	0.0000	0.0000	0.0000	2.0240	-0.4694
4	0.0000	0.0000	0.1278	0.0000	0.0000	0.0000	2.0000	-0.4587
5	0.0000	0.0000	0.1266	0.0000	0.0000	0.0000	1.5100	-0.1764
6	0.0000	0.0000	0.1254	0.0000	0.0000	0.0000	2.0550	-0.5141
7	0.0000	0.0000	0.1242	0.0000	0.0000	0.0000	2.1880	-0.5314
8	0.0000	0.0000	0.1278	0.0000	0.0000	0.0000	2.4150	-0.5962
9	0.0000	0.0000	0.1254	0.0000	0.0000	0.0000	2.5140	-0.5990
10	0.0000	0.0000	0.1284	0.0000	0.0000	0.0000	2.6610	-0.6522
11	1.2249	1.5750	0.1266	-0.0505	0.1507	1.6030	2.7450	-1.5579
12	1.2245	1.5748	0.1278	-0.0515	0.1511	0.6459	2.7710	-0.6740
13	1.2238	1.5745	0.1266	-0.0532	0.1512	1.5798	2.7910	-0.6611
14	1.2227	1.5740	0.1296	-0.0557	0.1510	1.1147	2.7640	-0.6364
15	1.2212	1.5734	0.1236	-0.0590	0.1505	1.9152	2.8520	-0.6667
16	1.2194	1.5725	0.1278	-0.0629	0.1495	1.6718	2.9820	-0.6952
17	1.2173	1.5716	0.1242	-0.0673	0.1483	1.8203	3.0150	-0.7234
18	1.2151	1.5704	0.1308	-0.0721	0.1467	1.2833	3.2080	-0.7406
19	1.2126	1.5692	0.1242	-0.0775	0.1449	1.9172	3.2810	-0.7608
20	1.2109	1.5683	0.1278	-0.0812	0.1439	1.4966	3.3750	-0.8053
21	1.2589	1.5939	0.1266	0.0148	0.1961	1.8366	3.4550	-0.8022
22	1.2586	1.5938	0.1284	0.0143	0.1968	1.6373	3.5760	-0.8153
23	1.2580	1.5936	0.1260	0.0132	0.1973	1.7638	3.6310	-0.8463
24	1.2573	1.5932	0.1290	0.0118	0.1973	1.4199	3.5640	-0.8113
25	1.2562	1.5925	0.1290	0.0098	0.1970	1.4378	3.6190	-0.8614
26	1.2549	1.5917	0.1266	0.0072	0.1963	1.9874	3.6000	-0.8296
27	1.2535	1.5908	0.1266	0.0043	0.1953	0.8798	3.6600	-0.8518
28	1.2517	1.5898	0.1290	0.0008	0.1942	1.6738	3.6030	-0.8165
29	1.2496	1.5888	0.1296	-0.0034	0.1932	1.6187	3.4100	-0.7922
30	1.2478	1.5880	0.1201	-0.0071	0.1925	2.5381	3.4500	-0.7748
31	1.2349	1.4700	0.1260	-0.0330	-0.0439	0.9029	3.4550	-0.8227
32	1.2346	1.4698	0.1166	-0.0337	-0.0446	3.1101	3.4190	-0.7933
33	1.2343	1.4697	0.1166	-0.0344	-0.0451	2.2932	3.3870	-0.7871
34	1.2337	1.4695	0.1284	-0.0359	-0.0458	1.9043	3.2950	-0.7653
35	1.2328	1.4694	0.1242	-0.0379	-0.0464	2.1255	3.3770	-0.7817
36	1.2316	1.4692	0.1284	-0.0405	-0.0470	1.8807	3.3700	-0.7984
37	1.2301	1.4692	0.1266	-0.0436	-0.0473	2.1167	3.4000	-0.7940
38	1.2283	1.4693	0.1308	-0.0475	-0.0475	1.5649	3.3760	-0.7980
39	1.2261	1.4693	0.1092	-0.0520	-0.0477	4.0582	3.2510	-0.7390
40	1.2236	1.4694	0.1308	-0.0574	-0.0479	1.5423	3.3080	-0.7606
41	1.2489	1.5490	0.1266	-0.0067	0.1119	2.3081	3.3480	-0.7784
42	1.2485	1.5491	0.1260	-0.0075	0.1124	1.3860	3.3510	-0.7702
43	1.2477	1.5491	0.1266	-0.0092	0.1130	1.8636	3.3330	-0.7746
44	1.2466	1.5491	0.1284	-0.0114	0.1134	2.0856	3.4630	-0.8209
45	1.2452	1.5489	0.1143	-0.0143	0.1137	3.3762	3.4670	-0.8009
46	1.2435	1.5489	0.1290	-0.0177	0.1140	2.0503	3.4910	-0.8214
47	1.2416	1.5488	0.1183	-0.0216	0.1143	3.2298	3.3780	-0.7722
48	1.2395	1.5486	0.1260	-0.0260	0.1145	2.2676	3.2970	-0.7751
49	1.2371	1.5484	0.1278	-0.0309	0.1145	1.7700	3.2320	-0.7539
50	1.2349	1.5481	0.1284	-0.0354	0.1144	1.5934	3.1700	-0.7428
51	1.2309	1.5640	0.1284	-0.0436	0.1468	1.7269	3.2740	-0.7802
52	1.2305	1.5638	0.1260	-0.0446	0.1471	2.2735	3.3010	-0.7711
53	1.2298	1.5634	0.1272	-0.0462	0.1469	2.1476	3.2220	-0.7468
54	1.2287	1.5627	0.1260	-0.0485	0.1462	2.5519	3.2280	-0.7611
55	1.2273	1.5618	0.1266	-0.0515	0.1451	2.2568	3.2760	-0.7682
56	1.2256	1.5608	0.1296	-0.0552	0.1436	1.9723	3.1660	-0.7254
57	1.2237	1.5596	0.1278	-0.0594	0.1418	2.3295	2.7960	-0.6511
58	1.2214	1.5582	0.1260	-0.0642	0.1396	2.5035	2.6190	-0.6117
59	1.2189	1.5567	0.1254	-0.0695	0.1372	1.4740	2.5530	-0.5739
60	1.2168	1.5555	0.1302	-0.0741	0.1352	2.0292	2.4200	-0.5421
61	1.1999	1.5899	0.1248	-0.1083	0.2051	2.3954	2.2670	-0.5129
62	1.1996	1.5898	0.1172	-0.1095	0.2057	3.5091	2.0580	-0.4913
63	1.1990	1.5896	0.1242	-0.1112	0.2061	2.5637	2.1350	-0.5076
64	1.1981	1.5892	0.1272	-0.1135	0.2063	1.4005	2.1510	-0.5085
65	1.1970	1.5888	0.1260	-0.1162	0.2064	2.3861	2.1530	-0.5103
66	1.1957	1.5883	0.1272	-0.1193	0.2063	1.6113	2.1910	-0.5205
67	1.1943	1.5878	0.1236	-0.1227	0.2061	2.7693	2.1690	-0.5129
68	1.1927	1.5872	0.1296	-0.1265	0.2057	2.4892	2.0600	-0.4971
69	1.1909	1.5864	0.1183	-0.1306	0.2051	3.4993	2.1170	-0.5067
70	1.1894	1.5859	0.1290	-0.1342	0.2049	2.4126	2.1960	-0.5332
71	1.2459	1.5640	0.1248	-0.0212	0.1617	2.6319	2.1970	-0.5290
72	1.2457	1.5639	0.1278	-0.0218	0.1621	2.4103	2.3200	-0.5483
73	1.2452	1.5636	0.1272	-0.0227	0.1622	2.3221	2.3620	-0.5839
74	1.2444	1.5632	0.1272	-0.0244	0.1620	2.5200	2.3310	-0.5481
75	1.2433	1.5627	0.1248	-0.0267	0.1616	2.1163	2.2720	-0.5501
76	1.2418	1.5620	0.1278	-0.0298	0.1610	2.5447	2.2370	-0.5241
77	1.2402	1.5613	0.1278	-0.0332	0.1601	2.8049	1.9950	-0.4475
78	1.2382	1.5604	0.1278	-0.0372	0.1589	2.7621	2.0140	-0.4820
79	1.2359	1.5596	0.1242	-0.0419	0.1578	2.9707	1.9010	-0.4399
80	1.2339	1.5588	0.1183	-0.0462	0.1569	3.7510	1.7470	-0.3928
81	1.2319	1.5950	0.1266	-0.0504	0.2302	2.5937	1.6030	-0.3732
82	1.2314	1.5949	0.1315	-0.0515	0.2309	2.3296	1.6790	-0.4301
83	1.2306	1.5947	0.1260	-0.0533	0.2316	2.8218	1.5400	-0.3596
84	1.2295	1.5945	0.1278	-0.0556	0.2321	2.6236	1.5910	-0.3865
85	1.2282	1.5942	0.1260	-0.0586	0.2324	2.8588	1.5320	-0.3614
86	1.2265	1.5938	0.1296	-0.0621	0.2326	2.4418	1.4270	-0.3407
87	1.2245	1.5934	0.1236	-0.0664	0.2328	2.9427	1.4070	-0.3638
88	1.2222	1.5930	0.1296	-0.0712	0.2328	2.4788	1.2550	-0.2962
89	1.2196	1.5925	0.1284	-0.0768	0.2328	2.5833	1.2360	-0.3084
90	1.2172	1.5921	0.1302	-0.0819	0.2329	2.4991	1.1440	-0.2826
91	1.2428	1.5889	0.1272	-0.0308	0.2273	3.0018	1.1740	-0.2706
92	1.2421	1.5886	0.1278	-0.0322	0.2277	2.8268	1.1467	-0.2886
93	1.2411	1.5883	0.1278	-0.0344	0.2279	2.9058	1.0340	-0.2426
94	1.2396	1.5879	0.1272	-0.0374	0.2279	3.0567	1.0580	-0.2515
95	1.2379	1.5875	0.1172	-0.0410	0.2280	3.8586	1.1270	-0.2842
96	1.2360	1.5870	0.1272	-0.0450	0.2280	2.9727	1.2590	-0.3282
97	1.2337	1.5864	0.1278	-0.0497	0.2276	2.0901	1.3480	-0.3512
98	1.2310	1.5857	0.1266	-0.0553	0.2272	3.0217	1.4190	-0.3478
99	1.2281	1.5850	0.1278	-0.0614	0.2264	3.0764	1.5600	-0.3988
100	1.2256	1.5842	0.1248	-0.0666	0.2259	3.3908	1.6470	-0.4373
101	1.2459	1.5880	0.1272	-0.0260	0.2342	1.8258	1.7170	-0.4075
102	1.2455	1.5879	0.1260	-0.0267	0.2350	2.9220	1.8520	-0.4735
103	1.2447	1.5877	0.1272	-0.0284	0.2354	3.0358	1.7650	-0.4164
104	1.2436	1.5874	0.1284	-0.0307	0.2357	2.9692	1.6700	-0.3903
105	1.2422	1.5871	0.1272	-0.0335	0.2359	3.0728	1.4550	-0.3153
106	1.2406	1.5867	0.1266	-0.0369	0.2360	3.4652	1.3580	-0.3409
107	1.2389	1.5862	0.1278	-0.0405	0.2359	2.9765	1.3280	-0.3302
108	1.2369	1.5857	0.1296	-0.0445	0.2357	2.3017	1.2970	-0.3247
109	1.2349	1.5851	0.1260	-0.0487	0.2354	3.1698	1.2750	-0.3175
110	1.2331	1.5845	0.1266	-0.0525	0.2351	3.2321	1.1770	-0.2824
111	1.2229	1.5590	0.1183	-0.0732	0.1846	4.3031	1.0880	-0.2568
112	1.2225	1.5590	0.1278	-0.0741	0.1852	3.3054	0.9670	-0.2357
113	1.2220	1.5590	0.1266	-0.0756	0.1858	2.9298	0.8650	-0.2085
114	1.2212	1.5589	0.1254	-0.0775	0.1862	3.4500	0.7090	-0.1636
115	1.2200	1.5587	0.1266	-0.0801	0.1863	3.3248	0.6910	-0.1871
116	1.2189	1.5586	0.1254	-0.0826	0.1867	3.6035	0.6630	-0.1533
117	1.2174	1.5585	0.1242	-0.0859	0.1872	3.7047	0.7610	-0.2223
118	1.2157	1.5585	0.1272	-0.0897	0.1878	3.5457	0.8870	-0.2250
119	1.2137	1.5586	0.1242	-0.0941	0.1886	3.6219	0.8380	-0.2207
120	1.2119	1.5588	0.1284	-0.0981	0.1895	3.3735	0.9760	-0.2768
121	1.2439	1.5840	0.1278	-0.0341	0.2408	3.3401	1.0000	0.0111
122	1.2435	1.5841	0.1201	-0.0349	0.2417	4.2862	1.2580	-0.3213
123	1.2429	1.5841	0.1290	-0.0363	0.2426	3.4135	1.5130	-0.3879
124	1.2419	1.5841	0.1290	-0.0383	0.2434	3.3105	1.5000	-0.3663
125	1.2406	1.5840	0.1278	-0.0410	0.2441	3.5350	1.3200	-0.3209
126	1.2390	1.5840	0.1284	-0.0443	0.2449	3.3602	1.2310	-0.3095
127	1.2371	1.5840	0.1266	-0.0483	0.2458	3.5955	1.1680	-0.3142
128	1.2349	1.5841	0.1278	-0.0528	0.2468	3.5896	1.0810	-0.2570
129	1.2324	1.5842	0.1266	-0.0579	0.2479	3.6323	0.9560	-0.2239
130	1.2308	1.5843	0.1296	-0.0614	0.2489	3.3404	0.8710	-0.2379
131	1.2309	1.5960	0.1266	-0.0613	0.2733	3.8387	0.8630	-0.2165
132	1.2306	1.5960	0.1266	-0.0621	0.2742	3.6152	0.8210	-0.2187
133	1.2300	1.5958	0.1242	-0.0635	0.2748	3.8607	0.6470	-0.1587
134	1.2293	1.5955	0.1296	-0.0652	0.2753	3.4098	0.5780	-0.1473
135	1.2283	1.5951	0.1254	-0.0674	0.2753	3.6947	0.5530	-0.1493
136	1.2270	1.5945	0.1278	-0.0701	0.2750	3.6646	0.6610	-0.1849
137	1.2255	1.5937	0.1248	-0.0734	0.2743	2.9809	0.7920	-0.2167
138	1.2236	1.5928	0.1278	-0.0775	0.2735	3.7018	0.8220	-0.1958
139	1.2214	1.5918	0.1242	-0.0821	0.2724	4.0315	0.8970	-0.2495
140	1.2195	1.5910	0.1290	-0.0862	0.2717	3.4694	0.7860	-0.2034
141	1.2139	1.5930	0.1284	-0.0978	0.2766	3.6168	0.8510	-0.2170
142	1.2137	1.5929	0.1284	-0.0986	0.2774	3.5150	0.8280	-0.2176
143	1.2118	1.5927	0.1272	-0.1028	0.2780	2.7964	0.7390	-0.1716
144	1.2093	1.5926	0.1296	-0.1081	0.2786	3.4065	0.8080	-0.2310
145	1.2067	1.5925	0.1254	-0.1138	0.2793	4.1118	0.9600	-0.2666
146	1.2039	1.5924	0.1284	-0.1200	0.2802	2.6493	1.0240	-0.2684
147	1.2009	1.5924	0.1236	-0.1264	0.2810	4.1833	1.0200	-0.2644
148	1.1977	1.5923	0.1278	-0.1333	0.2818	3.9396	0.9180	-0.2283
149	1.1943	1.5921	0.1183	-0.1407	0.2824	4.9747	1.0260	-0.2604
150	1.1914	1.5919	0.1272	-0.1471	0.2828	3.9854	1.0230	-0.2646
151	1.2289	1.5670	0.1254	-0.0722	0.2336	4.0960	1.1810	-0.3144
152	1.2287	1.5669	0.1272	-0.0729	0.2342	4.2616	1.2680	-0.3240
153	1.2284	1.5666	0.1284	-0.0738	0.2343	3.7716	1.4060	-0.3382
154	1.2277	1.5662	0.1278	-0.0753	0.2341	3.7424	1.3450	-0.3313
155	1.2268	1.5658	0.1248	-0.0773	0.2339	3.9429	1.2510	-0.2935
156	1.2256	1.5652	0.1242	-0.0799	0.2334	4.5120	1.4090	-0.3625
157	1.2241	1.5647	0.1254	-0.0833	0.2330	3.9677	1.7210	-0.4399
158	1.2222	1.5641	0.1242	-0.0874	0.2325	4.4289	1.8890	-0.4542
159	1.2200	1.5635	0.1278	-0.0921	0.2319	3.8361	1.9500	-0.4727
160	1.2180	1.5630	0.1284	-0.0963	0.2315	4.1392	1.9960	-0.4700
161	1.2439	1.5769	0.1266	-0.0446	0.2602	4.4924	2.0610	-0.4902
162	1.2436	1.5767	0.1278	-0.0453	0.2606	4.1839	2.0990	-0.4933
163	1.2430	1.5764	0.1230	-0.0465	0.2606	4.4756	1.9820	-0.4495
164	1.2423	1.5761	0.1207	-0.0480	0.2607	4.2413	1.8530	-0.4457
165	1.2412	1.5756	0.1236	-0.0503	0.2606	4.2597	1.7680	-0.4508
166	1.2397	1.5750	0.1266	-0.0533	0.2601	3.3338	1.7470	-0.4221
167	1.2380	1.5743	0.1260	-0.0570	0.2594	4.3092	1.6690	-0.3990
168	1.2358	1.5734	0.1290	-0.0614	0.2583	4.3284	1.6330	-0.3977
169	1.2333	1.5725	0.1183	-0.0666	0.2573	5.3257	1.6410	-0.3874
170	1.2310	1.5718	0.1290	-0.0714	0.2565	4.2394	1.6910	-0.4075
171	1.2340	1.6000	0.1278	-0.0657	0.3140	4.2781	1.6370	-0.4675
172	1.2337	1.6000	0.1278	-0.0664	0.3150	4.2960	1.5340	-0.3876
173	1.2330	1.6020	0.1254	-0.0679	0.3201	4.4822	1.6590	-0.4106
174	1.2321	1.6041	0.1272	-0.0700	0.3253	4.3449	1.7380	-0.4184
175	1.2308	1.6063	0.1254	-0.0726	0.3306	4.7002	1.9150	-0.4738
176	1.2294	1.6085	0.1207	-0.0758	0.3362	5.1661	1.9030	-0.4511
177	1.2275	1.6107	0.1272	-0.0796	0.3417	4.4606	1.8300	-0.4362
178	1.2254	1.6128	0.1296	-0.0841	0.3471	4.2482	1.9240	-0.4798
179	1.2230	1.6150	0.1278	-0.0893	0.3526	4.4248	1.9700	-0.4793
180	1.2209	1.6167	0.1278	-0.0938	0.3571	4.5605	2.1720	-0.4927
181	1.2456	1.5650	0.1278	-0.0443	0.2544	4.0990	2.0170	-0.4706
182	1.2450	1.5649	0.1278	-0.0457	0.2548	3.5297	1.8630	-0.4493
183	1.2441	1.5647	0.1248	-0.0475	0.2552	4.6157	1.8050	-0.4399
184	1.2428	1.5648	0.1278	-0.0502	0.2559	4.5744	1.8300	-0.4330
185	1.2410	1.5649	0.1218	-0.0538	0.2567	4.9482	1.8590	-0.4684
186	1.2389	1.5650	0.1278	-0.0582	0.2577	4.4913	1.8150	-0.4564
187	1.2366	1.5651	0.1248	-0.0630	0.2586	4.9303	1.7510	-0.4208
188	1.2342	1.5656	0.1290	-0.0678	0.2601	4.5032	1.7640	-0.4175
189	1.2316	1.5662	0.1284	-0.0731	0.2620	3.5287	1.8930	-0.4506
190	1.2295	1.5667	0.1284	-0.0777	0.2637	4.7301	1.9820	-0.4882
191	1.2468	1.5380	0.1266	-0.0430	0.2066	4.8406	22.0810	-4.9471
192	1.2464	1.5379	0.1290	-0.0438	0.2070	4.6291	2.0620	-0.4816
193	1.2459	1.5380	0.1266	-0.0450	0.2075	4.5760	2.1430	-0.5201
194	1.2453	1.5381	0.1278	-0.0462	0.2080	3.6277	2.2660	-0.5336
195	1.2443	1.5383	0.1254	-0.0482	0.2088	4.7574	2.2930	-0.5534
196	1.2432	1.5385	0.1290	-0.0506	0.2097	4.7636	2.2550	-0.5027
197	1.2418	1.5387	0.1178	-0.0534	0.2105	5.8319	2.1630	-0.5294
198	1.2404	1.5386	0.1290	-0.0563	0.2106	4.8004	2.0830	-0.4778
199	1.2386	1.5383	0.1183	-0.0600	0.2104	5.9190	2.1820	-0.5399
200	1.2374	1.5381	0.1278	-0.0626	0.2103	4.6727	2.0950	-0.4787
201	1.2650	1.5651	0.1172	-0.0072	0.2650	5.8442	1.9630	-0.4626
202	1.2647	1.5650	0.1254	-0.0076	0.2654	4.8157	1.9720	-0.4784
203	1.2642	1.5646	0.1224	-0.0085	0.2653	4.4282	2.0090	-0.4796
204	1.2632	1.5645	0.1284	-0.0104	0.2657	4.7920	1.8520	-0.4322
205	1.2618	1.5643	0.1254	-0.0130	0.2659	5.4142	1.8010	-0.4315
206	1.2602	1.5642	0.1189	-0.0162	0.2664	5.9082	1.7010	-0.3883
207	1.2582	1.5644	0.1260	-0.0201	0.2675	4.9561	1.6790	-0.4061
208	1.2560	1.5646	0.1266	-0.0245	0.2685	5.0826	52.0000	-30.0000
209	1.2536	1.5648	0.1278	-0.0292	0.2695	5.0166	1.6770	-0.4159
210	1.2517	1.5649	0.1213	-0.0330	0.2703	5.8785	1.7160	-0.4152
211	1.2548	1.5612	0.1272	-0.0267	0.2635	4.8183	1.7340	-0.4219
212	1.2546	1.5616	0.1290	-0.0270	0.2650	4.9158	1.7060	-0.4054
213	1.2542	1.5622	0.1260	-0.0278	0.2668	5.2962	1.7110	-0.4212
214	1.2539	1.5627	0.1284	-0.0284	0.2684	5.0858	1.7540	-0.4250
215	1.2533	1.5630	0.1166	-0.0295	0.2698	6.1613	1.7910	-0.4279
216	1.2528	1.5635	0.1278	-0.0305	0.2713	5.1961	2.0160	-0.4949
217	1.2522	1.5637	0.1189	-0.0318	0.2724	5.8605	2.0630	-0.5031
218	1.2511	1.5639	0.1272	-0.0338	0.2734	5.0038	2.2120	-0.5256
219	1.2499	1.5643	0.1290	-0.0363	0.2748	4.9243	2.2130	-0.5290
220	1.2487	1.5645	0.1195	-0.0386	0.2758	6.4454	2.2260	-0.5163
221	1.2200	1.6210	0.1284	-0.0963	0.3901	4.9064	2.0750	-0.5040
222	1.2200	1.6208	0.1195	-0.0968	0.3909	6.1749	2.1170	-0.4844
223	1.2194	1.6204	0.1230	-0.0981	0.3913	5.3522	1.9920	-0.4606
224	1.2186	1.6201	0.1266	-0.1001	0.3920	5.3603	2.0460	-0.5065
225	1.2186	1.6202	0.1278	-0.1003	0.3933	5.0535	1.8610	-0.3683
226	1.2197	1.6208	0.1266	-0.0984	0.3957	4.5667	1.8760	-0.4557
227	1.2207	1.6215	0.1230	-0.0967	0.3983	5.4860	1.6990	-0.4106
228	1.2212	1.6210	0.1284	-0.0961	0.3985	5.0368	1.4310	-0.3460
229	1.2213	1.6200	0.1278	-0.0962	0.3977	5.3652	1.5170	-0.3661
230	1.2212	1.6186	0.1230	-0.0966	0.3961	5.9537	1.4750	-0.3612
231	1.2241	1.5706	0.1266	-0.0911	0.3008	5.4181	1.3030	-0.3069
232	1.2277	1.5725	0.1272	-0.0842	0.3054	5.3642	1.1710	-0.2406
233	1.2311	1.5755	0.1172	-0.0775	0.3122	6.2279	1.1510	-0.2895
234	1.2337	1.5801	0.1272	-0.0726	0.3222	5.3419	1.0880	-0.2755
235	1.2358	1.5858	0.1278	-0.0685	0.3344	5.3478	1.2680	-0.3498
236	1.2390	1.5907	0.1248	-0.0622	0.3450	5.4282	1.3390	-0.3313
237	1.2425	1.5950	0.1260	-0.0552	0.3546	5.7835	1.0570	-0.3029
238	1.2468	1.5995	0.1201	-0.0466	0.3647	6.5126	1.1550	-0.3118
239	1.2508	1.6038	0.1248	-0.0388	0.3742	5.8435	1.0950	-0.2726
240	1.2541	1.6069	0.1284	-0.0320	0.3815	5.4856	1.0850	-0.2615
241	1.2538	1.5629	0.1230	-0.0326	0.2941	5.9662	1.0150	-0.2592
242	1.2539	1.5617	0.1248	-0.0323	0.2923	4.8869	0.8590	-0.2254
243	1.2551	1.5592	0.1242	-0.0299	0.2880	5.7418	1.0150	-0.2766
244	1.2560	1.5567	0.1302	-0.0281	0.2836	5.4590	0.9030	-0.2245
245	1.2562	1.5539	0.1183	-0.0276	0.2784	6.6033	0.7350	-0.1849
246	1.2558	1.5489	0.1272	-0.0283	0.2690	5.6780	0.6490	-0.1671
247	1.2546	1.5450	0.1278	-0.0307	0.2615	5.5033	0.7190	-0.1943
248	1.2529	1.5409	0.1284	-0.0340	0.2538	5.6900	0.4340	-0.0859
249	1.2514	1.5369	0.1266	-0.0370	0.2461	4.9160	0.2240	-0.0690
250	1.2502	1.5346	0.1296	-0.0393	0.2419	5.3327	0.1370	-0.0483
251	1.2545	1.5514	0.1260	-0.0308	0.2761	5.6027	0.0950	-0.0505
252	1.2535	1.5511	0.1189	-0.0328	0.2759	6.7721	0.0910	-0.0416
253	1.2523	1.5491	0.1266	-0.0352	0.2724	6.0499	0.0020	-0.0316
254	1.2514	1.5470	0.1302	-0.0368	0.2687	5.3899	0.0800	-0.0614
255	1.2499	1.5455	0.1284	-0.0398	0.2661	5.8694	-0.0060	-0.0049
256	1.2486	1.5428	0.1284	-0.0425	0.2611	5.6457	0.0770	-0.0692
257	1.2481	1.5396	0.1272	-0.0436	0.2553	5.6290	0.1170	-0.0630
258	1.2488	1.5381	0.1278	-0.0421	0.2525	5.6947	0.0420	-0.0343
259	1.2501	1.5393	0.1266	-0.0396	0.2555	5.9784	0.0560	-0.0454
260	1.2510	1.5418	0.1254	-0.0377	0.2607	5.7773	0.0750	-0.0492
261	1.2287	1.5778	0.1254	-0.0825	0.3336	5.7328	-0.0230	-0.0362
262	1.2299	1.5803	0.1248	-0.0803	0.3394	5.8234	-0.1700	0.6041
263	1.2306	1.5816	0.1266	-0.0791	0.3429	5.9249	-0.1780	0.0070
264	1.2319	1.5819	0.1272	-0.0767	0.3443	5.8710	-0.1200	-0.0164
265	1.2318	1.5810	0.1266	-0.0771	0.3433	5.2519	-0.0660	-0.0183
266	1.2282	1.5811	0.1248	-0.0845	0.3442	6.4373	-0.1620	0.0989
267	1.2235	1.5846	0.1266	-0.0942	0.3521	5.9989	-0.2000	0.0142
268	1.2215	1.5864	0.1207	-0.0984	0.3566	6.8500	-0.1780	-0.0016
269	1.2155	1.5876	0.1254	-0.1108	0.3598	6.1198	-0.1520	-0.0014
270	1.2127	1.5885	0.1242	-0.1169	0.3626	6.5153	-0.3370	0.0963
271	1.2379	1.5921	0.1284	-0.0665	0.3707	5.9050	-0.2700	0.0152
272	1.2364	1.5940	0.1290	-0.0696	0.3755	5.0800	-0.2480	-0.0114
273	1.2367	1.5981	0.1254	-0.0692	0.3845	6.4233	-0.1100	0.0002
274	1.2396	1.6028	0.1284	-0.0635	0.3951	6.2016	-0.0120	-0.0105
275	1.2419	1.6056	0.1195	-0.0590	0.4017	6.8680	-0.0380	0.0020
276	1.2447	1.6087	0.1284	-0.0534	0.4090	6.1173	-0.1180	0.0312
277	1.2485	1.6136	0.1248	-0.0458	0.4200	6.0889	-0.2490	0.0610
278	1.2529	1.6229	0.1284	-0.0369	0.4396	6.2150	-0.2790	0.0348
279	1.2587	1.6346	0.1278	-0.0253	0.4644	6.1852	-0.2570	0.0264
280	1.2640	1.6435	0.1278	-0.0146	0.4838	6.2602	-0.2260	0.0273
281	1.2116	1.5565	0.1284	-0.1199	0.3102	6.0814	-0.2220	0.0266
282	1.2135	1.5569	0.1183	-0.1163	0.3115	7.0704	-0.2720	0.0408
283	1.2175	1.5559	0.1248	-0.1086	0.3101	6.3123	-0.3200	0.0471
284	1.2224	1.5517	0.1266	-0.0992	0.3023	6.3547	-0.4050	0.0563
285	1.2235	1.5448	0.1278	-0.0972	0.2889	6.2287	-0.4590	0.0840
286	1.2262	1.5359	0.1266	-0.0920	0.2715	5.5629	-0.3590	0.0635
287	1.2292	1.5309	0.1272	-0.0863	0.2618	6.2777	-0.3630	0.0937
288	1.2348	1.5277	0.1272	-0.0753	0.2557	6.5372	-0.2000	0.0303
289	1.2436	1.5227	0.1272	-0.0576	0.2459	6.1944	-0.3030	0.0539
290	1.2481	1.5197	0.1290	-0.0486	0.2401	6.2280	-0.3190	0.0328
291	1.2425	1.5548	0.1260	-0.0600	0.3108	6.8475	-0.3980	0.0661
292	1.2394	1.5584	0.1248	-0.0663	0.3187	6.7667	-0.3740	0.0644
293	1.2398	1.5630	0.1284	-0.0657	0.3284	5.9931	-0.4040	0.1110
294	1.2406	1.5643	0.1272	-0.0641	0.3317	6.2128	-0.3260	0.0568
295	1.2386	1.5649	0.1284	-0.0681	0.3337	6.1457	-0.4600	0.0955
296	1.2333	1.5681	0.1272	-0.0789	0.3407	6.4285	-0.6090	0.1687
297	1.2285	1.5692	0.1242	-0.0887	0.3435	6.8667	-0.7710	0.1869
298	1.2270	1.5710	0.1242	-0.0919	0.3478	6.5858	-0.8150	0.1657
299	1.2287	1.5725	0.1242	-0.0889	0.3516	7.0244	-0.8000	0.1856
300	1.2266	1.5718	0.1284	-0.0932	0.3509	6.7169	-0.9050	0.2130
301	1.2282	1.5604	0.1290	-0.0902	0.3287	6.5373	-1.0090	0.2383
302	1.2300	1.5580	0.1284	-0.0869	0.3245	6.2635	-1.2170	0.3063
303	1.2331	1.5491	0.1248	-0.0807	0.3072	6.5954	-1.3880	0.3478
304	1.2374	1.5376	0.1296	-0.0723	0.2845	6.5156	-1.4010	0.3627
305	1.2356	1.5237	0.1260	-0.0761	0.2569	6.6676	-1.4300	0.3303
306	1.2283	1.5088	0.1272	-0.0909	0.2272	6.5418	-1.5510	0.3845
307	1.2211	1.4962	0.1230	-0.1055	0.2020	6.8235	-1.7100	0.4646
308	1.2173	1.4830	0.1290	-0.1134	0.1755	6.4810	-1.7040	0.4081
309	1.2146	1.4699	0.1272	-0.1192	0.1490	6.8375	-1.6210	0.3723
310	1.2110	1.4591	0.1254	-0.1269	0.1269	7.1286	-1.7910	0.4827
311	1.2276	1.5890	0.1278	-0.0939	0.3877	6.8587	-1.9880	0.4722
312	1.2322	1.5876	0.1272	-0.0849	0.3857	6.9489	-2.0010	0.4787
313	1.2353	1.5863	0.1242	-0.0788	0.3839	6.9060	-2.0950	0.4978
314	1.2361	1.5842	0.1272	-0.0774	0.3807	6.9259	-2.1930	0.5227
315	1.2391	1.5818	0.1236	-0.0716	0.3766	7.0744	-2.0950	1.4320
316	1.2400	1.5802	0.1296	-0.0697	0.3742	6.5515	-1.9390	0.4733
317	1.2393	1.5776	0.1248	-0.0712	0.3698	6.9692	-1.8750	0.4551
318	1.2369	1.5764	0.1302	-0.0762	0.3682	6.5760	-1.8480	0.4446
319	1.2390	1.5739	0.1236	-0.0722	0.3638	7.2081	-1.8630	0.4738
320	1.2382	1.5708	0.1278	-0.0739	0.3584	6.9004	-1.7510	0.3701
321	1.2534	1.5824	0.1266	-0.0434	0.3825	7.1199	-1.7730	0.4555
322	1.2604	1.5886	0.1284	-0.0292	0.3957	6.9819	-1.8050	0.4261
323	1.2706	1.5907	0.1266	-0.0087	0.4009	6.8562	-1.9630	0.4800
324	1.2799	1.5960	0.1278	0.0102	0.4125	6.7299	-1.8480	0.4664
325	1.2815	1.6017	0.1272	0.0137	0.4248	6.0561	-1.7030	0.4128
326	1.2770	1.6067	0.1260	0.0050	0.4358	7.0438	-1.6800	0.3859
327	1.2672	1.6150	0.1260	-0.0144	0.4536	7.1823	-1.7420	0.4099
328	1.2510	1.6310	0.1296	-0.0468	0.4869	6.8862	-1.6970	0.4293
329	1.2381	1.6483	0.1266	-0.0728	0.5229	7.3887	-1.7980	0.4433
330	1.2311	1.6577	0.1260	-0.0870	0.5433	7.2938	-1.8130	0.4248
331	1.2315	1.5724	0.1278	-0.0862	0.3735	6.9716	-1.9800	0.4860
332	1.2257	1.5761	0.1284	-0.0983	0.3818	6.1488	-2.0920	0.4842
333	1.2229	1.5779	0.1278	-0.1040	0.3860	7.0087	-1.9960	0.4344
334	1.2160	1.5800	0.1248	-0.1182	0.3911	7.3271	-2.1130	0.5281
335	1.2104	1.5818	0.1272	-0.1298	0.3955	7.1786	-2.1230	0.5058
336	1.2071	1.5863	0.1266	-0.1369	0.4053	6.6746	-2.3320	0.5675
337	1.2038	1.5935	0.1278	-0.1438	0.4206	7.0837	-2.2200	0.5154
338	1.2003	1.6005	0.1272	-0.1513	0.4357	7.1142	-2.3000	0.5363
339	1.1957	1.6075	0.1254	-0.1611	0.4508	7.1698	-2.0000	0.3115
340	1.1912	1.6122	0.1296	-0.1706	0.4613	7.0982	-2.2680	0.5238
341	1.2306	1.5774	0.1272	-0.0921	0.3925	6.3961	-2.2960	0.5376
342	1.2282	1.5782	0.1290	-0.0971	0.3948	7.2002	-2.3000	0.5452
343	1.2247	1.5769	0.1284	-0.1044	0.3931	7.3518	-2.2950	0.5637
344	1.2198	1.5745	0.1201	-0.1144	0.3889	8.1289	-2.1280	0.4913
345	1.2133	1.5745	0.1284	-0.1279	0.3898	7.2679	-1.9820	0.4442
346	1.2043	1.5742	0.1284	-0.1463	0.3898	7.2257	-2.0020	0.4731
347	1.1895	1.5750	0.1278	-0.1764	0.3923	7.1965	-1.9470	0.4666
348	1.1736	1.5732	0.1284	-0.2091	0.3894	6.6675	-2.0100	0.4940
349	1.1537	1.5712	0.1266	-0.2497	0.3861	7.5582	-1.9890	0.4511
350	1.1358	1.5693	0.1308	-0.2868	0.3828	7.2450	-1.9220	0.4415
351	1.2439	1.5518	0.1254	-0.0706	0.3484	7.7948	-1.8850	0.4186
352	1.2429	1.5512	0.1278	-0.0726	0.3479	7.3439	-1.9150	0.4506
353	1.2441	1.5531	0.1278	-0.0703	0.3521	6.3629	-1.9370	0.4898
354	1.2451	1.5526	0.1236	-0.0684	0.3517	7.6458	-1.8840	0.4419
355	1.2474	1.5508	0.1278	-0.0639	0.3485	7.5208	-1.8970	0.4337
356	1.2482	1.5480	0.1189	-0.0622	0.3434	8.4857	-1.8820	0.4629
357	1.2567	1.5432	0.1272	-0.0452	0.3342	7.3901	-1.9390	0.4987
358	1.2663	1.5406	0.1278	-0.0259	0.3294	7.4560	-1.9030	0.4791
359	1.2750	1.5377	0.1254	-0.0081	0.3240	7.8832	-1.7830	0.4039
360	1.2859	1.5329	0.1284	0.0139	0.3148	7.7791	-1.9330	0.4889
361	1.2272	1.5684	0.1260	-0.1037	0.3865	7.7202	-1.9360	0.4811
362	1.2282	1.5647	0.1266	-0.1019	0.3796	7.7870	-2.2610	0.5690
363	1.2271	1.5605	0.1183	-0.1042	0.3719	8.6775	-2.3320	0.5403
364	1.2235	1.5567	0.1254	-0.1118	0.3649	7.6089	-2.4220	0.5723
365	1.2193	1.5517	0.1260	-0.1204	0.3554	7.7348	-2.4930	0.5944
366	1.2126	1.5488	0.1242	-0.1342	0.3500	8.0280	-2.4610	0.5405
367	1.2044	1.5478	0.1266	-0.1511	0.3485	6.6449	-2.4380	0.5572
368	1.1948	1.5464	0.1296	-0.1708	0.3462	7.7173	-2.3330	0.5272
369	1.1834	1.5449	0.1260	-0.1942	0.3436	7.9284	-2.4400	0.5666
370	1.1747	1.5434	0.1290	-0.2124	0.3410	7.7621	-2.5080	0.6111
371	1.2281	1.6033	0.1266	-0.1058	0.4618	7.1737	-2.5240	0.5755
372	1.2308	1.6071	0.1284	-0.1007	0.4706	7.6876	-2.7680	0.6622
373	1.2338	1.6105	0.1224	-0.0947	0.4785	8.0060	-2.8490	0.6273
374	1.2409	1.6137	0.1254	-0.0806	0.4860	8.0865	-2.8550	0.7039
375	1.2482	1.6143	0.1248	-0.0662	0.4885	7.8180	-2.8930	0.7128
376	1.2579	1.6140	0.1266	-0.0466	0.4889	7.9793	-3.0690	0.7582
377	1.2688	1.6141	0.1260	-0.0247	0.4902	8.0096	-3.1480	0.7206
378	1.2811	1.6147	0.1290	0.0003	0.4926	7.4866	-3.2500	0.7691
379	1.2966	1.6119	0.1278	0.0316	0.4882	7.9500	-3.3490	0.7715
380	1.3087	1.6099	0.1260	0.0565	0.4851	8.1810	-3.4180	0.8038
381	1.2248	1.5700	0.1195	-0.1115	0.4062	8.6768	-3.4260	0.7717
382	1.2216	1.5719	0.1266	-0.1181	0.4106	7.7834	-3.5500	0.8354
383	1.2182	1.5754	0.1278	-0.1253	0.4184	8.0770	-3.5440	0.8145
384	1.2122	1.5760	0.1183	-0.1377	0.4203	9.1116	-3.6440	0.8185
385	1.2081	1.5746	0.1278	-0.1463	0.4182	8.1143	-3.4890	0.8080
386	1.2029	1.5690	0.1308	-0.1572	0.4078	7.7067	-3.5760	0.8469
387	1.1979	1.5630	0.1284	-0.1677	0.3964	8.0170	-3.6030	0.8352
388	1.1914	1.5638	0.1284	-0.1814	0.3986	8.0356	-3.6650	0.8570
389	1.1784	1.5657	0.1242	-0.2080	0.4032	8.4379	-3.5520	0.7975
390	1.1638	1.5692	0.1272	-0.2380	0.4107	7.2669	-3.6040	0.8318
391	1.2073	1.5615	0.1230	-0.1515	0.3961	8.7910	-3.7730	0.8899
392	1.2114	1.5552	0.1248	-0.1438	0.3839	8.5956	-3.9500	0.9275
393	1.2151	1.5446	0.1266	-0.1367	0.3631	8.0381	-3.9990	0.9233
394	1.2145	1.5355	0.1278	-0.1383	0.3453	8.0913	-4.0980	0.9925
395	1.2117	1.5239	0.1248	-0.1441	0.3224	7.5857	-4.1340	0.9533
396	1.2061	1.5050	0.1272	-0.1558	0.2847	8.3823	-4.3190	0.9945
397	1.1956	1.4778	0.1230	-0.1773	0.2299	8.3046	-4.3510	1.0029
398	1.1777	1.4452	0.1272	-0.2140	0.1642	8.3588	-4.2280	0.9462
399	1.1591	1.4099	0.1260	-0.2520	0.0928	8.2814	-4.1020	0.9155
400	1.1461	1.3833	0.1278	-0.2791	0.0384	8.2593	-4.0460	0.9368
401	1.1988	1.5503	0.1266	-0.1741	0.3728	7.3014	-3.9350	0.8832
402	1.1957	1.5565	0.1272	-0.1809	0.3858	7.4210	-4.0540	0.9435
403	1.1960	1.5631	0.1260	-0.1808	0.3996	8.5283	-4.0740	0.9337
404	1.1972	1.5673	0.1260	-0.1790	0.4088	8.3669	-4.0970	0.9455
405	1.1965	1.5702	0.1178	-0.1809	0.4153	9.5553	-4.0930	0.9348
406	1.1959	1.5714	0.1266	-0.1827	0.4184	8.5721	-4.0950	0.9727
407	1.1949	1.5720	0.1284	-0.1853	0.4204	8.3128	-4.1880	0.9684
408	1.1935	1.5726	0.1272	-0.1885	0.4222	8.7177	-4.1030	0.9259
409	1.1934	1.5708	0.1248	-0.1893	0.4194	7.7223	-3.9720	0.9070
410	1.1950	1.5691	0.1266	-0.1866	0.4167	8.8237	-3.9440	0.9213
411	1.2497	1.6076	0.1242	-0.0774	0.4947	8.4656	-3.9880	0.9324
412	1.2487	1.6091	0.1183	-0.0793	0.4989	9.2491	-3.9510	0.9291
413	1.2469	1.6082	0.1278	-0.0828	0.4981	8.5502	-3.8890	0.8988
414	1.2422	1.6056	0.1254	-0.0924	0.4939	8.4972	-3.9520	0.9377
415	1.2388	1.6005	0.1242	-0.0994	0.4848	8.8981	-3.5900	0.6720
416	1.2367	1.5888	0.1254	-0.1036	0.4622	8.0635	-3.9610	4.4192
417	1.2374	1.5774	0.1248	-0.1024	0.4403	8.8646	-3.9990	0.9518
418	1.2394	1.5671	0.1266	-0.0985	0.4204	7.7831	-3.9720	1.1273
419	1.2421	1.5594	0.1178	-0.0932	0.4054	9.6880	-3.9140	0.8870
420	1.2434	1.5563	0.1260	-0.0907	0.3998	8.8898	-3.9600	0.9239
421	1.2271	1.5740	0.1195	-0.1234	0.4360	9.6856	-4.0870	0.9251
422	1.2307	1.5741	0.1284	-0.1164	0.4369	8.5739	-4.1620	0.9564
423	1.2347	1.5731	0.1248	-0.1087	0.4358	7.8506	-4.2270	1.0029
424	1.2385	1.5689	0.1272	-0.1012	0.4279	8.9338	-4.5360	1.0530
425	1.2418	1.5621	0.1254	-0.0945	0.4150	7.9849	-4.5550	1.0590
426	1.2410	1.5579	0.1260	-0.0964	0.4072	8.9343	-4.5680	1.0397
427	1.2414	1.5486	0.1248	-0.0957	0.3890	8.7974	-4.4580	0.9956
428	1.2405	1.5329	0.1218	-0.0974	0.3579	9.5917	-4.5080	1.0348
429	1.2410	1.5122	0.1260	-0.0966	0.3166	8.9306	-4.4220	1.0250
430	1.2417	1.4935	0.1290	-0.0952	0.2793	8.2854	-4.3850	1.0052
431	1.2091	1.5961	0.1272	-0.1609	0.4854	8.8171	-4.3330	0.9602
432	1.2173	1.5920	0.1302	-0.1447	0.4781	8.5312	-4.2640	0.9707
433	1.2275	1.5863	0.1272	-0.1245	0.4676	8.9735	-4.3160	0.9849
434	1.2384	1.5776	0.1254	-0.1030	0.4510	9.1476	-4.3660	1.0085
435	1.2493	1.5688	0.1248	-0.0810	0.4340	8.9983	-4.2340	0.9676
436	1.2623	1.5569	0.1266	-0.0550	0.4109	9.0408	-4.2570	1.0230
437	1.2806	1.5388	0.1272	-0.0181	0.3750	8.9271	-4.3240	0.9880
438	1.2991	1.5172	0.1201	0.0194	0.3319	9.9813	-4.4190	1.0163
439	1.3176	1.4916	0.1236	0.0570	0.2807	9.1559	-4.4150	0.9914
440	1.3313	1.4678	0.1290	0.0852	0.2328	8.7012	-4.4070	1.0247
441	1.2437	1.5920	0.1242	-0.0900	0.4820	9.1182	-4.2510	0.9923
442	1.2453	1.5915	0.1290	-0.0867	0.4821	8.0889	-4.3060	1.0018
443	1.2460	1.5942	0.1230	-0.0854	0.4884	9.3578	-4.1230	0.9513
444	1.2476	1.5997	0.1260	-0.0823	0.5004	9.2584	-4.0820	0.9017
445	1.2500	1.6066	0.1172	-0.0776	0.5152	10.3969	-4.0160	0.9039
446	1.2556	1.6121	0.1254	-0.0662	0.5272	9.1286	-4.2230	0.9976
447	1.2620	1.6225	0.1272	-0.0533	0.5494	9.1707	-4.3280	0.9960
448	1.2695	1.6305	0.1278	-0.0381	0.5666	9.1165	-4.4760	1.0641
449	1.2763	1.6353	0.1290	-0.0243	0.5775	8.1027	-4.4990	1.0265
450	1.2795	1.6404	0.1172	-0.0176	0.5892	10.3059	-4.5520	5.0910
451	1.2420	1.5853	0.1260	-0.0926	0.4798	9.3819	-4.5420	1.0628
452	1.2393	1.5832	0.1248	-0.0982	0.4766	9.2455	-4.6130	1.0888
453	1.2336	1.5801	0.1254	-0.1097	0.4710	9.1333	-4.7610	1.1049
454	1.2271	1.5739	0.1254	-0.1230	0.4593	9.4500	-4.9200	1.1567
455	1.2190	1.5686	0.1260	-0.1394	0.4495	9.3365	-4.8900	1.1029
456	1.2107	1.5597	0.1266	-0.1565	0.4323	8.6910	-4.9150	1.0768
457	1.2044	1.5495	0.1272	-0.1694	0.4124	9.2891	-4.8110	1.0968
458	1.1957	1.5393	0.1254	-0.1875	0.3923	9.4636	-4.7860	1.1340
459	1.1858	1.5261	0.1166	-0.2079	0.3662	10.5990	-4.6710	1.0915
460	1.1773	1.5143	0.1278	-0.2256	0.3428	9.5103	-4.5420	1.0005
461	1.2338	1.5581	0.1230	-0.1128	0.4310	9.7975	-4.5430	1.0114
462	1.2300	1.5559	0.1248	-0.1205	0.4272	9.9642	-4.5350	1.0194
463	1.2231	1.5506	0.1260	-0.1346	0.4170	9.3578	-4.6480	1.0432
464	1.2170	1.5461	0.1290	-0.1472	0.4086	9.4352	-4.3970	0.9874
465	1.2103	1.5400	0.1236	-0.1611	0.3967	9.7407	-4.4840	1.0290
466	1.2038	1.5357	0.1296	-0.1743	0.3885	9.3386	-4.4510	1.0461
467	1.1993	1.5355	0.1260	-0.1839	0.3884	9.5513	-4.5110	1.0750
468	1.2002	1.5393	0.1266	-0.1826	0.3965	9.4981	-4.5390	1.0572
469	1.2046	1.5493	0.1272	-0.1743	0.4168	9.5040	-4.5390	1.0243
470	1.2066	1.5560	0.1278	-0.1708	0.4308	9.5629	-4.5730	1.0684
471	1.3203	1.5743	0.1278	0.0574	0.4681	9.5777	-4.6130	1.0675
472	1.3176	1.5708	0.1290	0.0526	0.4619	9.5718	-4.7230	1.1062
473	1.3185	1.5640	0.1302	0.0552	0.4489	9.3232	-4.8050	1.1084
474	1.3233	1.5557	0.1272	0.0655	0.4330	9.6450	-4.8010	1.1022
475	1.3292	1.5484	0.1254	0.0781	0.4188	9.0513	-4.8550	1.2183
476	1.3315	1.5376	0.1266	0.0834	0.3977	9.6942	-5.0180	1.1500
477	1.3371	1.5263	0.1248	0.0955	0.3752	9.8684	-5.4370	1.4409
478	1.3467	1.5157	0.1183	0.1157	0.3543	10.9657	-5.0700	1.1576
479	1.3565	1.5051	0.1278	0.1363	0.3330	9.5459	-5.1720	1.1874
480	1.3637	1.4982	0.1189	0.1518	0.3192	10.6878	-5.3180	1.2146
481	1.2393	1.5964	0.1272	-0.0970	0.5166	9.7679	-5.4850	1.2700
482	1.2380	1.6022	0.1302	-0.0998	0.5291	9.3027	-5.5560	1.2876
483	1.2365	1.6084	0.1260	-0.1028	0.5427	9.8892	-5.8820	1.3770
484	1.2403	1.6148	0.1266	-0.0954	0.5566	10.0165	-5.8850	1.3670
485	1.2398	1.6186	0.1254	-0.0964	0.5653	9.8787	-5.9500	1.3864
486	1.2375	1.6181	0.1266	-0.1011	0.5655	9.6937	-5.7610	1.2780
487	1.2326	1.6141	0.1242	-0.1111	0.5587	9.7623	-5.8420	1.3200
488	1.2260	1.6073	0.1266	-0.1245	0.5463	9.7316	-5.9470	1.3350
489	1.2167	1.6085	0.1230	-0.1434	0.5498	10.0609	-5.8940	1.3401
490	1.2067	1.6113	0.1290	-0.1639	0.5564	9.7753	-5.8440	1.3632
491	1.2202	1.5952	0.1296	-0.1372	0.5252	9.6565	-5.8270	1.3283
492	1.2178	1.5960	0.1195	-0.1424	0.5277	10.7104	-5.7970	1.3029
493	1.2187	1.6035	0.1248	-0.1408	0.5438	10.2720	-5.8440	1.3343
494	1.2239	1.6098	0.1290	-0.1307	0.5576	9.6052	-5.7850	1.2927
495	1.2274	1.6171	0.1278	-0.1240	0.5732	9.7687	-5.5380	1.2208
496	1.2336	1.6197	0.1284	-0.1117	0.5795	8.8352	-5.5590	1.2428
497	1.2354	1.6152	0.1242	-0.1083	0.5718	10.2979	-5.5290	1.2637
498	1.2373	1.6136	0.1266	-0.1047	0.5696	10.3305	-5.3890	1.2344
499	1.2427	1.6114	0.1207	-0.0939	0.5664	10.8797	-5.2620	1.1411
500	1.2454	1.6075	0.1272	-0.0886	0.5598	10.1102	-5.2400	1.2528
501	1.2450	1.5826	0.1272	-0.0893	0.5107	10.1249	-5.2290	1.1698
502	1.2478	1.5835	0.1260	-0.0837	0.5133	10.2278	-1.6390	-1.2273
503	1.2484	1.5843	0.1278	-0.0826	0.5158	9.2033	-4.9610	1.1373
504	1.2527	1.5894	0.1254	-0.0740	0.5269	10.6389	-4.9930	1.1080
505	1.2556	1.5900	0.1272	-0.0681	0.5290	10.2593	-4.7630	1.1004
506	1.2558	1.5901	0.1278	-0.0677	0.5301	10.3258	-4.6570	1.0185
507	1.2595	1.5892	0.1278	-0.0601	0.5291	10.2233	-4.6540	1.0664
508	1.2604	1.5879	0.1260	-0.0583	0.5275	10.3976	-4.5890	1.0612
509	1.2598	1.5875	0.1266	-0.0594	0.5275	10.2841	-4.6770	1.0750
510	1.2555	1.5851	0.1242	-0.0680	0.5236	10.6460	-4.6680	1.0735
511	1.2533	1.5920	0.1266	-0.0722	0.5383	9.2568	-4.9000	1.1919
512	1.2532	1.5935	0.1254	-0.0725	0.5422	10.4171	-5.0670	1.2317
513	1.2514	1.5955	0.1154	-0.0761	0.5472	11.2736	-5.0030	1.1106
514	1.2497	1.5982	0.1266	-0.0794	0.5536	10.3710	-5.2370	1.1992
515	1.2438	1.5997	0.1272	-0.0913	0.5577	10.1377	-5.1700	1.1865
516	1.2388	1.6025	0.1284	-0.1014	0.5643	10.4319	-5.2370	1.2197
517	1.2315	1.6015	0.1242	-0.1162	0.5632	10.5930	-5.1210	1.1565
518	1.2249	1.5950	0.1260	-0.1296	0.5512	10.5167	-5.0860	1.1474
519	1.2210	1.5832	0.1260	-0.1377	0.5284	10.4749	-5.0600	1.1367
520	1.2149	1.5726	0.1260	-0.1502	0.5080	10.4298	-5.0720	1.1888
521	1.2104	1.5983	0.1242	-0.1596	0.5604	10.9000	-5.1220	1.1536
522	1.2095	1.6008	0.1284	-0.1618	0.5664	10.3541	-5.0890	1.2077
523	1.2075	1.6063	0.1218	-0.1664	0.5785	11.2215	-5.0617	1.1552
524	1.2072	1.6106	0.1278	-0.1674	0.5882	10.4639	-0.3000	-2.1354
525	1.2017	1.6167	0.1189	-0.1788	0.6015	11.4895	-5.3730	1.2669
526	1.1961	1.6230	0.1278	-0.1905	0.6154	10.5614	-5.4420	1.2275
527	1.1897	1.6240	0.1266	-0.2040	0.6186	10.3648	-5.5240	1.3174
528	1.1769	1.6259	0.1248	-0.2302	0.6237	10.5987	-5.4080	1.1968
529	1.1662	1.6322	0.1260	-0.2525	0.6376	9.8867	-5.3510	1.2175
530	1.1567	1.6357	0.1266	-0.2725	0.6459	10.7764	-5.2540	1.2008
531	1.2362	1.5683	0.1242	-0.1136	0.5117	10.6001	-5.0500	0.9987
532	1.2326	1.5661	0.1172	-0.1210	0.5079	11.7614	-5.2830	1.2170
533	1.2271	1.5610	0.1236	-0.1322	0.4984	11.1275	-5.2990	1.2170
534	1.2199	1.5546	0.1278	-0.1468	0.4862	10.5226	-5.4550	1.2704
535	1.2116	1.5482	0.1236	-0.1640	0.4739	10.9255	-5.4040	1.2502
536	1.2062	1.5401	0.1248	-0.1751	0.4580	10.9213	-5.5220	1.2595
537	1.1999	1.5352	0.1278	-0.1882	0.4485	10.6369	-5.5210	1.2704
538	1.1924	1.5313	0.1213	-0.2037	0.4411	10.6735	-5.5270	1.2633
539	1.1860	1.5303	0.1290	-0.2172	0.4394	10.5888	-5.5610	1.2878
540	1.1805	1.5309	0.1284	-0.2289	0.4410	10.8574	-5.4970	1.2602
541	1.2352	1.5726	0.1266	-0.1198	0.5251	10.8477	-5.8230	1.3292
542	1.2340	1.5707	0.1272	-0.1222	0.5219	10.9142	-6.1850	1.4889
543	1.2301	1.5738	0.1207	-0.1302	0.5290	11.7174	-6.1480	1.3815
544	1.2266	1.5777	0.1195	-0.1375	0.5375	11.6364	-6.3480	1.4660
545	1.2197	1.5819	0.1266	-0.1517	0.5468	11.0426	-6.1220	1.3356
546	1.2141	1.5788	0.1260	-0.1632	0.5414	10.7734	-6.1300	1.3988
547	1.2020	1.5711	0.1242	-0.1878	0.5265	11.1265	-5.9920	1.3508
548	1.1899	1.5623	0.1254	-0.2125	0.5096	11.0623	-6.2880	1.4504
549	1.1710	1.5548	0.1266	-0.2513	0.4951	10.9971	-6.1950	1.3906
550	1.1577	1.5513	0.1248	-0.2787	0.4888	11.4687	-6.2360	1.4362
551	1.2142	1.5650	0.1254	-0.1661	0.5167	11.0507	-5.9990	1.3176
552	1.2131	1.5603	0.1254	-0.1687	0.5079	10.8316	-6.0670	1.4173
553	1.2090	1.5546	0.1278	-0.1772	0.4971	10.9159	-5.6860	3.8293
554	1.2079	1.5513	0.1284	-0.1798	0.4909	10.8014	-5.5960	1.2787
555	1.2019	1.5474	0.1290	-0.1924	0.4837	10.0390	-5.4160	1.2386
556	1.1988	1.5432	0.1248	-0.1992	0.4757	11.5121	-5.4250	1.2856
557	1.1918	1.5402	0.1254	-0.2136	0.4701	11.2784	-5.2760	1.2061
558	1.1875	1.5335	0.1160	-0.2230	0.4570	12.7856	-5.4890	1.2611
559	1.1762	1.5229	0.1242	-0.2462	0.4360	11.2204	-5.4340	1.2101
560	1.1680	1.5148	0.1266	-0.2635	0.4200	11.1273	-5.5130	1.2624
561	1.2148	1.5713	0.1272	-0.1702	0.5338	11.1305	-5.4270	1.2704
562	1.2155	1.5686	0.1254	-0.1692	0.5291	10.3660	-5.4950	1.2655
563	1.2111	1.5651	0.1224	-0.1783	0.5226	11.6222	-5.3350	1.2108
564	1.2089	1.5625	0.1260	-0.1832	0.5182	11.3321	-5.5880	1.3000
565	1.2018	1.5558	0.1236	-0.1978	0.5053	11.2794	-5.5240	1.2368
566	1.1975	1.5502	0.1254	-0.2070	0.4945	11.6228	-5.6820	1.3000
567	1.1853	1.5413	0.1230	-0.2321	0.4772	11.5669	-5.5790	1.2718
568	1.1742	1.5308	0.1242	-0.2549	0.4566	11.3242	-5.7100	1.3058
569	1.1608	1.5182	0.1254	-0.2826	0.4316	11.3786	-5.7310	1.3247
570	1.1538	1.5076	0.1172	-0.2976	0.4103	12.3218	-5.7920	1.3018
571	1.2374	1.5478	0.1260	-0.1306	0.4912	11.0996	-5.4920	1.2226
572	1.2370	1.5428	0.1266	-0.1314	0.4816	11.4039	-5.3500	1.2150
573	1.2362	1.5365	0.1272	-0.1332	0.4693	11.2306	-5.2410	1.2108
574	1.2303	1.5264	0.1278	-0.1451	0.4496	11.2964	-5.1860	1.2293
575	1.2243	1.5172	0.1154	-0.1576	0.4312	12.3818	-5.1530	1.1587
576	1.2139	1.5042	0.1266	-0.1786	0.4053	11.4792	-5.0000	1.1572
577	1.2045	1.4894	0.1218	-0.1979	0.3757	11.7113	-4.9850	1.1071
578	1.1959	1.4790	0.1278	-0.2157	0.3545	11.3115	-4.9900	1.1202
579	1.1855	1.4675	0.1236	-0.2371	0.3312	10.9514	-4.7970	1.0986
580	1.1766	1.4618	0.1272	-0.2557	0.3194	11.5950	-4.8600	1.0677
581	1.2385	1.5831	0.1254	-0.1319	0.5628	11.4666	-4.6710	1.0506
582	1.2436	1.5816	0.1254	-0.1217	0.5607	11.6045	-4.5510	1.0319
583	1.2493	1.5845	0.1254	-0.1105	0.5674	11.8037	-4.5680	1.0410
584	1.2569	1.5856	0.1272	-0.0950	0.5705	11.6663	-4.6200	1.0904
585	1.2690	1.5857	0.1272	-0.0707	0.5714	11.6847	-4.5350	1.0430
586	1.2808	1.5819	0.1260	-0.0468	0.5647	10.8428	-4.4820	1.0196
587	1.2913	1.5734	0.1248	-0.0254	0.5485	11.5914	-4.6260	1.0312
588	1.3054	1.5612	0.1236	0.0034	0.5247	11.9314	-4.5120	1.0405
589	1.3159	1.5489	0.1272	0.0250	0.5005	11.6396	-4.4400	1.0214
590	1.3220	1.5348	0.1242	0.0380	0.4727	11.7745	-4.5400	0.9871
591	1.2093	1.5870	0.1230	-0.1878	0.5779	11.8728	-4.6300	1.0624
592	1.2099	1.5878	0.1242	-0.1872	0.5804	11.8681	-4.4370	1.0207
593	1.2121	1.5902	0.1248	-0.1831	0.5862	11.9348	-4.3410	1.1044
594	1.2135	1.5902	0.1272	-0.1807	0.5871	11.6658	-4.4080	1.0143
595	1.2188	1.5894	0.1254	-0.1704	0.5864	11.8409	-4.2530	0.9798
596	1.2220	1.5954	0.1278	-0.1641	0.5992	11.9321	-4.0490	0.9486
597	1.2245	1.6051	0.1248	-0.1595	0.6197	12.0695	-4.0890	0.9869
598	1.2251	1.6169	0.1278	-0.1585	0.6444	10.7859	-4.1950	0.9669
599	1.2198	1.6330	0.1260	-0.1695	0.6781	11.9034	-4.1570	0.9166
600	1.2153	1.6499	0.1272	-0.1787	0.7134	11.7738	-4.0270	0.8805
601	1.2259	1.4542	0.1284	-0.1578	0.3215	11.7635	-3.9270	0.9073
602	1.2325	1.4554	0.1278	-0.1448	0.3235	11.9756	-4.1570	0.9615
603	1.2381	1.4541	0.1266	-0.1338	0.3204	11.8976	-3.8830	0.8356
604	1.2436	1.4515	0.1284	-0.1228	0.3147	11.9394	-3.5840	0.7904
605	1.2468	1.4488	0.1254	-0.1163	0.3088	11.1961	-3.7250	0.8494
606	1.2449	1.4466	0.1272	-0.1203	0.3038	12.0015	-3.6040	0.8354
607	1.2430	1.4383	0.1266	-0.1241	0.2867	11.9121	-3.5310	0.8022
608	1.2391	1.4246	0.1195	-0.1319	0.2584	12.9032	-3.3690	0.7662
609	1.2322	1.4142	0.1242	-0.1461	0.2368	12.5370	-3.4660	0.7886
610	1.2241	1.4042	0.1302	-0.1625	0.2158	11.7081	-3.4230	0.7639
611	1.2174	1.6337	0.1266	-0.1761	0.6762	12.2191	-3.4680	0.8136
612	1.2138	1.6337	0.1272	-0.1837	0.6775	11.9849	-3.6490	0.8298
613	1.2114	1.6361	0.1242	-0.1889	0.6837	12.1844	-3.6730	0.8605
614	1.2082	1.6452	0.1242	-0.1958	0.7034	12.1439	-3.4020	0.8220
615	1.2127	1.6501	0.1230	-0.1871	0.7147	12.3055	-3.1760	0.6729
616	1.2193	1.6580	0.1230	-0.1743	0.7321	12.5030	-2.9970	0.6611
617	1.2238	1.6671	0.1236	-0.1655	0.7519	11.4562	-3.0550	0.7110
618	1.2216	1.6774	0.1260	-0.1703	0.7742	12.0050	-3.0874	0.7713
619	1.2164	1.6844	0.1242	-0.1810	0.7902	12.5376	-3.0820	0.7197
620	1.2107	1.6883	0.1248	-0.1926	0.7997	12.4210	-0.0330	0.0407
621	1.1948	1.6204	0.1242	-0.2251	0.6652	12.2691	-3.2370	0.8102
622	1.1935	1.6146	0.1248	-0.2281	0.6547	12.4545	-3.2910	0.7564
623	1.1905	1.6101	0.1242	-0.2349	0.6468	12.2472	-3.3530	0.7769
624	1.1902	1.6033	0.1284	-0.2360	0.6343	11.1200	-3.3710	0.7835
625	1.1871	1.5963	0.1242	-0.2428	0.6212	12.2855	-3.3650	0.8378
626	1.1832	1.5881	0.1296	-0.2514	0.6057	12.3137	-3.3730	0.7938
627	1.1832	1.5811	0.1172	-0.2520	0.5924	13.4046	-3.2560	0.7241
628	1.1815	1.5741	0.1278	-0.2561	0.5793	12.4482	-3.3900	0.7228
629	1.1798	1.5648	0.1254	-0.2601	0.5614	12.2756	-3.1380	0.7054
630	1.1790	1.5596	0.1290	-0.2624	0.5515	12.4571	-3.1250	0.6705
631	1.2006	1.6223	0.1213	-0.2198	0.6782	13.1613	-3.3410	0.7840
632	1.2066	1.6203	0.1278	-0.2082	0.6754	12.5143	-3.2180	0.7468
633	1.2187	1.6139	0.1260	-0.1844	0.6637	12.8096	-3.3880	0.8256
634	1.2321	1.6031	0.1201	-0.1578	0.6431	13.4173	-3.0790	0.6803
635	1.2470	1.5850	0.1254	-0.1279	0.6077	12.7976	-2.9450	0.6505
636	1.2653	1.5650	0.1278	-0.0913	0.5684	12.3472	-3.0680	0.7228
637	1.2846	1.5422	0.1284	-0.0523	0.5233	12.2330	-2.9130	0.6651
638	1.2988	1.5211	0.1272	-0.0233	0.4811	11.6898	-2.8290	0.6411
639	1.3065	1.5022	0.1183	-0.0075	0.4435	13.5995	-2.7670	0.6536
640	1.3094	1.4837	0.1266	-0.0010	0.4062	12.6219	-2.7420	0.6137
641	1.2664	1.6280	0.1290	-0.0868	0.6962	12.3465	-2.6670	0.6269
642	1.2636	1.6312	0.1260	-0.0923	0.7039	12.8472	-2.3720	0.5474
643	1.2596	1.6319	0.1266	-0.1003	0.7067	12.5537	-2.2080	0.4909
644	1.2523	1.6305	0.1260	-0.1147	0.7051	12.7639	-2.3150	0.5485
645	1.2503	1.6253	0.1266	-0.1188	0.6959	12.7705	-2.3840	0.6044
646	1.2512	1.6157	0.1189	-0.1170	0.6778	13.5917	-2.1910	0.4965
647	1.2518	1.6016	0.1266	-0.1158	0.6508	12.7479	-2.0810	0.4733
648	1.2482	1.5872	0.1284	-0.1230	0.6229	12.6691	-2.2220	0.5292
649	1.2410	1.5783	0.1272	-0.1375	0.6059	12.6526	-1.9100	0.4695
650	1.2365	1.5698	0.1195	-0.1466	0.5896	13.8334	-1.8960	0.5310
651	1.1996	1.6164	0.1284	-0.2209	0.6839	12.5373	-1.8240	0.3988
652	1.2016	1.6150	0.1248	-0.2174	0.6822	13.0482	-1.8200	0.5100
653	1.2032	1.6115	0.1154	-0.2146	0.6762	14.0107	-1.6480	0.3658
654	1.2068	1.6083	0.0884	-0.2079	0.6710	17.5756	-1.6980	0.4103
655	1.2084	1.6032	0.1254	-0.2051	0.6617	12.9152	-1.9680	0.4326
656	1.2096	1.5960	0.1272	-0.2031	0.6484	12.8975	-1.8370	0.4155
657	1.2120	1.5887	0.1278	-0.1987	0.6346	11.6118	-1.7860	0.4206
658	1.2115	1.5819	0.1284	-0.2001	0.6218	12.9713	-1.7760	0.4397
659	1.2101	1.5754	0.1230	-0.2034	0.6097	13.3948	-1.8100	0.4798
660	1.2086	1.5726	0.1260	-0.2068	0.6048	12.9885	-1.8060	0.4415
661	1.2124	1.5604	0.1272	-0.1995	0.5810	12.2092	-1.8470	0.4769
662	1.2088	1.5648	0.1248	-0.2071	0.5904	12.8089	-1.6320	0.3965
663	1.2048	1.5688	0.1230	-0.2155	0.5991	12.4591	-1.7560	0.4072
664	1.2039	1.5708	0.1278	-0.2177	0.6038	12.7842	-1.8300	0.8100
665	1.2042	1.5722	0.1248	-0.2176	0.6074	13.2831	-2.0030	0.4791
666	1.2049	1.5725	0.1248	-0.2167	0.6087	13.0033	-2.1290	0.5071
667	1.2068	1.5715	0.1248	-0.2133	0.6075	13.1411	-2.0190	0.4626
668	1.2070	1.5734	0.1278	-0.2133	0.6119	12.7400	-2.0510	0.4898
669	1.2065	1.5764	0.1242	-0.2148	0.6188	13.2499	-2.2140	0.5728
670	1.2068	1.5813	0.1272	-0.2146	0.6293	13.0850	-2.4850	0.6371
671	1.1636	1.4759	0.1260	-0.3019	0.4182	13.1242	-2.4910	0.6349
672	1.1680	1.4722	0.1195	-0.2939	0.4106	13.7454	-2.4070	0.5614
673	1.1744	1.4655	0.1266	-0.2819	0.3969	13.2701	-2.2910	0.5147
674	1.1804	1.4592	0.1278	-0.2706	0.3839	13.0837	-2.4300	0.5839
675	1.1861	1.4521	0.1242	-0.2599	0.3692	13.2951	-2.5370	0.6309
676	1.1916	1.4446	0.1278	-0.2495	0.3536	12.6455	-2.3630	0.5325
677	1.1999	1.4343	0.1248	-0.2333	0.3323	13.2016	-2.3650	0.5970
678	1.2127	1.4219	0.1272	-0.2081	0.3069	13.4719	-2.5270	0.6669
679	1.2275	1.4092	0.1154	-0.1786	0.2805	14.3028	-2.4630	0.5441
680	1.2376	1.3979	0.1296	-0.1586	0.2569	13.0341	-2.2970	0.4929
681	1.2090	1.5188	0.1183	-0.2162	0.4987	14.3404	-2.3500	0.5442
682	1.2090	1.5180	0.1248	-0.2166	0.4974	13.4631	-2.2800	0.5038
683	1.2136	1.5152	0.1224	-0.2078	0.4920	12.7154	-2.2810	0.5436
684	1.2145	1.5155	0.1242	-0.2064	0.4926	13.5143	-2.2770	0.5557
685	1.2182	1.5141	0.1242	-0.1994	0.4900	13.2958	-2.3940	0.6507
686	1.2190	1.5130	0.1166	-0.1979	0.4879	14.4657	-2.0070	0.3790
687	1.2265	1.5034	0.1272	-0.1832	0.4689	13.5729	-1.7630	0.4172
688	1.2357	1.4944	0.1266	-0.1650	0.4507	13.1843	-1.7330	0.4662
689	1.2476	1.4895	0.1260	-0.1411	0.4408	13.3345	-1.9470	0.5147
690	1.2620	1.4836	0.1248	-0.1122	0.4289	13.5526	-2.0130	0.5543
691	1.2268	1.5420	0.1236	-0.1829	0.5461	13.7707	-2.0730	0.5276
692	1.2272	1.5400	0.1224	-0.1823	0.5425	13.7533	-2.1670	0.5076
693	1.2280	1.5420	0.1213	-0.1809	0.5470	13.8546	-2.2860	0.5492
694	1.2247	1.5440	0.1230	-0.1878	0.5513	13.7206	-2.3030	0.5899
695	1.2213	1.5439	0.1254	-0.1948	0.5517	13.4545	-2.1100	0.5029
696	1.2216	1.5451	0.1242	-0.1946	0.5544	13.9148	-2.2570	0.5245
697	1.2256	1.5463	0.1248	-0.1868	0.5572	13.6827	-2.3430	0.6064
698	1.2283	1.5432	0.1266	-0.1815	0.5516	13.4860	-2.5580	0.5759
699	1.2281	1.5376	0.1248	-0.1822	0.5407	13.8399	-2.6190	0.6082
700	1.2269	1.5332	0.1272	-0.1848	0.5323	13.5633	-2.5270	0.5552
701	1.1966	1.5852	0.1218	-0.2460	0.6371	14.1624	-2.8360	0.7143
702	1.1954	1.5833	0.1266	-0.2490	0.6340	13.3130	-2.9030	0.6460
703	1.1931	1.5739	0.1248	-0.2541	0.6161	13.5475	-3.0900	0.7726
704	1.1856	1.5651	0.1254	-0.2697	0.5991	13.8514	-3.3980	0.8336
705	1.1764	1.5583	0.1166	-0.2889	0.5861	14.8077	-3.2270	0.7128
706	1.1640	1.5439	0.1260	-0.3145	0.5578	13.8775	-3.0240	0.6685
707	1.1529	1.5269	0.1296	-0.3378	0.5240	13.1034	-3.2550	0.8098
708	1.1397	1.5133	0.1260	-0.3652	0.4970	13.8545	-3.2530	0.7951
709	1.1251	1.4977	0.1254	-0.3956	0.4658	12.7762	-3.1660	0.7263
710	1.1105	1.4859	0.1260	-0.4264	0.4419	13.7692	-3.2340	0.7232
711	1.2157	1.5926	0.1254	-0.2163	0.6563	13.7964	-3.2910	0.6990
712	1.2141	1.5935	0.1160	-0.2198	0.6590	15.0010	-3.4500	0.8140
713	1.2127	1.5980	0.1230	-0.2229	0.6691	14.3596	-3.4510	0.8383
714	1.2063	1.5996	0.1260	-0.2361	0.6732	13.7817	-3.4100	0.7922
715	1.1987	1.6033	0.1278	-0.2518	0.6817	13.9431	-3.2929	0.7585
716	1.1930	1.6046	0.1272	-0.2638	0.6853	13.0295	-3.0160	0.7206
717	1.1886	1.6036	0.1266	-0.2732	0.6843	14.0051	-3.1020	0.7237
718	1.1756	1.6022	0.1272	-0.3000	0.6825	13.8911	-3.3470	0.7866
719	1.1586	1.5986	0.1254	-0.3349	0.6764	14.1857	-3.7490	0.9308
720	1.1459	1.5964	0.1284	-0.3613	0.6728	13.8355	-3.8020	4.2476
721	1.2142	1.5428	0.1178	-0.2252	0.5661	15.0694	-3.8060	0.8785
722	1.2173	1.5376	0.1284	-0.2192	0.5561	13.7489	-3.9300	0.8714
723	1.2181	1.5296	0.1260	-0.2179	0.5404	13.2924	-3.7650	0.8222
724	1.2197	1.5183	0.1260	-0.2151	0.5181	14.3761	-3.8210	0.9166
725	1.2249	1.5043	0.1260	-0.2050	0.4900	14.2137	-3.8080	0.9079
726	1.2302	1.4881	0.1207	-0.1945	0.4576	14.9324	-3.6780	0.8625
727	1.2344	1.4728	0.1242	-0.1864	0.4266	14.4060	-3.8620	0.9133
728	1.2324	1.4572	0.1284	-0.1905	0.3950	13.9802	-3.9120	0.9075
729	1.2339	1.4383	0.1248	-0.1876	0.3567	14.3113	-4.0570	0.9847
730	1.2361	1.4285	0.1278	-0.1834	0.3364	14.2024	-4.2030	1.0368
731	1.2066	1.5856	0.1266	-0.2428	0.6513	14.1812	-4.1290	0.9709
732	1.2054	1.5868	0.1278	-0.2456	0.6546	14.2354	-3.9830	0.9429
733	1.2071	1.5870	0.1266	-0.2427	0.6559	14.0983	-3.8290	0.8467
734	1.2073	1.5828	0.1278	-0.2427	0.6482	14.2725	-3.8900	0.9320
735	1.2087	1.5779	0.1254	-0.2404	0.6393	14.5194	-4.1280	0.9653
736	1.2043	1.5752	0.1272	-0.2496	0.6346	14.2614	-4.0290	0.9242
737	1.1915	1.5752	0.1284	-0.2758	0.6353	13.3083	-4.0270	0.9486
738	1.1804	1.5756	0.1260	-0.2987	0.6369	14.2043	-4.0270	0.9651
739	1.1665	1.5709	0.1266	-0.3273	0.6282	14.4498	-4.1730	0.9215
740	1.1595	1.5675	0.1183	-0.3422	0.6220	15.5170	-4.0070	0.8846
741	1.2264	1.5414	0.1272	-0.2086	0.5703	14.3469	-3.9530	0.8685
742	1.2286	1.5455	0.1290	-0.2045	0.5790	13.7897	-3.4830	0.7337
743	1.2255	1.5515	0.1260	-0.2108	0.5914	14.4683	-3.4560	0.7842
744	1.2212	1.5553	0.1260	-0.2198	0.5997	14.6068	-3.6360	0.8870
745	1.2085	1.5527	0.1272	-0.2455	0.5950	14.4218	-3.6840	0.8532
746	1.1925	1.5506	0.1248	-0.2781	0.5913	14.9691	-3.8770	0.9580
747	1.1763	1.5521	0.1248	-0.3112	0.5949	14.2708	-3.9400	0.8834
748	1.1637	1.5540	0.1278	-0.3373	0.5992	14.5856	-4.0000	0.9235
749	1.1520	1.5563	0.1254	-0.3618	0.6043	13.6549	-3.8160	0.8171
750	1.1438	1.5602	0.1272	-0.3792	0.6127	14.6920	-3.7800	0.8585
751	1.2149	1.5573	0.1236	-0.2374	0.6076	14.8965	-3.6480	0.8647
752	1.2141	1.5612	0.1248	-0.2393	0.6160	14.7130	-3.9140	0.9351
753	1.2101	1.5646	0.1236	-0.2476	0.6234	14.7556	-4.2240	0.9956
754	1.2027	1.5687	0.1284	-0.2630	0.6322	14.6182	-4.1530	0.9206
755	1.1962	1.5716	0.1254	-0.2765	0.6388	14.6378	-4.2830	1.0314
756	1.1937	1.5755	0.1242	-0.2821	0.6474	14.7999	-4.4850	1.1151
757	1.1911	1.5830	0.1248	-0.2878	0.6632	14.9868	-4.5580	1.0441
758	1.1855	1.5917	0.1248	-0.2998	0.6815	15.0654	-4.3960	0.9604
759	1.1749	1.6000	0.1160	-0.3217	0.6992	15.8982	-4.5160	0.9716
760	1.1682	1.6026	0.1236	-0.3359	0.7053	15.0583	-4.7400	1.0948
761	1.2196	1.5506	0.1224	-0.2334	0.6018	14.9771	6.0000	-1.3098
762	1.2160	1.5515	0.1230	-0.2409	0.6042	15.2236	-5.1970	1.1440
763	1.2144	1.5525	0.1248	-0.2445	0.6067	14.6714	-5.1850	1.1445
764	1.2078	1.5556	0.1254	-0.2581	0.6134	14.7370	-5.1650	1.2268
765	1.1968	1.5566	0.1230	-0.2807	0.6160	14.3965	-5.3840	1.3441
766	1.1789	1.5581	0.1149	-0.3171	0.6196	16.1580	-4.9970	1.0568
767	1.1551	1.5561	0.1230	-0.3657	0.6160	14.9032	-4.9480	1.1095
768	1.1285	1.5577	0.1254	-0.4202	0.6198	14.8742	-5.0400	1.1598
769	1.1006	1.5539	0.1236	-0.4774	0.6128	14.9295	-5.0960	1.1647
770	1.0758	1.5470	0.1278	-0.5288	0.5994	14.6794	-5.0700	1.1994
771	1.1850	1.5706	0.1236	-0.3110	0.6474	15.0191	-4.8550	1.0768
772	1.1854	1.5673	0.1189	-0.3109	0.6414	15.7808	-5.1890	1.1881
773	1.1830	1.5627	0.1137	-0.3163	0.6329	16.1249	-5.4450	1.2584
774	1.1826	1.5554	0.1254	-0.3178	0.6188	15.0411	-0.4740	-2.0980
775	1.1804	1.5453	0.1230	-0.3229	0.5992	15.0488	-5.5442	1.3126
776	1.1752	1.5277	0.1248	-0.3341	0.5642	15.1509	5.4420	-1.1849
777	1.1663	1.5068	0.1230	-0.3526	0.5225	14.2751	-5.2230	1.0986
778	1.1539	1.4823	0.1248	-0.3784	0.4732	15.1305	-5.7650	1.3345
779	1.1417	1.4569	0.1207	-0.4038	0.4220	15.4684	-6.0990	1.4435
780	1.1355	1.4340	0.1248	-0.4174	0.3756	14.9869	-6.4760	1.5386
781	1.2114	1.5298	0.1254	-0.2661	0.5675	14.2309	6.6800	-1.4620
782	1.2134	1.5328	0.1260	-0.2624	0.5738	15.0560	-6.8240	1.5177
783	1.2152	1.5366	0.1218	-0.2592	0.5818	15.5743	-6.5270	1.4395
784	1.2161	1.5417	0.1224	-0.2577	0.5924	15.3449	-6.9360	1.5724
785	1.2138	1.5464	0.1236	-0.2626	0.6023	15.2813	-7.2260	1.6543
786	1.2102	1.5484	0.1218	-0.2703	0.6067	15.3361	-7.2840	1.6819
787	1.2091	1.5475	0.1236	-0.2728	0.6054	15.3202	-7.6400	1.7709
788	1.2077	1.5526	0.1236	-0.2762	0.6161	15.3394	-7.4010	1.6674
789	1.2042	1.5629	0.1254	-0.2836	0.6374	15.2628	-7.4270	1.7716
790	1.2012	1.5672	0.1160	-0.2901	0.6466	16.6395	-7.3230	1.7021
791	1.2312	1.5044	0.1132	-0.2302	0.5211	16.5802	-7.1390	1.5366
792	1.2335	1.5048	0.1213	-0.2257	0.5219	15.6292	-7.3310	1.6594
793	1.2442	1.5064	0.1218	-0.2044	0.5252	14.7069	-7.6320	1.7811
794	1.2548	1.5071	0.1126	-0.1833	0.5266	17.0653	-8.0640	1.8212
795	1.2601	1.5043	0.1218	-0.1725	0.5211	15.4410	-8.1120	1.8417
796	1.2620	1.5011	0.1260	-0.1685	0.5147	15.2562	-7.9040	1.7709
797	1.2598	1.5054	0.1207	-0.1728	0.5234	15.5622	-7.6740	1.7411
798	1.2508	1.5118	0.1260	-0.1908	0.5362	14.3630	-7.8600	1.7589
799	1.2387	1.5177	0.1230	-0.2152	0.5483	15.6132	-7.8890	1.8523
800	1.2307	1.5226	0.1248	-0.2314	0.5582	15.7091	-7.7615	1.7657
801	1.2274	1.5178	0.1154	-0.2382	0.5489	16.7273	-7.5260	1.7255
802	1.2230	1.5190	0.1242	-0.2473	0.5514	15.5764	-7.1710	1.6287
803	1.2150	1.5205	0.1254	-0.2636	0.5546	15.3337	-7.2670	1.5820
804	1.2082	1.5264	0.1254	-0.2777	0.5667	14.5384	-7.4000	1.6966
805	1.1997	1.5294	0.1236	-0.2951	0.5731	15.6454	-7.1370	1.5864
806	1.1869	1.5320	0.1230	-0.3215	0.5785	16.1546	-7.2980	1.6890
807	1.1784	1.5384	0.1236	-0.3391	0.5917	15.6836	-7.5130	1.6955
808	1.1721	1.5492	0.1242	-0.3524	0.6137	15.6310	-7.5150	1.6893
809	1.1678	1.5545	0.1236	-0.3619	0.6250	15.9560	-7.4460	1.6378
810	1.1579	1.5593	0.1278	-0.3826	0.6352	15.2889	-7.4630	1.6331
811	1.2200	1.5038	0.1224	-0.2587	0.5242	16.0683	-7.6050	1.7435
812	1.2260	1.5067	0.1218	-0.2470	0.5300	15.3357	-7.1880	1.6160
813	1.2357	1.5082	0.1236	-0.2277	0.5330	15.6086	-6.8160	1.5461
814	1.2475	1.5080	0.1242	-0.2041	0.5328	15.9721	-6.7310	1.4987
815	1.2621	1.5055	0.1149	-0.1748	0.5279	16.6372	-6.6740	1.5359
816	1.2793	1.5091	0.1254	-0.1402	0.5351	15.7482	-6.6750	1.5797
817	1.2976	1.5076	0.1248	-0.1031	0.5323	15.5428	-6.6860	1.5355
818	1.3167	1.5056	0.1278	-0.0641	0.5283	15.8577	-6.6410	1.4876
819	1.3372	1.5032	0.1242	-0.0222	0.5236	15.7696	-6.6010	1.5254
820	1.3546	1.5053	0.1272	0.0136	0.5277	15.9639	-6.8860	1.6316
821	1.2192	1.5134	0.1248	-0.2576	0.5440	16.1456	-6.9700	1.5257
822	1.2197	1.5071	0.1242	-0.2568	0.5317	15.8779	-7.2160	1.6556
823	1.2181	1.4973	0.1230	-0.2604	0.5119	15.8033	-7.0430	1.5388
824	1.2177	1.4846	0.1260	-0.2616	0.4865	15.7605	-7.0870	1.6336
825	1.2114	1.4660	0.1224	-0.2744	0.4488	16.5073	-7.2900	1.6343
826	1.2001	1.4516	0.1266	-0.2975	0.4196	15.6082	-7.2680	1.6783
827	1.1836	1.4388	0.1248	-0.3313	0.3933	16.0208	-7.1750	1.5579
828	1.1698	1.4233	0.1242	-0.3597	0.3616	15.3485	-7.1760	1.6432
829	1.1573	1.4142	0.1160	-0.3856	0.3426	17.1134	-7.0350	1.5530
830	1.1498	1.4102	0.1242	-0.4016	0.3338	16.0827	-7.4670	1.8152
831	1.2156	1.5375	0.1242	-0.2704	0.5887	16.1575	-7.4720	1.7277
832	1.2187	1.5386	0.1254	-0.2644	0.5912	15.9143	-7.5880	1.7219
833	1.2198	1.5393	0.1236	-0.2626	0.5929	16.0891	-7.3180	1.6619
834	1.2181	1.5315	0.1248	-0.2663	0.5777	16.3228	-6.9540	1.5034
835	1.2128	1.5210	0.1242	-0.2773	0.5569	16.1148	-6.9500	1.5403
836	1.2087	1.5084	0.1178	-0.2859	0.5319	17.1473	-7.1360	1.6619
837	1.2049	1.4899	0.1236	-0.2939	0.4947	16.1653	-7.5000	1.7335
838	1.2031	1.4675	0.1201	-0.2979	0.4496	17.1467	-7.7000	1.7446
839	1.2002	1.4423	0.1230	-0.3043	0.3987	16.3337	0.6630	-0.1150
840	1.1976	1.4217	0.1278	-0.3099	0.3567	15.8344	-7.2880	1.5862
841	1.2274	1.5058	0.1236	-0.2506	0.5249	16.4122	-7.0790	1.6038
842	1.2311	1.5101	0.1248	-0.2434	0.5336	16.1698	-7.0870	1.5833
843	1.2280	1.5212	0.1207	-0.2498	0.5560	16.4497	-6.7920	1.5145
844	1.2181	1.5351	0.1242	-0.2699	0.5842	16.2799	-6.9380	1.5408
845	1.2086	1.5494	0.1224	-0.2894	0.6133	16.3355	-6.7100	1.4522
846	1.1987	1.5601	0.1236	-0.3097	0.6353	16.2126	-6.3780	1.4718
847	1.1924	1.5696	0.1224	-0.3229	0.6549	16.4920	-5.8650	1.3643
848	1.1857	1.5778	0.1248	-0.3369	0.6721	16.4047	-5.6440	1.2079
849	1.1837	1.5881	0.1224	-0.3415	0.6935	16.7086	-5.3830	1.1832
850	1.1827	1.5948	0.1248	-0.3443	0.7080	16.5586	-5.6430	1.4596
851	1.1839	1.5204	0.1230	-0.3425	0.5594	15.7370	-5.4420	1.1727
852	1.1807	1.5196	0.1149	-0.3496	0.5580	17.6098	-5.7010	1.3358
853	1.1715	1.5176	0.1218	-0.3687	0.5541	16.8529	-5.8110	1.2602
854	1.1596	1.5171	0.1278	-0.3936	0.5532	15.9186	-6.0800	1.4518
855	1.1512	1.5177	0.1230	-0.4113	0.5547	16.6897	-6.1410	1.4511
856	1.1432	1.5212	0.1248	-0.4283	0.5618	16.4357	-6.2280	1.4589
857	1.1364	1.5266	0.1218	-0.4430	0.5729	16.6922	-6.6700	1.5924
858	1.1284	1.5324	0.1242	-0.4602	0.5849	16.1336	-6.9710	1.6897
859	1.1137	1.5355	0.1236	-0.4911	0.5914	16.5176	-6.9920	1.4656
860	1.1044	1.5365	0.1260	-0.5111	0.5938	16.4837	-7.0050	1.5366
861	1.1729	1.5176	0.1143	-0.3748	0.5562	17.6102	-6.7010	1.4289
862	1.1715	1.5094	0.1242	-0.3785	0.5399	16.6780	-6.6800	1.4326
863	1.1704	1.5016	0.1218	-0.3815	0.5243	16.9774	-6.6490	1.5326
864	1.1661	1.4907	0.1236	-0.3908	0.5023	16.7836	-6.4280	1.3859
865	1.1631	1.4825	0.1248	-0.3977	0.4858	16.5416	-6.3900	1.3975
866	1.1598	1.4730	0.1242	-0.4052	0.4665	17.0501	-6.4050	1.4119
867	1.1567	1.4635	0.1224	-0.4124	0.4472	16.6296	-6.4010	1.4387
868	1.1587	1.4507	0.1230	-0.4092	0.4210	16.9320	-6.2780	1.3939
869	1.1618	1.4350	0.1224	-0.4040	0.3891	16.7269	-6.4860	1.6027
870	1.1649	1.4225	0.1189	-0.3986	0.3633	17.4009	-7.1070	1.7315
871	1.1384	1.4112	0.1183	-0.4528	0.3398	16.9581	-6.6670	1.5170
872	1.1324	1.4117	0.1242	-0.4659	0.3398	16.8003	-6.6860	1.4580
873	1.1276	1.4109	0.1266	-0.4768	0.3375	16.4729	-6.0020	1.2942
874	1.1216	1.4082	0.1260	-0.4900	0.3311	16.0368	-5.9070	1.4200
875	1.1179	1.4067	0.1278	-0.4988	0.3271	16.6632	-5.9860	1.2404
876	1.1105	1.4032	0.1266	-0.5149	0.3192	16.9461	-5.8240	1.2729
877	1.0998	1.3982	0.1178	-0.5378	0.3082	17.9664	-6.0160	1.4367
878	1.0855	1.3897	0.1260	-0.5681	0.2900	17.2365	-5.8660	1.3138
879	1.0756	1.3775	0.1189	-0.5896	0.2645	17.8042	-5.8340	1.3614
880	1.0692	1.3706	0.1189	-0.6043	0.2494	18.0600	-5.7910	1.3016
881	1.2114	1.5728	0.1278	-0.3202	0.6545	16.7070	-6.2350	1.4498
882	1.2086	1.5740	0.1236	-0.3263	0.6576	17.0503	-6.4390	1.5179
883	1.2078	1.5740	0.1260	-0.3283	0.6583	16.7830	-6.6730	1.4529
884	1.1987	1.5728	0.1236	-0.3469	0.6567	17.2674	-6.6140	1.4411
885	1.1869	1.5728	0.1224	-0.3712	0.6574	17.0727	-6.9430	1.6113
886	1.1722	1.5700	0.1236	-0.4013	0.6525	17.3056	-7.1190	1.7533
887	1.1532	1.5669	0.1207	-0.4404	0.6470	17.5006	-6.9830	1.4694
888	1.1329	1.5656	0.1230	-0.4821	0.6450	17.1779	-6.7620	1.4593
889	1.1099	1.5667	0.1218	-0.5296	0.6480	17.3981	-6.3020	1.3009
890	1.0916	1.5664	0.1230	-0.5678	0.6480	17.2124	-5.9840	1.2960
891	1.2236	1.5068	0.1224	-0.3040	0.5288	17.4175	-5.4840	1.2003
892	1.2193	1.5056	0.1260	-0.3128	0.5265	17.2467	-5.0760	1.1153
893	1.2107	1.5072	0.1143	-0.3305	0.5298	18.6693	-4.7930	1.0608
894	1.2000	1.5105	0.1266	-0.3523	0.5364	17.5143	-4.6840	1.0281
895	1.1906	1.5154	0.1254	-0.3718	0.5464	17.3145	-3.8890	0.8988
896	1.1775	1.5191	0.1284	-0.3987	0.5541	16.9720	-3.3990	0.6059
897	1.1617	1.5217	0.1272	-0.4313	0.5594	17.0758	-3.4630	0.8125
898	1.1446	1.5278	0.1260	-0.4664	0.5719	16.7064	-3.8130	0.8868
899	1.1240	1.5359	0.1266	-0.5090	0.5885	16.3051	-4.2700	1.0405
900	1.1095	1.5463	0.1266	-0.5393	0.6097	17.1405	-4.4420	0.8754
901	1.1830	1.5364	0.1272	-0.3930	0.5903	16.8457	-5.0230	1.0639
902	1.1818	1.5344	0.1201	-0.3961	0.5867	18.2567	-4.9820	1.0655
903	1.1866	1.5288	0.1224	-0.3871	0.5758	17.7530	-4.7520	1.0815
904	1.1934	1.5212	0.1201	-0.3741	0.5608	18.1139	-4.5960	0.9765
905	1.1998	1.5128	0.1260	-0.3618	0.5440	17.1842	-4.6220	1.0895
906	1.2090	1.5079	0.1266	-0.3438	0.5344	17.1902	-4.9400	1.1398
907	1.2194	1.5035	0.1213	-0.3233	0.5255	18.1503	-4.7880	1.0365
908	1.2270	1.4994	0.1278	-0.3083	0.5174	17.3228	-5.3330	1.2927
909	1.2342	1.4932	0.1213	-0.2941	0.5049	18.0080	-5.3060	1.3419
910	1.2374	1.4902	0.1284	-0.2878	0.4988	17.2838	-5.3430	1.2468
911	1.2006	1.5539	0.1272	-0.3619	0.6267	17.5040	-5.4800	1.3054
912	1.2044	1.5483	0.1272	-0.3548	0.6160	17.4023	-5.8740	1.3681
913	1.2096	1.5405	0.1242	-0.3448	0.6008	18.0213	-5.6050	1.2535
914	1.2165	1.5305	0.1278	-0.3313	0.5811	17.4271	-5.1300	1.0833
915	1.2227	1.5148	0.1272	-0.3191	0.5500	17.6382	-4.9950	1.1957
916	1.2320	1.4980	0.1284	-0.3008	0.5163	17.2717	-4.9280	1.1531
917	1.2433	1.4824	0.1254	-0.2782	0.4849	17.7111	-4.8060	1.2079
918	1.2565	1.4687	0.1254	-0.2517	0.4572	17.7894	-4.4560	1.1051
919	1.2696	1.4582	0.1260	-0.2254	0.4358	16.7940	-4.3250	1.0866
920	1.2782	1.4470	0.1296	-0.2078	0.4128	17.6185	-4.3720	1.0107
921	1.1934	1.5562	0.1248	-0.3780	0.6318	17.7895	-4.5190	1.0247
922	1.1906	1.5486	0.1248	-0.3843	0.6171	17.8084	-4.7400	1.2123
923	1.1865	1.5456	0.1248	-0.3930	0.6115	18.0672	0.0000	0.9222
924	1.1829	1.5397	0.1178	-0.4009	0.6001	18.4542	-5.4380	0.0142
925	1.1741	1.5302	0.1260	-0.4193	0.5813	17.7816	-5.7000	1.4464
926	1.1608	1.5187	0.1242	-0.4467	0.5587	17.7767	-5.7520	1.3071
927	1.1433	1.5102	0.1248	-0.4828	0.5416	17.8439	-5.6760	1.2911
928	1.1195	1.5052	0.1236	-0.5318	0.5317	18.0058	-5.3580	1.1184
929	1.0937	1.4998	0.1236	-0.5850	0.5210	17.7876	-5.3190	1.1373
930	1.0737	1.4930	0.1284	-0.6268	0.5072	17.7644	-5.3160	1.3316
931	1.1314	1.4558	0.1254	-0.5124	0.4325	18.1405	-5.0630	1.1747
932	1.1343	1.4579	0.1266	-0.5078	0.4363	18.0753	-5.0540	1.1531
933	1.1367	1.4592	0.1236	-0.5041	0.4384	18.2716	-5.0060	1.2533
934	1.1406	1.4646	0.1254	-0.4974	0.4488	18.2564	-5.1720	1.1527
935	1.1481	1.4720	0.1178	-0.4835	0.4634	18.7138	-5.3930	1.3034
936	1.1607	1.4774	0.1236	-0.4591	0.4739	18.3879	-5.5440	1.2333
937	1.1743	1.4777	0.1236	-0.4326	0.4743	18.2831	-6.5370	1.5495
938	1.1908	1.4779	0.1242	-0.4004	0.4745	17.9330	-6.4480	1.4682
939	1.2076	1.4849	0.1183	-0.3671	0.4884	19.0149	-7.1670	1.6514
940	1.2187	1.4916	0.1248	-0.3453	0.5017	17.3110	-6.6900	1.5007
941	1.1524	1.5696	0.1278	-0.4788	0.6584	17.7889	-6.9120	1.4963
942	1.1448	1.5644	0.1230	-0.4951	0.6486	18.5619	-6.5090	1.4636
943	1.1400	1.5556	0.1266	-0.5058	0.6315	17.9115	-6.8860	1.6436
944	1.1380	1.5465	0.1254	-0.5109	0.6138	18.1340	-6.4070	1.3572
945	1.1427	1.5378	0.1254	-0.5026	0.5969	18.2126	-6.9750	1.5597
946	1.1516	1.5248	0.1266	-0.4858	0.5710	18.0272	-6.2900	1.4513
947	1.1635	1.5035	0.1254	-0.4628	0.5286	18.1902	-5.7060	1.3227
948	1.1813	1.4850	0.1272	-0.4279	0.4913	18.2326	-5.8980	1.4353
949	1.1947	1.4700	0.1272	-0.4017	0.4610	18.0106	-5.2730	1.2068
950	1.1992	1.4619	0.1290	-0.3932	0.4446	18.0445	-4.9390	1.1845
951	1.2254	1.5004	0.1254	-0.3410	0.5215	18.3126	-3.9460	0.9297
952	1.2282	1.5011	0.1296	-0.3356	0.5230	17.0576	-4.9270	1.2691
953	1.2322	1.5055	0.1230	-0.3278	0.5317	18.5165	-5.1460	1.1785
954	1.2310	1.5194	0.1272	-0.3304	0.5597	18.2729	-6.2430	1.3844
955	1.2270	1.5376	0.1248	-0.3386	0.5964	18.3997	-6.7610	1.5379
956	1.2218	1.5634	0.1296	-0.3493	0.6487	18.2616	-6.8120	1.4215
957	1.2138	1.5888	0.1189	-0.3657	0.7004	19.3833	-6.4400	1.4727
958	1.2013	1.6154	0.1284	-0.3912	0.7548	18.2624	-6.0800	1.4585
959	1.1846	1.6392	0.1308	-0.4251	0.8038	17.6885	-6.5280	1.5350
960	1.1704	1.6611	0.1278	-0.4544	0.8493	18.3675	-6.2230	1.5290
961	1.1618	1.5378	0.1278	-0.4725	0.6030	18.2623	-7.3790	1.8321
962	1.1526	1.5466	0.1260	-0.4919	0.6211	18.4372	-7.3830	1.6033
963	1.1470	1.5603	0.1260	-0.5041	0.6491	17.6895	-6.8340	1.4807
964	1.1418	1.5777	0.1248	-0.5156	0.6846	18.3799	-7.3400	1.8136
965	1.1394	1.5954	0.1260	-0.5215	0.7210	18.5537	-7.6440	1.6009
966	1.1430	1.6079	0.1224	-0.5153	0.7471	18.4664	-6.8150	1.5036
967	1.1470	1.6121	0.1224	-0.5084	0.7565	18.5446	-6.5160	1.3628
968	1.1418	1.6206	0.1149	-0.5199	0.7747	19.5888	-7.3120	1.8603
969	1.1386	1.6383	0.1260	-0.5274	0.8116	18.6907	-7.5350	1.6251
970	1.1386	1.6499	0.1266	-0.5285	0.8363	18.5733	-6.8390	1.3950
971	1.2058	1.5133	0.1248	-0.3945	0.5632	18.6839	-5.9190	1.1863
972	1.1998	1.5102	0.1278	-0.4070	0.5572	18.3424	-5.4440	1.2074
973	1.1878	1.5076	0.1248	-0.4317	0.5519	18.6618	-4.8680	1.0686
974	1.1698	1.4981	0.1254	-0.4685	0.5330	17.7885	-4.9200	1.1238
975	1.1466	1.4851	0.1242	-0.5159	0.5067	18.8908	-4.2890	0.8525
976	1.1198	1.4772	0.1242	-0.5708	0.4908	17.9696	-1.9000	1.3183
977	1.0886	1.4793	0.1242	-0.6348	0.4948	18.6316	-3.9400	0.9101
978	1.0599	1.4877	0.1284	-0.6942	0.5115	18.5637	-4.0200	0.9840
979	1.0303	1.5022	0.1201	-0.7555	0.5405	19.7026	-4.9740	1.3080
980	1.0075	1.5162	0.1308	-0.8035	0.5686	18.7296	-4.3680	0.8701
981	1.1864	1.4964	0.1284	-0.4464	0.5290	18.9748	-3.9950	0.9526
982	1.1861	1.4960	0.1254	-0.4477	0.5282	19.0505	-3.4690	0.7533
983	1.1854	1.4880	0.1254	-0.4496	0.5120	18.5910	-4.0470	1.1534
984	1.1820	1.4704	0.1266	-0.4572	0.4764	18.8236	-3.6060	0.7152
985	1.1778	1.4456	0.1260	-0.4663	0.4265	18.2045	-2.6330	0.5819
986	1.1691	1.4133	0.1278	-0.4845	0.3610	18.7768	-3.6210	0.9767
987	1.1656	1.3822	0.1248	-0.4924	0.2976	17.9805	-4.2270	0.9927
988	1.1577	1.3507	0.1242	-0.5091	0.2331	18.8879	-4.6570	1.1449
989	1.1502	1.3188	0.1248	-0.5251	0.1674	18.9543	-5.6210	1.3590
990	1.1471	1.3001	0.1260	-0.5322	0.1281	17.9443	-5.7340	1.2115
991	1.2024	1.5864	0.1236	-0.4221	0.7015	18.9459	-6.0760	1.5016
992	1.1988	1.5836	0.1201	-0.4298	0.6967	19.1545	-5.6840	1.2520
993	1.1964	1.5804	0.1236	-0.4352	0.6912	19.0447	-5.1070	1.0345
994	1.1920	1.5800	0.1242	-0.4446	0.6912	18.8739	-4.7200	0.9150
995	1.1887	1.5760	0.1230	-0.4518	0.6839	19.0361	-4.9600	1.1296
996	1.1888	1.5726	0.1242	-0.4523	0.6778	19.2096	-4.1160	0.7606
997	1.1929	1.5646	0.1236	-0.4445	0.6624	19.3601	-4.2570	0.9073
998	1.2030	1.5482	0.1290	-0.4247	0.6302	18.7300	-4.5820	1.0757
999	1.2112	1.5282	0.1266	-0.4088	0.5905	19.0984	-4.4040	1.0134
1000	1.2137	1.5111	0.1260	-0.4042	0.5564	19.0055	-3.3010	0.6447
1001	1.1776	1.5240	0.1242	-0.4771	0.5824	19.2358	-3.3610	0.7755
1002	1.1828	1.5276	0.1236	-0.4674	0.5899	19.4456	0.3130	-0.0367
1003	1.1788	1.5316	0.1143	-0.4761	0.5982	20.1083	-0.1430	-1.4945
1004	1.1680	1.5412	0.1242	-0.4985	0.6179	19.2342	-3.5480	0.9126
1005	1.1516	1.5497	0.1126	-0.5322	0.6352	20.4104	-5.8810	2.1050
1006	1.1325	1.5513	0.1242	-0.5717	0.6390	19.3330	-3.4140	0.7080
1007	1.1145	1.5461	0.1254	-0.6089	0.6292	18.8539	-3.3940	0.8718
1008	1.0962	1.5410	0.1236	-0.6472	0.6192	19.3829	-2.9510	0.5365
1009	1.0847	1.5330	0.1236	-0.6719	0.6036	19.1654	-2.5610	0.6674
1010	1.0721	1.5287	0.1242	-0.6989	0.5954	19.4055	-3.5430	0.8013
1011	1.1895	1.5486	0.1149	-0.4645	0.6356	20.3628	-4.5830	1.2544
1012	1.1877	1.5466	0.1272	-0.4689	0.6321	19.2001	-4.7490	1.0942
1013	1.1766	1.5390	0.1260	-0.4918	0.6173	18.4810	-5.0090	1.2152
1014	1.1579	1.5375	0.1296	-0.5300	0.6145	19.1875	-5.6880	1.3828
1015	1.1469	1.5399	0.1278	-0.5532	0.6197	18.9442	-5.4450	1.3439
1016	1.1362	1.5408	0.1339	-0.5757	0.6219	18.9502	-5.8370	1.3536
1017	1.1243	1.5397	0.1358	-0.6007	0.6201	18.9888	-5.1320	1.0913
1018	1.1112	1.5358	0.1260	-0.6282	0.6127	20.3037	-4.5540	1.1015
1019	1.0885	1.5382	0.1345	-0.6753	0.6179	19.4820	-5.2270	1.3345
1020	1.0665	1.5449	0.1370	-0.7211	0.6317	19.5099	-5.8540	1.4286
1021	1.2090	1.5122	0.1358	-0.4365	0.5665	18.9240	-3.8340	0.7459
1022	1.2030	1.5100	0.1352	-0.4490	0.5621	19.0767	-2.5030	0.4760
1023	1.1878	1.5129	0.1296	-0.4800	0.5682	19.3923	-3.4410	0.8734
1024	1.1692	1.5099	0.1290	-0.5180	0.5622	19.6047	-2.6230	0.3692
1025	1.1441	1.5080	0.1284	-0.5693	0.5586	19.5737	-2.9170	0.6002
1026	1.1209	1.5074	0.1266	-0.6169	0.5573	19.5679	-3.1890	0.7430
1027	1.1005	1.5039	0.1308	-0.6594	0.5505	19.6848	-3.1121	0.6979
1028	1.0812	1.4985	0.1345	-0.6996	0.5396	18.4698	-0.4020	-1.4785
1029	1.0685	1.4952	0.1327	-0.7268	0.5330	19.4331	-4.5510	-15.1758
1030	1.0569	1.4888	0.1389	-0.7520	0.5200	19.0681	-4.5620	1.2359
1031	1.1382	1.4377	0.1402	-0.5904	0.4173	19.3689	-5.2280	1.3365
1032	1.1346	1.4418	0.1453	-0.5988	0.4248	19.2151	-5.1950	1.1071
1033	1.1361	1.4435	0.1434	-0.5970	0.4277	18.8238	-4.5810	0.9647
1034	1.1428	1.4481	0.1421	-0.5846	0.4363	19.7606	-4.3010	1.0310
1035	1.1568	1.4546	0.1440	-0.5576	0.4490	18.3993	-3.7600	1.0027
1036	1.1775	1.4536	0.1447	-0.5168	0.4465	19.1568	-3.5920	0.9422
1037	1.1951	1.4556	0.1421	-0.4822	0.4501	19.2221	-4.3530	0.9989
1038	1.2227	1.4587	0.1370	-0.4273	0.4558	19.5303	-5.1340	1.2110
1039	1.2498	1.4584	0.1345	-0.3730	0.4549	18.5043	-5.3470	1.1618
1040	1.2666	1.4570	0.1296	-0.3393	0.4515	19.2875	-5.5820	1.3508
1041	1.1940	1.5134	0.1254	-0.4851	0.5645	20.1738	-5.9250	1.1333
1042	1.2060	1.5118	0.1333	-0.4615	0.5614	19.1829	-6.1010	1.3910
1043	1.2200	1.5138	0.1315	-0.4338	0.5656	19.6651	-6.4060	1.6311
1044	1.2337	1.5186	0.1396	-0.4067	0.5753	19.6432	-7.5320	1.8230
1045	1.2414	1.5318	0.1421	-0.3913	0.6021	19.8011	-7.2810	1.7431
1046	1.2479	1.5462	0.1533	-0.3783	0.6313	18.1563	-7.3200	1.6647
1047	1.2492	1.5602	0.1553	-0.3757	0.6599	19.0372	-6.6640	1.4291
1048	1.2501	1.5698	0.1553	-0.3739	0.6799	18.3898	0.0000	0.0334
1049	1.2530	1.5819	0.1533	-0.3680	0.7049	19.3706	-7.4920	1.6703
1050	1.2532	1.5897	0.1512	-0.3677	0.7213	19.4844	-7.2630	1.6469
1051	1.1382	1.5170	0.1440	-0.5988	0.5761	19.5736	-8.1820	2.4558
1052	1.1306	1.5302	0.1402	-0.6152	0.6028	19.7290	-8.4380	1.7909
1053	1.1242	1.5422	0.1358	-0.6292	0.6272	19.8946	-9.5780	2.3704
1054	1.1190	1.5596	0.1396	-0.6409	0.6627	19.5199	-10.2880	2.4024
1055	1.1150	1.5759	0.1327	-0.6503	0.6959	20.6139	-10.0100	2.3606
1056	1.1134	1.5916	0.1434	-0.6548	0.7282	18.8372	-10.5650	2.5580
1057	1.1113	1.6106	0.1453	-0.6605	0.7674	19.5710	28.0000	-6.2348
1058	1.1082	1.6308	0.1493	-0.6680	0.8091	19.8358	-10.0710	2.0696
1059	1.1071	1.6506	0.1526	-0.6716	0.8502	19.7177	-9.5210	2.5700
1060	1.1076	1.6711	0.1553	-0.6721	0.8929	19.5390	-10.2550	2.2914
