count	posx	posy	posz	xout	yout	zout	heading	hd_out
1	0.0000	0.0000	0.0000	0.0000	0.0000	0.0000	0.0000	0.0000
2	0.0002	0.0002	0.1266	0.0007	0.0006	0.0000	7.2860	-3.4262
3	0.0006	0.0006	0.1248	0.0023	0.0025	0.0000	7.3940	-3.6386
4	0.0000	0.0015	0.1242	0.0000	0.0061	0.0000	7.4350	-3.7452
5	0.0000	0.0029	0.1254	0.0000	0.0116	0.0000	7.5300	-3.8133
6	0.0000	0.0045	0.1278	0.0000	0.0182	0.0000	7.6150	-3.8502
7	0.0000	0.0065	0.1266	0.0000	0.0261	0.0000	7.5420	-3.7785
8	0.0000	0.0086	0.1272	0.0000	0.0347	0.0000	7.5710	-3.8173
9	0.0000	0.0110	0.1248	0.0001	0.0444	0.0000	7.5160	-3.7394
10	0.0001	0.0125	0.1260	0.0006	0.0504	0.0000	7.4910	-3.7754
11	1.3071	1.5341	0.1242	0.2288	0.1373	2.8405	7.4400	-3.7634
12	1.3073	1.5343	0.1266	0.2305	0.1383	2.5844	7.3830	-3.7185
13	1.3079	1.5349	0.1254	0.2332	0.1410	2.6391	7.3240	-3.6717
14	1.3087	1.5357	0.1266	0.2371	0.1448	2.5867	7.3840	-3.7251
15	1.3097	1.5369	0.1278	0.2418	0.1499	2.1749	7.3650	-3.7194
16	1.3110	1.5385	0.1278	0.2474	0.1564	2.6246	7.3140	-3.6815
17	1.3125	1.5403	0.1254	0.2542	0.1642	2.0556	7.4250	-3.7639
18	1.3143	1.5425	0.1278	0.2618	0.1735	2.5670	7.3750	-3.7345
19	1.3163	1.5451	0.1272	0.2705	0.1842	2.7906	7.4080	-3.7394
20	1.3176	1.5467	0.1284	0.2764	0.1912	1.8336	7.3410	-3.6526
21	1.3132	1.5551	0.1266	0.2594	0.2254	1.7863	7.3710	-3.7194
22	1.3136	1.5555	0.1248	0.2617	0.2275	2.8535	7.3550	-3.7185
23	1.3142	1.5561	0.1248	0.2647	0.2304	2.0650	7.3000	-3.7127
24	1.3151	1.5569	0.1266	0.2692	0.2342	2.8209	7.3600	-3.7260
25	1.3164	1.5581	0.1254	0.2748	0.2395	3.0559	7.3518	-3.7170
26	1.3179	1.5596	0.1266	0.2818	0.2460	3.0028	7.3050	-3.6704
27	1.3198	1.5614	0.1260	0.2897	0.2540	3.0462	7.3970	-3.7274
28	1.3217	1.5635	0.1272	0.2982	0.2629	3.1135	7.4780	-3.7732
29	1.3238	1.5658	0.1248	0.3075	0.2730	3.1915	7.5830	-3.8369
30	1.3252	1.5674	0.1272	0.3138	0.2800	2.9826	7.6210	-3.8369
31	1.3190	1.5471	0.1242	0.2898	0.1994	3.4268	7.8470	-3.9730
32	1.3192	1.5476	0.1266	0.2911	0.2018	2.9908	7.9720	-4.0465
33	1.3196	1.5484	0.1242	0.2933	0.2054	2.7187	8.0430	-4.0247
34	1.3203	1.5495	0.1278	0.2970	0.2101	3.0884	8.3060	-4.1675
35	1.3213	1.5508	0.1266	0.3018	0.2162	2.3193	8.4440	-4.1996
36	1.3225	1.5528	0.1272	0.3072	0.2244	3.2227	8.4150	-4.1813
37	1.3240	1.5550	0.1242	0.3140	0.2338	3.6731	8.3780	-4.1373
38	1.3257	1.5575	0.1284	0.3216	0.2445	2.9595	8.3280	-4.1488
39	1.3278	1.5601	0.1248	0.3305	0.2556	3.6032	8.2280	-4.0945
40	1.3291	1.5618	0.1260	0.3367	0.2628	3.3582	8.1720	-4.0447
41	1.3081	1.5521	0.1248	0.2531	0.2247	3.4076	8.1710	-4.0576
42	1.3084	1.5526	0.1260	0.2550	0.2270	2.4750	8.1660	-4.0589
43	1.3091	1.5531	0.1254	0.2586	0.2298	3.4583	8.2220	-4.1257
44	1.3101	1.5539	0.1260	0.2632	0.2335	3.5973	8.1850	-4.0932
45	1.3113	1.5550	0.1172	0.2686	0.2385	4.5079	8.1320	-4.0358
46	1.3127	1.5564	0.1254	0.2747	0.2445	3.9129	8.1450	-4.0896
47	1.3144	1.5581	0.1260	0.2821	0.2519	3.5108	8.1800	-4.1150
48	1.3164	1.5601	0.1272	0.2907	0.2604	3.3978	8.2320	-4.1310
49	1.3187	1.5622	0.1266	0.3006	0.2695	3.5016	8.3530	-4.1653
50	1.3203	1.5635	0.1272	0.3075	0.2755	3.6279	8.3600	-4.1755
51	1.3081	1.5501	0.1254	0.2595	0.2223	3.8086	8.3040	-4.1328
52	1.3085	1.5504	0.1178	0.2616	0.2240	4.8183	8.0940	-4.0180
53	1.3091	1.5510	0.1242	0.2648	0.2268	4.0747	8.0550	-4.0389
54	1.3100	1.5518	0.1278	0.2690	0.2306	3.6138	8.2340	-4.1666
55	1.3112	1.5528	0.1248	0.2742	0.2351	3.8258	8.4020	-4.1898
56	1.3126	1.5540	0.1278	0.2805	0.2403	3.6764	8.2470	-4.0443
57	1.3142	1.5554	0.1242	0.2876	0.2464	3.9595	8.2230	-4.0843
58	1.3161	1.5569	0.1272	0.2958	0.2534	3.0426	8.2000	-4.0839
59	1.3181	1.5587	0.1242	0.3046	0.2611	4.2017	8.2980	-4.1417
60	1.3194	1.5599	0.1254	0.3105	0.2664	4.0171	8.2850	-4.1172
61	1.2340	1.6611	0.1260	-0.0314	0.6728	3.9706	8.1870	-4.1190
62	1.2342	1.6614	0.1248	-0.0308	0.6757	3.9072	8.2410	-4.1190
63	1.2351	1.6614	0.1266	-0.0273	0.6774	3.8418	8.1670	-4.0905
64	1.2366	1.6612	0.1248	-0.0215	0.6780	4.3881	8.2120	-4.1293
65	1.2382	1.6613	0.1260	-0.0150	0.6801	3.9762	8.4130	-1.7371
66	1.2400	1.6637	0.1254	-0.0081	0.6913	4.3192	8.5010	-4.2855
67	1.2417	1.6687	0.1236	-0.0013	0.7130	4.0883	8.5140	-4.2254
68	1.2435	1.6790	0.1248	0.0058	0.7561	4.5138	8.5290	-4.2508
69	1.2433	1.6901	0.1260	0.0049	0.8023	4.1615	8.5930	-4.3460
70	1.2432	1.6969	0.1284	0.0045	0.8314	4.1311	8.7270	-4.4243
71	1.3092	1.5431	0.1242	0.2692	0.2168	4.5998	8.6520	-4.2904
72	1.3073	1.5436	0.1260	0.2620	0.2192	4.4759	8.6580	-4.3197
73	1.3054	1.5445	0.1254	0.2551	0.2231	4.2194	8.6810	-4.3460
74	1.3037	1.5457	0.1290	0.2489	0.2285	3.3453	8.8120	-4.3731
75	1.3022	1.5469	0.1224	0.2431	0.2337	4.7576	8.7890	-4.3763
76	1.3008	1.5474	0.1278	0.2382	0.2362	4.3838	8.6560	-4.2592
77	1.2998	1.5481	0.1166	0.2347	0.2395	5.4006	8.7070	-4.3478
78	1.2992	1.5491	0.1272	0.2326	0.2438	4.5189	8.7230	-4.3246
79	1.2988	1.5511	0.1254	0.2316	0.2524	4.4065	8.7580	-4.3278
80	1.2985	1.5531	0.1278	0.2311	0.2610	4.5627	8.7020	-4.3438
81	1.3190	1.5481	0.1290	0.3136	0.2413	4.2014	8.7840	-4.3758
82	1.3189	1.5481	0.1266	0.3139	0.2419	4.6427	8.6020	-4.2200
83	1.3188	1.5484	0.1248	0.3142	0.2438	5.0704	8.5900	-4.2832
84	1.3187	1.5490	0.1201	0.3143	0.2465	5.3669	8.6020	-4.2788
85	1.3184	1.5494	0.1254	0.3141	0.2486	4.7598	8.7880	-4.3562
86	1.3179	1.5497	0.1266	0.3126	0.2503	4.5874	8.8530	-4.3558
87	1.3174	1.5501	0.1254	0.3112	0.2522	4.9422	9.0010	-4.5098
88	1.3169	1.5506	0.1260	0.3101	0.2548	4.8410	0.9280	6.2629
89	1.3165	1.5513	0.1254	0.3089	0.2582	4.8843	8.9570	-4.4519
90	1.3162	1.5517	0.1201	0.3084	0.2603	5.7825	8.8980	-5.2045
91	1.3149	1.5492	0.1248	0.3040	0.2508	4.9396	8.8490	-4.3335
92	1.3143	1.5500	0.1254	0.3022	0.2545	4.8402	8.8690	-4.4199
93	1.3135	1.5511	0.1248	0.2995	0.2595	5.0028	9.0400	-4.4604
94	1.3124	1.5525	0.1248	0.2959	0.2655	5.0337	9.0540	-4.4506
95	1.3111	1.5540	0.1248	0.2914	0.2720	4.0703	9.0760	-4.4933
96	1.3099	1.5557	0.1254	0.2870	0.2795	4.9652	9.1110	-4.4964
97	1.3088	1.5577	0.1254	0.2832	0.2879	5.1161	9.1100	-4.5147
98	1.3075	1.5597	0.1160	0.2787	0.2965	6.2733	9.2130	-4.5810
99	1.3061	1.5616	0.1260	0.2736	0.3049	5.1077	9.2490	-4.5703
100	1.3055	1.5627	0.1278	0.2716	0.3097	5.2109	9.1870	-4.5027
101	1.3161	1.5442	0.1254	0.3147	0.2363	5.3428	9.1070	-4.5311
102	1.3161	1.5453	0.1272	0.3155	0.2411	4.2711	9.1330	-4.5267
103	1.3161	1.5469	0.1242	0.3162	0.2481	5.2495	9.1630	-4.5525
104	1.3165	1.5483	0.1266	0.3184	0.2542	5.2927	8.9340	-4.4248
105	1.3172	1.5496	0.1183	0.3218	0.2599	5.9576	8.9490	-4.4270
106	1.3173	1.5513	0.1260	0.3229	0.2671	5.3676	8.9360	-4.4372
107	1.3167	1.5542	0.1242	0.3213	0.2791	5.5542	8.9180	-4.3402
108	1.3186	1.5571	0.1272	0.3296	0.2914	5.2258	8.8160	-4.3500
109	1.3229	1.5597	0.1278	0.3476	0.3022	4.3600	8.7190	-4.3140
110	1.3252	1.5616	0.1266	0.3575	0.3104	4.7561	8.5920	-4.2352
111	1.3104	1.5418	0.1272	0.2988	0.2319	5.3007	8.6200	-4.3126
112	1.3071	1.5453	0.1172	0.2860	0.2461	6.4759	8.3616	-4.1403
113	1.3038	1.5502	0.1248	0.2736	0.2664	5.5919	0.4200	6.4738
114	1.3003	1.5549	0.1260	0.2602	0.2858	5.4197	8.4240	-4.1515
115	1.2971	1.5596	0.1248	0.2475	0.3051	5.6541	8.3470	-4.0799
116	1.2932	1.5617	0.1260	0.2325	0.3142	5.3630	8.3840	-4.1960
117	1.2892	1.5622	0.1254	0.2168	0.3166	5.6452	8.3630	-4.1502
118	1.2857	1.5629	0.1260	0.2033	0.3201	5.7841	8.4120	-4.1916
119	1.2799	1.5628	0.1248	0.1803	0.3204	5.5410	8.5170	-4.2374
120	1.2759	1.5632	0.1284	0.1648	0.3226	5.6050	8.4390	-4.1724
121	1.3124	1.5407	0.1242	0.3113	0.2331	5.9535	8.4570	-4.2089
122	1.3097	1.5383	0.1254	0.3008	0.2239	6.0217	8.5150	-4.2427
123	1.3058	1.5355	0.1254	0.2860	0.2130	5.5753	8.4470	-4.1929
124	1.3021	1.5316	0.1278	0.2718	0.1977	5.8563	8.3290	-4.1662
125	1.2975	1.5302	0.1248	0.2538	0.1925	5.8276	8.2530	-4.1021
126	1.2917	1.5316	0.1272	0.2308	0.1983	5.8698	8.1990	-4.0558
127	1.2852	1.5321	0.1248	0.2053	0.2008	6.0091	8.1410	-4.0469
128	1.2783	1.5322	0.1272	0.1782	0.2014	5.9320	7.9260	-3.9290
129	1.2733	1.5331	0.1248	0.1584	0.2053	6.0707	7.7450	-3.8671
130	1.2704	1.5349	0.1266	0.1470	0.2128	5.9935	7.5320	-3.6735
131	1.3076	1.5512	0.1260	0.2962	0.2785	6.1505	7.3850	-3.6918
132	1.3082	1.5501	0.1266	0.2991	0.2747	6.1093	7.2520	-3.6744
133	1.3080	1.5502	0.1260	0.2989	0.2755	6.0798	7.2050	-3.6526
134	1.3072	1.5497	0.1278	0.2966	0.2741	6.0744	7.2270	-3.6419
135	1.3072	1.5498	0.1254	0.2968	0.2748	6.0345	7.0600	-3.5774
136	1.3050	1.5516	0.1284	0.2887	0.2827	5.9438	6.9900	-3.5605
137	1.3019	1.5541	0.1242	0.2768	0.2934	6.2996	7.1020	-3.6201
138	1.2972	1.5568	0.1266	0.2584	0.3048	6.2830	7.2700	-3.6869
139	1.2911	1.5592	0.1248	0.2343	0.3150	5.4697	7.2540	-3.6495
140	1.2866	1.5640	0.1272	0.2169	0.3347	6.3877	7.2090	-3.6419
141	1.3144	1.5350	0.1260	0.3288	0.2191	6.3761	0.1180	-0.4976
142	1.3137	1.5339	0.1266	0.3266	0.2151	5.5668	7.4380	-3.7616
143	1.3098	1.5319	0.1236	0.3115	0.2074	6.4265	7.5750	-3.8938
144	1.3096	1.5288	0.1242	0.3112	0.1950	6.5054	7.5280	-3.8302
145	1.3061	1.5247	0.1254	0.2981	0.1788	6.3934	7.4190	-3.7096
146	1.3053	1.5213	0.1272	0.2952	0.1654	6.3279	7.3450	-3.7096
147	1.3018	1.5164	0.1272	0.2816	0.1463	5.5929	7.2050	-3.6117
148	1.3002	1.5101	0.1266	0.2760	0.1211	6.4029	7.1440	-3.5952
149	1.2973	1.5026	0.1278	0.2649	0.0912	6.2296	7.1260	-3.6815
150	1.2985	1.4987	0.1272	0.2702	0.0754	6.5666	7.1520	-3.6210
151	1.3110	1.5401	0.1266	0.3205	0.2415	5.6039	7.2070	-3.6481
152	1.3094	1.5397	0.1248	0.3150	0.2401	6.6712	6.6020	-3.3833
153	1.3037	1.5399	0.1248	0.2928	0.2413	6.8823	7.4690	-3.8226
154	1.3014	1.5471	0.1260	0.2839	0.2706	5.7705	7.5220	-3.8302
155	1.2984	1.5531	0.1254	0.2722	0.2954	6.7539	7.4710	-3.7452
156	1.2970	1.5611	0.1278	0.2673	0.3279	6.4961	7.4590	-3.7559
157	1.2931	1.5653	0.1166	0.2520	0.3454	7.9325	7.4510	-3.7389
158	1.2890	1.5723	0.1266	0.2359	0.3739	6.7629	7.4360	-3.7857
159	1.2827	1.5768	0.1266	0.2113	0.3927	6.4964	7.4430	-3.7834
160	1.2783	1.5817	0.1195	0.1941	0.4130	7.6119	7.3460	-3.6459
161	1.3122	1.5425	0.1137	0.3302	0.2569	8.2095	7.3600	-3.6940
162	1.3118	1.5435	0.1248	0.3291	0.2613	7.2114	7.1470	-3.5636
163	1.3112	1.5427	0.1248	0.3275	0.2586	7.0627	7.1530	-3.6232
164	1.3135	1.5444	0.1183	0.3371	0.2657	8.0506	7.1680	-3.6557
165	1.3148	1.5449	0.1236	0.3431	0.2682	7.2682	7.0870	-3.6312
166	1.3171	1.5464	0.1290	0.3530	0.2746	6.8306	6.9520	-3.5195
167	1.3206	1.5456	0.1254	0.3677	0.2719	7.1154	6.9350	-3.4799
168	1.3231	1.5458	0.1278	0.3784	0.2731	7.0983	6.8750	-3.4559
169	1.3264	1.5446	0.1242	0.3922	0.2688	7.3210	6.8050	-3.4461
170	1.3289	1.5431	0.1272	0.4031	0.2634	6.8080	6.7080	-3.4332
171	1.3069	1.5438	0.1260	0.3157	0.2663	7.1558	6.5740	-3.2587
172	1.3054	1.5427	0.1260	0.3100	0.2624	7.3071	6.7160	-3.4323
173	1.3044	1.5440	0.1254	0.3066	0.2682	7.1116	6.7650	-3.4043
174	1.3015	1.5470	0.1278	0.2958	0.2806	7.2729	6.7910	-3.4292
175	1.3000	1.5496	0.1278	0.2901	0.2917	6.3569	6.9060	-3.5195
176	1.2971	1.5556	0.1260	0.2790	0.3162	7.4314	7.0400	-3.6317
177	1.2921	1.5620	0.1278	0.2596	0.3424	7.3057	7.0760	-3.5943
178	1.2851	1.5711	0.1272	0.2319	0.3795	7.3486	0.1920	5.6274
179	1.2759	1.5782	0.1260	0.1952	0.4085	7.5844	7.3020	-3.7732
180	1.2664	1.5832	0.1266	0.1574	0.4293	7.4768	7.2960	-3.7554
181	1.3049	1.5567	0.1260	0.3122	0.3241	7.5800	7.3920	-3.8177
182	1.3076	1.5563	0.1278	0.3235	0.3230	7.4481	7.5200	-3.7892
183	1.3104	1.5519	0.1242	0.3351	0.3057	7.9106	7.7110	-3.8564
184	1.3122	1.5487	0.1284	0.3429	0.2934	6.5506	7.5660	-3.7581
185	1.3138	1.5438	0.1266	0.3499	0.2746	7.7462	7.6620	-3.8524
186	1.3189	1.5415	0.1266	0.3712	0.2656	7.7171	7.7690	-3.9170
187	1.3200	1.5350	0.1284	0.3762	0.2399	7.4706	7.6430	-3.8662
188	1.3234	1.5280	0.1260	0.3906	0.2122	6.8483	7.6090	-3.7995
189	1.3265	1.5193	0.1266	0.4036	0.1778	6.8655	7.5300	-3.7955
190	1.3275	1.5166	0.1260	0.4086	0.1668	8.0884	7.5270	-3.8742
191	1.3060	1.5544	0.1272	0.3231	0.3189	7.4954	7.5250	-3.7763
192	1.3070	1.5522	0.1254	0.3276	0.3104	7.9218	7.5390	-3.7968
193	1.3085	1.5508	0.1242	0.3341	0.3055	7.8575	7.6220	-3.8587
194	1.3113	1.5495	0.1189	0.3462	0.3008	8.6372	7.7070	-3.9072
195	1.3121	1.5488	0.1254	0.3499	0.2985	8.0098	7.8690	-3.9739
196	1.3136	1.5460	0.1266	0.3565	0.2876	7.2466	8.0110	-4.0434
197	1.3153	1.5407	0.1248	0.3640	0.2669	8.1437	7.9660	-4.0340
198	1.3200	1.5347	0.1254	0.3834	0.2433	8.3439	7.9220	-4.0135
199	1.3261	1.5285	0.1254	0.4086	0.2187	8.1944	7.8360	-3.8569
200	1.3288	1.5207	0.1266	0.4203	0.1877	8.0755	7.8210	-3.9268
201	1.3066	1.5369	0.1230	0.3318	0.2530	8.1722	7.5730	-3.8217
202	1.3073	1.5383	0.1254	0.3353	0.2587	8.1555	7.4290	-4.3905
203	1.3070	1.5391	0.1260	0.3345	0.2623	8.2345	7.4530	-3.7336
204	1.3045	1.5463	0.1254	0.3253	0.2919	8.2172	7.3680	-3.7243
205	1.2982	1.5579	0.1254	0.3004	0.3386	8.3082	7.4690	-3.7950
206	1.2843	1.5671	0.1266	0.2454	0.3762	8.3760	7.5870	-3.8867
207	1.2667	1.5795	0.1230	0.1751	0.4267	8.6560	7.5320	-3.8142
208	1.2477	1.6009	0.1284	0.0988	0.5131	7.2159	7.3350	-3.6553
209	1.2302	1.6290	0.1248	0.0288	0.6268	8.5048	7.1450	-3.5912
210	1.2176	1.6555	0.1260	-0.0218	0.7343	8.3262	7.0470	-3.5538
211	1.2379	1.6609	0.1242	0.0591	0.7578	8.4467	8.8160	-4.3687
212	1.2382	1.6697	0.1278	0.0601	0.7943	8.2856	7.2530	-3.6544
213	1.2381	1.6815	0.1254	0.0598	0.8434	7.5485	7.1710	-3.6446
214	1.2362	1.7002	0.1266	0.0518	0.9202	8.4932	7.3610	-3.7826
215	1.2408	1.7240	0.1242	0.0703	1.0179	8.7513	7.1480	-3.5943
216	1.2483	1.7512	0.1189	0.1001	1.1289	9.5379	7.1440	-3.6272
217	1.2535	1.7814	0.1260	0.1212	1.2526	8.5385	7.3570	-3.7149
218	1.2561	1.8037	0.1284	0.1316	1.3448	8.4001	7.3520	-3.7154
219	1.2546	1.8163	0.1242	0.1255	1.3983	8.7557	7.3910	-3.7541
220	1.2529	1.8207	0.1278	0.1187	1.4194	8.5890	7.2850	-3.7211
221	1.3176	1.5512	0.1266	0.3782	0.3420	8.5789	7.3430	-3.7505
222	1.3211	1.5480	0.1272	0.3929	0.3295	8.7778	7.4240	-3.7527
223	1.3216	1.5548	0.1160	0.3956	0.3571	9.7916	7.3660	-3.7145
224	1.3251	1.5635	0.1278	0.4107	0.3926	8.7078	7.4320	-3.7990
225	1.3317	1.5698	0.1236	0.4376	0.4185	9.0019	7.3560	-3.7688
226	1.3379	1.5803	0.1272	0.4635	0.4615	8.7218	7.6400	-4.0909
227	1.3407	1.5905	0.1278	0.4755	0.5031	7.7982	8.3270	-4.1511
228	1.3438	1.6037	0.1254	0.4889	0.5569	9.0000	7.4340	-3.7251
229	1.3476	1.6118	0.1266	0.5050	0.5902	8.9472	7.3860	-3.7269
230	1.3505	1.6153	0.1266	0.5176	0.6057	9.0921	7.4230	-3.7665
231	1.3154	1.5436	0.1272	0.3779	0.3194	8.9243	7.5240	-3.7937
232	1.3178	1.5409	0.1201	0.3881	0.3088	9.9241	7.5280	-3.7919
233	1.3182	1.5375	0.1266	0.3906	0.2954	8.8140	7.5010	-3.7817
234	1.3153	1.5318	0.1272	0.3794	0.2732	9.0719	7.4960	-3.7554
235	1.3124	1.5324	0.1242	0.3684	0.2759	9.2818	7.6560	-3.8702
236	1.3115	1.5328	0.1178	0.3654	0.2776	9.4394	7.6730	-3.8600
237	1.3167	1.5255	0.1178	0.3870	0.2488	10.0600	7.5860	-3.7670
238	1.3275	1.5120	0.1260	0.4308	0.1948	9.0418	7.5870	-3.8057
239	1.3377	1.5034	0.1284	0.4725	0.1604	8.9626	7.6940	-3.8693
240	1.3436	1.4968	0.1242	0.4970	0.1340	9.7325	7.6680	-3.8649
241	1.3124	1.5402	0.1266	0.3730	0.3081	8.3472	7.7470	-3.9348
242	1.3087	1.5366	0.1278	0.3588	0.2941	9.0562	7.8640	-4.0358
243	1.3095	1.5340	0.1272	0.3628	0.2842	9.1600	7.9960	-4.0580
244	1.3118	1.5339	0.1260	0.3724	0.2838	8.5135	7.9210	-3.9837
245	1.3104	1.5362	0.1248	0.3676	0.2936	9.4511	7.7210	-3.8983
246	1.3087	1.5350	0.1254	0.3612	0.2890	9.5298	7.6990	-3.8974
247	1.3093	1.5333	0.1166	0.3640	0.2827	10.5584	7.7570	-3.8849
248	1.3084	1.5324	0.1266	0.3611	0.2792	9.5093	7.8420	-3.9859
249	1.3072	1.5334	0.1272	0.3569	0.2838	9.3483	7.6640	-3.7625
250	1.3086	1.5349	0.1302	0.3631	0.2899	9.1829	7.6870	-3.8733
251	1.2238	1.6678	0.1278	0.0237	0.8233	9.3189	7.6060	-3.7972
252	1.2215	1.6747	0.1224	0.0143	0.8525	10.2961	7.5280	-3.7999
253	1.2229	1.6805	0.1242	0.0196	0.8777	9.6941	7.5020	-3.7011
254	1.2286	1.6823	0.1260	0.0419	0.8867	9.7492	7.3760	-3.7243
255	1.2335	1.6857	0.1242	0.0616	0.9023	9.6381	7.3600	-3.7563
256	1.2370	1.6864	0.1260	0.0756	0.9069	9.8719	7.1290	-3.5752
257	1.2371	1.6931	0.1242	0.0756	0.9355	9.9978	7.2060	-3.7100
258	1.2371	1.6998	0.1266	0.0756	0.9642	9.9827	6.9710	-3.4390
259	1.2320	1.7110	0.1166	0.0550	1.0112	10.8538	6.9330	-3.5636
260	1.2276	1.7184	0.1272	0.0371	1.0430	9.7795	6.9490	-3.5903
261	1.3205	1.5388	0.1236	0.4095	0.3250	10.2348	6.8980	-3.5124
262	1.3164	1.5372	0.1266	0.3938	0.3189	9.9677	6.7770	-3.4817
263	1.3112	1.5374	0.1236	0.3736	0.3201	9.3553	6.5980	-3.3575
264	1.3033	1.5425	0.1260	0.3425	0.3411	9.9228	8.0000	-10.6182
265	1.2985	1.5466	0.1254	0.3236	0.3580	10.0794	6.4970	-3.2351
266	1.2917	1.5533	0.1278	0.2969	0.3853	9.9423	6.6350	-3.4719
267	1.2819	1.5641	0.1248	0.2582	0.4290	10.2135	6.6690	-3.4318
268	1.2687	1.5764	0.1189	0.2054	0.4792	11.0716	6.4570	-3.2761
269	1.2522	1.5812	0.1242	0.1395	0.4990	10.2874	6.5590	-3.4051
270	1.2333	1.5848	0.1278	0.0636	0.5141	10.0065	6.3450	-3.2031
271	1.3240	1.5440	0.1272	0.4272	0.3515	10.0436	6.1480	-3.0985
272	1.3244	1.5444	0.1278	0.4295	0.3535	10.0622	6.0700	-3.1626
273	1.3228	1.5468	0.1272	0.4237	0.3636	10.0458	5.8690	-3.0429
274	1.3219	1.5456	0.1260	0.4211	0.3593	10.4012	5.7450	-2.9610
275	1.3229	1.5391	0.1266	0.4258	0.3335	9.3008	5.8360	-3.0985
276	1.3218	1.5291	0.1278	0.4221	0.2938	10.3076	5.7090	-2.9467
277	1.3180	1.5171	0.1254	0.4077	0.2461	10.4466	5.7850	-3.1087
278	1.3157	1.5038	0.1207	0.3989	0.1931	11.2266	5.7480	-2.9677
279	1.3065	1.4939	0.1248	0.3630	0.1534	10.5804	5.8640	-3.0665
280	1.3005	1.4880	0.1284	0.3394	0.1295	10.4071	6.0110	-3.2351
281	1.3133	1.5410	0.1266	0.3912	0.3420	10.4688	5.9170	-3.5440
282	1.3185	1.5286	0.1272	0.4125	0.2927	10.3076	5.8630	-3.0313
283	1.3227	1.5180	0.1248	0.4303	0.2503	10.5077	5.9240	-3.1208
284	1.3248	1.5070	0.1260	0.4393	0.2067	10.5146	5.8000	-3.0584
285	1.3285	1.4980	0.1242	0.4550	0.1703	10.5822	5.8370	-3.0998
286	1.3279	1.4897	0.1260	0.4532	0.1373	10.4583	5.7680	-2.9401
287	1.3239	1.4803	0.1242	0.4380	0.0994	10.8836	5.5110	-2.8328
288	1.3201	1.4683	0.1266	0.4235	0.0511	10.5080	5.6530	-2.9797
289	1.3200	1.4559	0.1278	0.4237	0.0012	10.4478	5.6210	-2.9191
290	1.3230	1.4414	0.1278	0.4367	-0.0575	10.7731	5.7490	-2.9993
291	1.3246	1.5410	0.1272	0.4438	0.3413	10.5697	5.5850	-2.8524
292	1.3247	1.5318	0.1260	0.4446	0.3048	10.6853	5.7290	-3.0331
293	1.3268	1.5198	0.1248	0.4539	0.2570	10.9199	5.9140	-3.1599
294	1.3261	1.5050	0.1278	0.4519	0.1979	10.5314	5.9710	-3.1906
295	1.3298	1.4850	0.1248	0.4676	0.1178	10.9828	6.0670	-3.1390
296	1.3346	1.4608	0.1266	0.4877	0.0204	11.1593	6.2230	-3.2147
297	1.3460	1.4313	0.1278	0.5340	-0.0981	10.8041	6.4180	-2.9810
298	1.3609	1.4068	0.1266	0.5951	-0.1970	11.2819	6.4370	-3.3589
299	1.3708	1.3864	0.1272	0.6358	-0.2797	10.7592	6.2060	-3.1492
300	1.3808	1.3662	0.1260	0.6770	-0.3622	11.0480	6.0880	-3.0709
301	1.3208	1.5432	0.1266	0.4377	0.3464	10.8811	6.0990	-3.1621
302	1.3158	1.5468	0.1272	0.4185	0.3615	11.0198	6.0890	-3.1159
303	1.3085	1.5504	0.1213	0.3898	0.3762	11.2894	5.9830	-3.1399
304	1.3003	1.5506	0.1166	0.3576	0.3776	12.2952	5.6900	-2.9134
305	1.2912	1.5491	0.1248	0.3216	0.3719	11.3421	5.5820	-2.9792
306	1.2789	1.5457	0.1284	0.2724	0.3587	11.0605	5.5160	-2.9062
307	1.2651	1.5454	0.1224	0.2174	0.3581	11.5101	5.4220	-2.7950
308	1.2516	1.5437	0.1284	0.1635	0.3518	10.3524	5.5430	-3.0162
309	1.2370	1.5391	0.1166	0.1051	0.3339	12.2728	5.6110	-2.9645
310	1.2286	1.5360	0.1248	0.0711	0.3218	11.5458	5.4390	-2.8408
311	1.3126	1.5703	0.1248	0.4079	0.4597	11.4509	5.4880	-2.9276
312	1.3145	1.5763	0.1254	0.4159	0.4843	11.5305	5.3260	-2.7959
313	1.3139	1.5782	0.1254	0.4144	0.4928	11.5020	5.3710	-2.9165
314	1.3090	1.5779	0.1272	0.3955	0.4922	11.3771	5.2240	-2.6428
315	1.3017	1.5739	0.1272	0.3667	0.4771	11.2881	5.3190	-2.8399
316	1.2961	1.5687	0.1260	0.3447	0.4571	11.5833	5.1700	-2.7478
317	1.2919	1.5584	0.1266	0.3282	0.4163	11.4827	5.1870	-2.7473
318	1.2868	1.5508	0.1254	0.3081	0.3866	11.8379	5.1220	-2.8332
319	1.2794	1.5428	0.1260	0.2788	0.3550	11.6170	5.1450	-2.6129
320	1.2761	1.5369	0.1260	0.2660	0.3316	11.8764	5.1720	-2.7425
321	1.3208	1.5370	0.1248	0.4455	0.3324	11.6847	5.1680	-2.7398
322	1.3280	1.5346	0.1284	0.4751	0.3232	11.4567	5.0940	-2.6543
323	1.3380	1.5302	0.1254	0.5159	0.3059	11.8495	5.1220	-2.7149
324	1.3426	1.5243	0.1266	0.5353	0.2825	11.7364	5.1300	-2.6784
325	1.3473	1.5172	0.1154	0.5550	0.2544	13.1060	5.1490	-2.9129
326	1.3596	1.5081	0.1266	0.6053	0.2181	12.0407	5.2900	-2.8074
327	1.3707	1.5024	0.1272	0.6508	0.1950	11.6979	5.4170	-2.8337
328	1.3813	1.4950	0.1272	0.6948	0.1657	11.8489	5.4990	-2.9218
329	1.3948	1.4873	0.1254	0.7502	0.1347	12.0960	5.3540	-2.7932
330	1.4015	1.4783	0.1278	0.7784	0.0982	11.7120	5.3020	-2.8582
331	1.3205	1.5398	0.1272	0.4550	0.3448	11.9956	5.2300	-2.8368
332	1.3294	1.5374	0.1266	0.4915	0.3356	10.9218	5.1820	-2.7113
333	1.3392	1.5402	0.1266	0.5316	0.3472	11.8908	5.3340	-2.8938
334	1.3446	1.5474	0.1254	0.5542	0.3764	12.1853	5.3560	-2.8226
335	1.3480	1.5590	0.1178	0.5688	0.4234	13.0744	5.3010	-2.7838
336	1.3508	1.5742	0.1254	0.5810	0.4850	12.1281	5.2760	-2.8279
337	1.3537	1.5898	0.1260	0.5937	0.5483	12.1473	5.3460	-2.8350
338	1.3534	1.6088	0.1266	0.5933	0.6255	12.1659	5.1600	-2.7060
339	1.3510	1.6247	0.1260	0.5850	0.6901	11.3852	5.0850	-2.6485
340	1.3524	1.6357	0.1260	0.5914	0.7354	12.1748	4.7510	-2.3949
341	1.3032	1.5460	0.1224	0.3951	0.3772	12.3313	4.7420	-2.5796
342	1.3035	1.5468	0.1172	0.3967	0.3810	13.4707	4.8710	-2.6601
343	1.3065	1.5456	0.1254	0.4096	0.3764	12.3950	4.7220	-2.6303
344	1.3076	1.5503	0.1290	0.4143	0.3958	12.1121	4.7950	-2.5756
345	1.3132	1.5530	0.1236	0.4377	0.4071	12.4923	4.8300	-2.6125
346	1.3182	1.5526	0.1290	0.4581	0.4062	12.2342	4.7210	-2.5079
347	1.3233	1.5527	0.1236	0.4793	0.4071	12.5545	4.5980	-2.4923
348	1.3320	1.5509	0.1254	0.5151	0.4002	12.3711	4.5650	-2.4607
349	1.3437	1.5475	0.1230	0.5629	0.3872	12.9871	4.6000	-2.5164
350	1.3521	1.5491	0.1278	0.5971	0.3943	11.4356	4.5090	-2.3655
351	1.3098	1.5433	0.1272	0.4287	0.3712	12.2362	4.5970	-2.5284
352	1.3107	1.5440	0.1260	0.4327	0.3746	12.5905	4.4120	-2.4078
353	1.3144	1.5441	0.1254	0.4485	0.3756	11.7537	6.0440	-4.7399
354	1.3202	1.5416	0.1278	0.4724	0.3658	12.6167	4.4280	-2.4158
355	1.3258	1.5330	0.1254	0.4956	0.3319	12.7557	4.2520	-2.2796
356	1.3247	1.5265	0.1201	0.4916	0.3060	13.6663	4.3870	-2.4429
357	1.3225	1.5184	0.1272	0.4836	0.2737	12.7222	4.3320	-2.4318
358	1.3232	1.5095	0.1242	0.4873	0.2382	12.9926	4.2750	-2.2934
359	1.3254	1.4985	0.1278	0.4967	0.1945	12.5920	4.2460	-2.3410
360	1.3281	1.4893	0.1272	0.5083	0.1574	12.6890	3.9700	-2.2413
361	1.3110	1.5472	0.1260	0.4405	0.3895	12.6797	4.0840	-2.3081
362	1.3110	1.5496	0.1290	0.4412	0.3996	12.7630	7.4350	-6.8873
363	1.3086	1.5530	0.1242	0.4320	0.4137	13.0701	3.9010	-2.2338
364	1.3018	1.5538	0.1272	0.4053	0.4172	13.1030	3.7890	-2.1314
365	1.2902	1.5568	0.1172	0.3595	0.4302	13.5617	3.8540	-2.1603
366	1.2742	1.5597	0.1272	0.2958	0.4422	13.0444	3.9970	-2.2685
367	1.2623	1.5576	0.1278	0.2481	0.4343	12.7631	4.0380	-2.2004
368	1.2531	1.5541	0.1272	0.2113	0.4209	12.9263	4.0620	-2.1897
369	1.2431	1.5480	0.1266	0.1716	0.3968	12.9100	4.2670	-2.4047
370	1.2374	1.5426	0.1272	0.1483	0.3758	12.2677	4.2600	-2.3392
371	1.3060	1.5540	0.1248	0.4234	0.4219	13.2290	4.2860	-2.4585
372	1.3109	1.5620	0.1248	0.4435	0.4545	13.5003	4.2770	-2.3628
373	1.3201	1.5694	0.1248	0.4813	0.4850	13.0533	4.0630	-2.2329
374	1.3291	1.5757	0.1236	0.5178	0.5108	12.8167	4.0630	-2.2400
375	1.3352	1.5856	0.1242	0.5433	0.5511	13.4259	4.0750	-2.3326
376	1.3418	1.5958	0.1260	0.5705	0.5931	13.3619	3.8750	-2.1697
377	1.3472	1.6074	0.1266	0.5930	0.6404	12.9634	3.8900	-2.1601
378	1.3511	1.6176	0.1266	0.6097	0.6824	13.4726	3.8600	-0.0926
379	1.3517	1.6346	0.1154	0.6131	0.7517	14.6025	3.8390	-2.1536
380	1.3533	1.6490	0.1272	0.6204	0.8108	13.4572	3.9430	-2.2453
381	1.3126	1.5314	0.1242	0.4584	0.3408	13.3103	3.9060	-2.2707
382	1.3140	1.5298	0.1254	0.4645	0.3347	13.4954	3.9707	-2.2122
383	1.3151	1.5278	0.1254	0.4696	0.3270	13.5266	3.8900	-2.9685
384	1.3189	1.5258	0.1254	0.4853	0.3193	13.7375	-2.0770	5.8213
385	1.3268	1.5202	0.1254	0.5181	0.2971	13.5892	4.0210	-2.2346
386	1.3394	1.5070	0.1260	0.5692	0.2443	12.6114	4.2160	-2.2832
387	1.3513	1.4899	0.1260	0.6177	0.1758	13.2837	4.1530	-2.2880
388	1.3639	1.4728	0.1260	0.6693	0.1070	13.0798	3.9780	-2.2547
389	1.3762	1.4544	0.1224	0.7197	0.0329	14.0719	3.9180	-2.1924
390	1.3841	1.4376	0.1272	0.7526	-0.0348	13.7041	3.7700	-1.9129
391	1.2428	1.5484	0.1242	0.1875	0.4090	14.0280	3.6790	-2.0602
392	1.2390	1.5456	0.1230	0.1721	0.3982	14.1418	3.3040	-1.8470
393	1.2372	1.5442	0.1242	0.1650	0.3930	13.5564	3.3120	-1.9716
394	1.2400	1.5432	0.1272	0.1761	0.3894	13.7629	3.3230	-1.9614
395	1.2424	1.5435	0.1272	0.1854	0.3911	13.6081	3.3090	-1.9338
396	1.2408	1.5429	0.1254	0.1788	0.3891	13.6184	3.3460	-1.9298
397	1.2437	1.5419	0.1260	0.1905	0.3854	12.9950	3.0050	-1.7246
398	1.2486	1.5397	0.1254	0.2102	0.3770	13.9788	2.7940	-1.7357
399	1.2507	1.5349	0.1242	0.2184	0.3583	14.0340	2.5760	-1.6351
400	1.2495	1.5314	0.1278	0.2137	0.3445	13.7467	2.4940	-1.5693
401	1.3242	1.5672	0.1242	0.5132	0.4885	14.1437	2.5590	-1.6027
402	1.3214	1.5716	0.1248	0.5028	0.5068	13.1118	2.5700	-1.7153
403	1.3240	1.5816	0.1260	0.5139	0.5477	14.1722	2.1280	-1.2755
404	1.3291	1.5896	0.1266	0.5349	0.5806	13.9519	2.0530	-1.3881
405	1.3425	1.5924	0.1260	0.5897	0.5928	14.1147	1.3760	-0.8501
406	1.3583	1.5908	0.1260	0.6540	0.5873	14.0269	1.2890	-1.0187
407	1.3758	1.5872	0.1248	0.7250	0.5738	14.3807	0.9000	-0.7032
408	1.3904	1.5858	0.1254	0.7849	0.5688	14.2204	0.9760	-0.8447
409	1.4061	1.5884	0.1242	0.8493	0.5803	13.6901	0.7570	-0.7820
410	1.4181	1.5963	0.1272	0.8992	0.6127	14.2401	0.8650	-0.9021
411	1.3013	1.5522	0.1266	0.4323	0.4369	14.3376	0.8910	-0.7811
412	1.3041	1.5486	0.1160	0.4441	0.4230	15.6386	0.9500	-0.8643
413	1.3096	1.5464	0.1254	0.4667	0.4145	14.5444	1.2510	-1.0802
414	1.3196	1.5476	0.1278	0.5075	0.4201	14.1072	1.0700	-0.8385
415	1.3322	1.5493	0.1254	0.5586	0.4272	14.4867	1.2400	-1.0584
416	1.3463	1.5522	0.1278	0.6160	0.4392	13.5231	1.2140	-1.0352
417	1.3600	1.5523	0.1242	0.6720	0.4404	14.5143	1.1660	-0.9186
418	1.3710	1.5461	0.1278	0.7169	0.4157	14.4722	0.9900	-0.8527
419	1.3805	1.5411	0.1160	0.7565	0.3962	15.7381	0.6250	-0.7214
420	1.3885	1.5341	0.1266	0.7897	0.3685	14.9154	0.4200	-0.5901
421	1.3070	1.5564	0.1254	0.4643	0.4584	14.7815	0.3210	-0.5594
422	1.3005	1.5560	0.1272	0.4389	0.4574	14.6569	-0.0060	-0.4335
423	1.2967	1.5552	0.1236	0.4240	0.4547	14.8199	-0.1520	-0.3748
424	1.2924	1.5524	0.1260	0.4073	0.4440	14.8038	-0.3210	-0.3031
425	1.2877	1.5492	0.1266	0.3891	0.4317	14.5237	-0.2490	-0.2355
426	1.2779	1.5473	0.1166	0.3499	0.4245	15.8753	-0.3010	-0.1316
427	1.2652	1.5428	0.1242	0.2994	0.4071	14.8740	-0.4740	-0.2027
428	1.2490	1.5371	0.1278	0.2343	0.3848	14.7131	-0.5790	-0.1469
429	1.2331	1.5391	0.1248	0.1707	0.3929	15.1647	-0.7170	-0.1095
430	1.2224	1.5402	0.1284	0.1275	0.3976	13.9870	-0.9920	0.0680
431	1.3055	1.5590	0.1266	0.4606	0.4736	14.8795	-1.1570	0.1131
432	1.3085	1.5581	0.1254	0.4734	0.4705	15.1144	-1.6090	0.6289
433	1.3075	1.5612	0.1154	0.4698	0.4837	15.9244	-1.8340	0.6393
434	1.3054	1.5583	0.1242	0.4619	0.4726	15.2615	-1.7810	0.5727
435	1.3005	1.5534	0.1278	0.4429	0.4534	14.8011	-1.7920	0.6539
436	1.2951	1.5521	0.1248	0.4217	0.4487	15.4932	-1.9820	0.6305
437	1.2856	1.5543	0.1266	0.3839	0.4583	15.0084	-1.4900	0.2588
438	1.2749	1.5527	0.1266	0.3414	0.4523	15.2194	-0.9580	0.1836
439	1.2678	1.5491	0.1260	0.3132	0.4382	14.9051	-1.3120	0.5707
440	1.2661	1.5501	0.1272	0.3067	0.4431	14.2017	-1.9860	0.8831
441	1.3312	1.5356	0.1248	0.5678	0.3852	15.0466	-2.7160	1.3548
442	1.3320	1.5429	0.1260	0.5718	0.4148	15.3510	-3.2210	1.6462
443	1.3260	1.5539	0.1236	0.5486	0.4593	15.1347	-3.3180	1.5624
444	1.3100	1.5741	0.1254	0.4852	0.5409	15.2472	-3.6660	1.8544
445	1.2856	1.6043	0.1242	0.3880	0.6628	15.1265	-3.9620	2.2011
446	1.2600	1.6445	0.1254	0.2857	0.8250	14.4347	-4.4800	2.5392
447	1.2260	1.6947	0.1236	0.1494	1.0278	15.3203	-4.5860	2.5190
448	1.1828	1.7541	0.1248	-0.0240	1.2680	15.5052	-4.1450	2.0664
449	1.1367	1.8115	0.1149	-0.2097	1.5008	16.6688	-3.5790	1.8519
450	1.0996	1.8515	0.1278	-0.3593	1.6642	14.3816	-3.0050	1.6320
451	1.1818	1.5452	0.1230	-0.0314	0.4394	15.6826	-2.5360	1.5399
452	1.1782	1.5448	0.1236	-0.0465	0.4383	15.5249	-2.2870	1.4104
453	1.1742	1.5392	0.1230	-0.0632	0.4163	14.9300	-2.1450	1.4958
454	1.1714	1.5340	0.1236	-0.0752	0.3958	15.5889	-2.7620	1.8167
455	1.1602	1.5376	0.1236	-0.1209	0.4108	15.7390	-2.5900	1.3904
456	1.1542	1.5379	0.1242	-0.1459	0.4121	15.7586	-1.8740	1.0165
457	1.1550	1.5353	0.1230	-0.1436	0.4023	15.8738	-1.2410	0.9342
458	1.1650	1.5292	0.1236	-0.1045	0.3779	15.8348	-1.5226	1.0930
459	1.1821	1.5234	0.1230	-0.0370	0.3552	15.8784	-4.0000	4.2868
460	1.1997	1.5148	0.1236	0.0331	0.3209	16.0105	-11.6570	5.6331
461	1.3675	1.6731	0.1137	0.7054	0.9559	17.1099	-11.6570	5.6331
462	1.3696	1.6758	0.1248	0.7149	0.9684	16.0515	-2.2690	1.4914
463	1.3664	1.6811	0.1230	0.7036	0.9913	15.8227	-1.9250	1.2101
464	1.3686	1.6883	0.1248	0.7135	1.0220	15.8177	-2.2530	1.7664
465	1.3656	1.7029	0.1213	0.7025	1.0822	16.2168	-2.9220	6.7705
466	1.3629	1.7256	0.1242	0.6929	1.1755	15.9528	-2.9720	1.7811
467	1.3572	1.7571	0.1213	0.6712	1.3042	16.5772	-3.2240	1.7678
468	1.3567	1.7938	0.1166	0.6703	1.4537	17.1078	-3.1040	1.8408
469	1.3646	1.8255	0.1242	0.7031	1.5837	16.0480	-3.0760	1.8577
470	1.3773	1.8542	0.1236	0.7553	1.7021	16.0855	-3.3980	2.1069
471	1.3204	1.5146	0.1242	0.5282	0.3439	16.0396	-3.5450	2.0228
472	1.3168	1.5107	0.1242	0.5145	0.3284	16.1898	-3.0060	1.6592
473	1.3169	1.5140	0.1207	0.5157	0.3416	16.6469	-3.6790	2.2284
474	1.3151	1.5224	0.1236	0.5090	0.3757	16.1478	-3.1590	1.8661
475	1.3081	1.5270	0.1260	0.4814	0.3942	16.1900	-2.8980	1.5995
476	1.3097	1.5323	0.1236	0.4885	0.4156	16.4480	-2.3630	1.4460
477	1.3112	1.5345	0.1154	0.4950	0.4251	17.4002	-2.4480	1.4607
478	1.3074	1.5406	0.1230	0.4807	0.4496	16.7015	-2.6800	1.7286
479	1.3057	1.5486	0.1242	0.4741	0.4822	16.4119	-1.9760	1.1847
480	1.3106	1.5485	0.1230	0.4946	0.4821	16.5203	-1.5680	1.0833
481	1.3060	1.5430	0.1149	0.4767	0.4607	17.3472	-1.0310	0.5675
482	1.3072	1.5308	0.1236	0.4820	0.4122	16.5068	-0.4560	0.6729
483	1.2992	1.5237	0.1218	0.4505	0.3841	16.8108	-0.6870	0.9004
484	1.2812	1.5256	0.1154	0.3789	0.3920	17.6101	-1.0990	0.9618
485	1.2652	1.5325	0.1230	0.3150	0.4197	16.6739	-0.3860	0.4922
486	1.2530	1.5301	0.1149	0.2664	0.4106	17.8614	0.0000	0.0249
487	1.2468	1.5178	0.1236	0.2412	0.3614	16.6072	-0.1350	0.5336
488	1.2460	1.5010	0.1272	0.2382	0.2944	15.7406	-0.4340	0.7076
489	1.2536	1.4839	0.1213	0.2687	0.2256	16.8953	-0.2930	0.5755
490	1.2669	1.4636	0.1248	0.3220	0.1441	16.6715	0.6990	0.0082
491	1.3148	1.5580	0.1218	0.5142	0.5224	17.1718	1.1670	-0.2147
492	1.3108	1.5516	0.1254	0.4988	0.4973	16.5329	0.8530	0.1969
493	1.3056	1.5408	0.1213	0.4786	0.4545	17.1222	0.2850	0.2303
494	1.3094	1.5208	0.1248	0.4946	0.3747	17.0851	0.1150	0.3327
495	1.3179	1.4908	0.1160	0.5290	0.2546	17.8720	0.5580	0.0894
496	1.3179	1.4585	0.1242	0.5299	0.1250	17.1000	0.4230	0.1757
497	1.3177	1.4269	0.1248	0.5296	-0.0020	16.8815	0.7930	-0.4113
498	1.3211	1.3878	0.1236	0.5438	-0.1597	17.2340	1.5520	-0.4040
499	1.3248	1.3538	0.1230	0.5596	-0.2970	16.1707	1.2990	-0.2758
500	1.3336	1.3294	0.1166	0.5957	-0.3964	18.0148	1.4710	-0.3077
501	1.3126	1.5550	0.1224	0.5121	0.5065	17.2285	0.6630	0.0823
502	1.3126	1.5590	0.1218	0.5128	0.5231	17.0956	1.1090	-0.4451
503	1.3170	1.5610	0.1224	0.5310	0.5317	17.3515	1.2270	-0.2600
504	1.3290	1.5690	0.1236	0.5798	0.5644	16.4248	0.9510	-0.1268
505	1.3401	1.5772	0.1224	0.6250	0.5979	17.3565	0.7750	-0.0215
506	1.3491	1.5909	0.1254	0.6622	0.6538	17.2095	-0.0560	0.2166
507	1.3636	1.6042	0.1218	0.7211	0.7081	17.4840	-0.2760	0.2302
508	1.3858	1.6174	0.1236	0.8115	0.7617	17.3028	-0.3020	0.3913
509	1.4030	1.6389	0.1242	0.8817	0.8492	17.2041	-1.2380	0.8922
510	1.4173	1.6551	0.1236	0.9406	0.9157	17.3007	-0.9910	0.7716
511	1.2982	1.5432	0.1224	0.4647	0.4685	16.6058	-1.3280	0.7155
512	1.2974	1.5392	0.1230	0.4620	0.4529	17.3775	-1.4440	0.9726
513	1.3034	1.5332	0.1213	0.4865	0.4292	17.5629	-1.3120	0.7916
514	1.3114	1.5268	0.1236	0.5191	0.4039	17.6661	-1.4180	0.9560
515	1.3118	1.5208	0.1207	0.5213	0.3801	17.9926	-1.5400	0.9692
516	1.3046	1.5128	0.1260	0.4931	0.3482	17.5034	-1.2107	1.0481
517	1.3024	1.5036	0.1224	0.4850	0.3115	17.3731	-0.9800	0.8646
518	1.2977	1.4996	0.1248	0.4663	0.2955	16.6011	0.0000	1.5096
519	1.2949	1.5008	0.1207	0.4556	0.3003	18.1203	-1.3450	0.9093
520	1.2918	1.4960	0.1236	0.4439	0.2810	17.9706	-1.0310	1.1389
521	1.2720	1.5950	0.1236	0.3648	0.6780	17.6982	-0.8510	0.6778
522	1.2604	1.6002	0.1213	0.3185	0.6998	17.8955	-1.6920	1.0450
523	1.2533	1.6050	0.1230	0.2901	0.7200	17.9518	-1.6630	1.3632
524	1.2510	1.6138	0.1254	0.2809	0.7564	17.8703	-1.1170	1.0098
525	1.2531	1.6294	0.1236	0.2894	0.8201	17.7599	-1.6260	1.1394
526	1.2572	1.6414	0.1248	0.3059	0.8695	17.8862	-1.2380	0.9337
527	1.2673	1.6560	0.1224	0.3466	0.9296	17.7891	0.0000	-0.5990
528	1.2779	1.6728	0.1242	0.3889	0.9984	17.9614	-1.5430	1.5261
529	1.2904	1.6852	0.1224	0.4394	1.0498	17.3884	-0.9740	0.7925
530	1.3008	1.6975	0.1166	0.4814	1.1009	18.8138	-1.2840	0.8545
531	1.2792	1.5610	0.1218	0.3955	0.5556	18.0337	-0.9900	1.0290
532	1.2705	1.5605	0.1230	0.3610	0.5543	18.3387	-1.4560	1.1652
533	1.2552	1.5582	0.1230	0.2996	0.5456	17.8969	-2.1340	1.6280
534	1.2394	1.5532	0.1260	0.2365	0.5260	17.3377	-2.1320	1.4153
535	1.2216	1.5467	0.1154	0.1651	0.5007	19.1646	-2.2970	1.1834
536	1.2059	1.5399	0.1254	0.1016	0.4738	18.0609	-2.6760	1.8034
537	1.1921	1.5335	0.1236	0.0460	0.4483	18.0116	-1.7710	0.9662
538	1.1836	1.5250	0.1242	0.0111	0.4149	18.4467	-1.0790	1.0926
539	1.1730	1.5146	0.1230	-0.0319	0.3733	18.1470	-0.9050	0.8194
540	1.1684	1.5027	0.1254	-0.0512	0.3258	18.1822	-0.6090	0.9484
541	1.2950	1.5350	0.1248	0.4557	0.4553	17.2892	-0.8450	0.8211
542	1.3010	1.5330	0.1230	0.4802	0.4476	18.5250	-0.3660	0.7949
543	1.3050	1.5334	0.1218	0.4968	0.4497	18.5802	-0.2150	0.0761
544	1.3110	1.5320	0.1236	0.5214	0.4442	18.4587	-0.1120	0.4948
545	1.3166	1.5325	0.1218	0.5444	0.4466	18.4672	-0.8170	1.5997
546	1.3154	1.5327	0.1248	0.5403	0.4475	18.2614	0.1400	0.4130
547	1.3194	1.5316	0.1236	0.5570	0.4436	18.6734	1.3580	-0.4346
548	1.3302	1.5349	0.1254	0.6010	0.4573	18.1354	2.0460	-0.7051
549	1.3478	1.5331	0.1278	0.6724	0.4502	18.2928	2.2110	-0.6447
550	1.3614	1.5318	0.1260	0.7279	0.4454	18.4747	2.2960	-0.7982
551	1.2930	1.5470	0.1260	0.4547	0.5067	18.6191	2.2780	-0.7635
552	1.2894	1.5506	0.1248	0.4407	0.5216	18.7940	1.2820	-0.4495
553	1.2902	1.5526	0.1236	0.4443	0.5303	18.6115	0.7620	-0.0702
554	1.2969	1.5519	0.1242	0.4717	0.5278	19.2299	0.9760	-0.2892
555	1.3077	1.5525	0.1242	0.5155	0.5308	18.6038	0.7160	-0.1364
556	1.3206	1.5494	0.1230	0.5675	0.5188	18.8370	0.3090	0.0440
557	1.3330	1.5482	0.1236	0.6180	0.5148	18.8570	0.0790	-0.0398
558	1.3442	1.5467	0.1230	0.6637	0.5091	19.0193	-0.3790	0.5943
559	1.3542	1.5408	0.1236	0.7048	0.4858	18.9206	-0.4280	0.7258
560	1.3624	1.5346	0.1236	0.7386	0.4614	19.0646	0.4270	-0.4586
561	1.2966	1.5790	0.1230	0.4761	0.6398	19.1017	0.0000	0.2633
562	1.3052	1.5770	0.1278	0.5109	0.6325	18.4996	0.2800	-0.0744
563	1.3187	1.5746	0.1218	0.5658	0.6237	19.0699	0.2600	-0.3006
564	1.3372	1.5766	0.1248	0.6407	0.6325	18.8053	0.4760	-0.7012
565	1.3529	1.5846	0.1213	0.7045	0.6653	19.2048	0.0050	0.1523
566	1.3746	1.5906	0.1236	0.7926	0.6902	19.2492	0.3690	-0.2033
567	1.4007	1.5901	0.1230	0.8985	0.6892	19.1737	0.1730	0.0640
568	1.4294	1.5881	0.1266	1.0148	0.6821	19.2540	-0.1110	0.1907
569	1.4562	1.5857	0.1266	1.1243	0.6734	18.7480	-0.3360	0.4695
570	1.4735	1.5830	0.1230	1.1957	0.6634	19.2555	-0.1000	-0.1716
571	1.2820	1.5460	0.1154	0.4300	0.5157	20.1311	-0.7860	0.4830
572	1.2840	1.5400	0.1230	0.4384	0.4921	19.3135	-1.2430	0.8443
573	1.2904	1.5328	0.1201	0.4645	0.4637	19.9364	-1.4780	0.7717
574	1.2948	1.5199	0.1172	0.4826	0.4121	20.0200	-1.3150	0.8793
575	1.2965	1.5081	0.1230	0.4898	0.3652	19.6473	-1.2140	0.4171
576	1.2922	1.4978	0.1242	0.4731	0.3240	19.1809	-1.7350	1.4422
577	1.2859	1.4871	0.1218	0.4482	0.2812	19.5561	-1.2600	0.5973
578	1.2800	1.4721	0.1218	0.4249	0.2206	19.3533	-1.3230	0.7235
579	1.2726	1.4606	0.1230	0.3955	0.1742	19.5376	-0.7330	0.7983
580	1.2653	1.4504	0.1236	0.3662	0.1332	19.4917	-0.9120	1.1231
581	1.2206	1.4122	0.1266	0.1872	-0.0207	19.3963	0.1810	0.0819
582	1.2266	1.4222	0.1236	0.2110	0.0186	19.6073	0.1740	0.7277
583	1.2362	1.4326	0.1218	0.2492	0.0595	19.7929	0.3900	0.3519
584	1.2486	1.4386	0.1260	0.2987	0.0829	19.6232	0.8310	-0.1375
585	1.2621	1.4370	0.1207	0.3528	0.0758	19.9384	1.1570	-0.1967
586	1.2759	1.4422	0.1242	0.4085	0.0961	19.6040	0.4190	0.0653
587	1.2918	1.4470	0.1248	0.4725	0.1147	18.6934	0.1100	0.1807
588	1.3076	1.4546	0.1242	0.5361	0.1447	19.7869	-0.4840	0.3161
589	1.3251	1.4597	0.1242	0.6070	0.1648	19.8782	-0.9340	0.8465
590	1.3375	1.4616	0.1272	0.6576	0.1721	19.4781	-0.7080	0.6593
591	1.3446	1.6524	0.1254	0.6868	0.9366	19.6009	-0.5240	1.1328
592	1.3466	1.6504	0.1266	0.6957	0.9301	19.6076	-0.3330	0.5297
593	1.3530	1.6440	0.1248	0.7224	0.9060	19.6771	0.6120	-0.1528
594	1.3614	1.6356	0.1260	0.7571	0.8737	18.9826	2.2430	-1.5766
595	1.3686	1.6284	0.1195	0.7871	0.8462	20.3782	2.0000	0.7403
596	1.3746	1.6232	0.1254	0.8123	0.8266	19.7605	1.5820	-0.4412
597	1.3850	1.6168	0.1172	0.8553	0.8022	20.9580	3.7590	-1.3746
598	1.4022	1.6046	0.1260	0.9256	0.7544	18.9380	3.9560	-1.7911
599	1.4230	1.5898	0.1254	1.0105	0.6963	20.0935	3.4550	-1.4960
600	1.4350	1.5806	0.1172	1.0604	0.6601	21.1595	3.1470	-0.9075
601	1.2528	1.6056	0.1224	0.3317	0.7612	20.2564	2.5400	-1.1796
602	1.2608	1.6012	0.1201	0.3638	0.7446	20.5702	1.7300	-1.0393
603	1.2716	1.5964	0.1230	0.4071	0.7264	20.1312	0.6720	-0.3752
604	1.2780	1.5936	0.1230	0.4329	0.7161	20.2224	-0.5030	0.3886
605	1.2784	1.5928	0.1230	0.4347	0.7139	20.1368	-0.1800	-0.3230
606	1.2751	1.5908	0.1224	0.4221	0.7068	20.4759	-0.7160	0.5298
607	1.2755	1.5868	0.1236	0.4239	0.6916	20.2479	-0.8560	0.0996
608	1.2777	1.5839	0.1213	0.4329	0.6807	20.9797	-0.8100	0.5664
609	1.2755	1.5818	0.1230	0.4242	0.6731	20.3239	-0.1230	0.1058
610	1.2760	1.5832	0.1242	0.4267	0.6798	20.2007	0.2060	-0.7813
611	1.2498	1.6040	0.1213	0.3218	0.7640	20.6399	0.9830	-0.7989
612	1.2534	1.5996	0.1242	0.3362	0.7474	19.5618	0.3850	-0.0285
613	1.2590	1.6012	0.1201	0.3587	0.7548	20.6686	0.0760	0.4547
614	1.2634	1.6072	0.1242	0.3764	0.7798	20.5590	0.3750	-0.2741
615	1.2666	1.6144	0.1126	0.3894	0.8098	21.6889	0.0160	-0.0418
616	1.2734	1.6204	0.1236	0.4168	0.8350	20.8737	0.0070	-0.1853
617	1.2862	1.6316	0.1242	0.4683	0.8811	20.3007	0.0300	-0.7233
618	1.3024	1.6376	0.1236	0.5338	0.9065	20.7578	-0.3810	-0.2072
619	1.3199	1.6434	0.1218	0.6043	0.9312	20.2997	-0.6710	0.1779
620	1.3348	1.6515	0.1230	0.6650	0.9651	20.7681	-0.7700	0.2644
621	1.3430	1.6088	0.1236	0.6986	0.7953	20.6044	-1.0020	0.6174
622	1.3430	1.6128	0.1242	0.6995	0.8124	20.6762	-1.7730	1.2747
623	1.3418	1.6236	0.1236	0.6956	0.8569	20.0224	-1.4330	0.7395
624	1.3410	1.6372	0.1266	0.6934	0.9127	20.7501	-1.2570	0.5767
625	1.3386	1.6560	0.1218	0.6846	0.9894	20.9958	-0.8760	0.3975
626	1.3353	1.6768	0.1160	0.6721	1.0744	22.0825	-0.1090	-0.1685
627	1.3371	1.6972	0.1218	0.6804	1.1580	20.8833	0.0480	0.2377
628	1.3434	1.7140	0.1254	0.7064	1.2273	20.9014	1.5690	-0.4426
629	1.3492	1.7304	0.1242	0.7309	1.2952	20.7211	1.2950	-0.5305
630	1.3578	1.7408	0.1218	0.7661	1.3392	21.2072	1.5490	-0.9504
631	1.2570	1.5394	0.1236	0.3630	0.5340	21.1449	2.4220	-1.2188
632	1.2551	1.5396	0.1230	0.3554	0.5354	21.0699	1.9650	-1.2882
633	1.2552	1.5441	0.1254	0.3558	0.5538	20.0039	1.2490	-0.5736
634	1.2557	1.5512	0.1213	0.3578	0.5826	21.4058	1.3980	-1.1170
635	1.2582	1.5622	0.1224	0.3679	0.6272	21.2963	0.6520	-0.5171
636	1.2582	1.5768	0.1149	0.3682	0.6863	22.4129	-0.0950	-0.1623
637	1.2595	1.5860	0.1213	0.3733	0.7239	21.4433	-0.5080	0.1386
638	1.2611	1.5913	0.1218	0.3801	0.7460	21.7557	-0.2220	-0.5514
639	1.2644	1.5913	0.1218	0.3933	0.7470	21.4306	-1.0060	0.1332
640	1.2693	1.5918	0.1236	0.4129	0.7498	20.3741	-1.5440	0.6804
641	1.2634	1.5350	0.1207	0.3896	0.5231	21.6827	-2.0070	0.8194
642	1.2600	1.5266	0.1236	0.3762	0.4898	20.3755	-2.5760	1.2027
643	1.2620	1.5154	0.1201	0.3842	0.4453	21.6410	-2.4650	0.7553
644	1.2688	1.5087	0.1236	0.4115	0.4183	21.4254	-2.8670	1.6671
645	1.2822	1.4967	0.1132	0.4655	0.3704	22.4760	-3.1040	1.9507
646	1.2984	1.4827	0.1254	0.5309	0.3144	21.4534	-3.3700	1.9639
647	1.3118	1.4692	0.1213	0.5851	0.2598	21.7460	-2.7830	1.5777
648	1.3240	1.4520	0.1236	0.6348	0.1906	21.6718	-2.5850	1.7464
649	1.3395	1.4328	0.1213	0.6975	0.1133	20.8272	-1.6530	0.9367
650	1.3551	1.4169	0.1242	0.7608	0.0486	21.4222	-1.7030	1.0042
651	1.3800	1.5440	0.1248	0.8619	0.5575	21.4351	-0.9740	0.6785
652	1.3920	1.5348	0.1224	0.9112	0.5211	21.9295	-1.8830	1.7282
653	1.4081	1.5244	0.1230	0.9771	0.4797	22.1894	-2.9410	2.0709
654	1.4211	1.5176	0.1160	1.0310	0.4527	22.7028	-2.6770	1.2288
655	1.4311	1.5114	0.1248	1.0726	0.4279	21.6743	-0.9800	0.5910
656	1.4493	1.5020	0.1149	1.1475	0.3904	22.7796	0.7720	-0.1445
657	1.4631	1.4906	0.1230	1.2049	0.3448	21.8931	1.6280	-0.4914
658	1.4725	1.4796	0.1230	1.2448	0.3006	22.4027	2.1100	-0.5249
659	1.4839	1.4643	0.1272	1.2928	0.2390	21.8723	3.9390	-1.8614
660	1.4947	1.4510	0.1230	1.3382	0.1854	22.2786	4.9080	-3.6545
661	1.4760	1.3400	0.1218	1.2658	-0.2603	22.0305	6.3080	-3.1319
662	1.4756	1.3372	0.1230	1.2664	-0.2731	22.0977	5.3070	-2.3737
663	1.4716	1.3372	0.1266	1.2526	-0.2748	21.9383	7.4650	-3.7189
664	1.4656	1.3432	0.1278	1.2307	-0.2523	21.8248	6.5350	-3.0017
665	1.4583	1.3568	0.1284	1.2038	-0.1994	21.9638	5.7170	-2.9895
666	1.4523	1.3740	0.1308	1.1815	-0.1318	21.9443	4.4410	-4.6041
667	1.4474	1.3908	0.1290	1.1641	-0.0657	21.1790	4.7000	-2.2921
668	1.4453	1.4064	0.1254	1.1578	-0.0042	22.5986	4.0640	-2.2538
669	1.4485	1.4150	0.1236	1.1723	0.0294	22.1254	5.2590	-2.6699
670	1.4500	1.4201	0.1224	1.1805	0.0487	22.3456	4.9400	-2.3544
671	1.3110	1.6210	0.1236	0.6250	0.8538	22.1110	4.1650	-1.9899
672	1.3098	1.6210	0.1236	0.6208	0.8550	22.3793	3.0570	-1.7878
673	1.3138	1.6198	0.1207	0.6375	0.8513	22.5880	3.2280	-1.9227
674	1.3196	1.6166	0.1242	0.6612	0.8396	22.2536	2.6930	-1.7842
675	1.3320	1.6130	0.1218	0.7119	0.8263	22.3928	3.7320	-2.5217
676	1.3409	1.6068	0.1230	0.7484	0.8025	21.6455	5.1920	-3.1243
677	1.3478	1.6001	0.1236	0.7770	0.7771	22.5987	7.0280	-3.8720
678	1.3566	1.5915	0.1278	0.8131	0.7436	22.6082	8.1310	-4.0264
679	1.3692	1.5793	0.1195	0.8646	0.6955	23.2740	7.3920	-3.9486
680	1.3789	1.5712	0.1278	0.9048	0.6635	22.6638	4.6890	-0.6814
681	1.3690	1.5380	0.1260	0.8664	0.5315	22.7232	3.2990	-1.0891
682	1.3718	1.5366	0.1260	0.8788	0.5260	22.3950	2.8810	-1.9204
683	1.3726	1.5403	0.1278	0.8832	0.5413	21.8560	1.1770	-0.3974
684	1.3758	1.5460	0.1248	0.8972	0.5647	22.7208	1.8290	-1.5457
685	1.3833	1.5490	0.1260	0.9288	0.5769	22.7285	3.3740	-1.9467
686	1.3961	1.5459	0.1260	0.9813	0.5651	22.6396	4.1810	-2.5578
687	1.4101	1.5480	0.1242	1.0388	0.5741	22.8858	4.4290	-2.4038
688	1.4284	1.5514	0.1242	1.1141	0.5880	23.0967	6.0750	-3.1488
689	1.4504	1.5540	0.1272	1.2039	0.5990	22.4105	0.8040	3.7919
690	1.4728	1.5535	0.1137	1.2956	0.5975	24.2904	4.5180	-1.3654
691	1.4686	1.5018	0.1213	1.2811	0.3908	23.1162	4.8080	-2.5520
692	1.4624	1.5046	0.1296	1.2585	0.4020	22.4402	3.2600	-1.4464
693	1.4502	1.5078	0.1266	1.2118	0.4149	22.9540	3.6330	-1.9284
694	1.4321	1.5114	0.1254	1.1408	0.4294	22.1264	5.0510	-2.6824
695	1.4119	1.5122	0.1218	1.0617	0.4327	23.1709	6.5420	-3.1973
696	1.3889	1.5118	0.1254	0.9712	0.4312	22.9533	7.3820	-3.1937
697	1.3631	1.5110	0.1120	0.8692	0.4281	24.1762	8.6460	-4.2103
698	1.3393	1.5058	0.1266	0.7749	0.4074	22.9928	8.6580	-4.4043
699	1.3159	1.4994	0.1230	0.6820	0.3818	23.1561	8.9270	-4.6549
700	1.3009	1.4970	0.1195	0.6226	0.3722	23.9560	9.2430	-4.8106
