count	posx	posy	posz	xout	yout	zout	heading	hd_out
1	0.0000	0.0000	0.0000	0.0000	0.0000	0.0000	0.0000	0.0000
2	0.0000	0.0000	0.1278	0.0000	0.0000	0.0000	1.4660	-0.3197
3	0.0000	0.0000	0.1284	0.0000	0.0000	0.0000	1.4500	-0.3015
4	0.0000	0.0000	0.1201	0.0000	0.0000	0.0000	1.2790	-0.2875
5	0.0000	0.0000	0.1290	0.0000	0.0000	0.0000	1.3400	-0.3405
6	0.0000	0.0000	0.1296	0.0000	0.0000	0.0000	1.2800	-0.3106
7	0.0000	0.0000	0.1296	0.0000	0.0000	0.0000	1.2040	-0.2947
8	0.0000	0.0000	0.1284	0.0000	0.0000	0.0000	1.2030	-0.3148
9	0.0000	0.0000	0.1218	0.0000	0.0000	0.0000	1.1100	-0.2706
10	0.0000	0.0000	0.1315	0.0000	0.0000	0.0000	11.0560	-6.9429
11	1.2090	1.5200	0.1272	-0.0825	0.0401	1.7877	1.0350	-0.2695
12	1.2088	1.5200	0.1308	-0.0833	0.0403	0.4885	0.9040	-0.2078
13	1.2084	1.5199	0.1272	-0.0844	0.0404	1.5568	0.7750	-0.2001
14	1.2080	1.5198	0.1321	-0.0856	0.0404	1.1895	0.8900	-0.2608
15	1.2077	1.5197	0.1266	-0.0868	0.0404	1.7611	1.0670	-0.2815
16	1.2073	1.5196	0.1296	-0.0880	0.0403	1.5547	1.2200	-0.3374
17	1.2068	1.5194	0.1260	-0.0894	0.0402	1.0746	1.2240	-0.2986
18	1.2062	1.5193	0.1296	-0.0911	0.0402	1.6271	1.3720	-0.3578
19	1.2055	1.5192	0.1296	-0.0928	0.0401	1.4812	1.5540	-0.3908
20	1.2051	1.5191	0.1302	-0.0941	0.0401	0.9600	1.5950	-0.3928
21	1.2160	1.5289	0.1290	-0.0726	0.0601	1.7930	1.6100	-0.3881
22	1.2160	1.5287	0.1290	-0.0729	0.0600	1.7685	1.6380	-0.3930
23	1.2161	1.5285	0.1278	-0.0731	0.0599	2.0101	1.5020	-0.3480
24	1.2162	1.5283	0.1284	-0.0732	0.0598	1.8520	1.4020	-0.3681
25	1.2164	1.5281	0.1278	-0.0732	0.0596	2.0211	1.4980	-0.3832
26	1.2165	1.5278	0.1302	-0.0732	0.0592	1.7052	1.6500	-0.4001
27	1.2167	1.5274	0.1278	-0.0732	0.0588	2.1538	1.7430	-0.4115
28	1.2169	1.5271	0.1213	-0.0732	0.0584	3.1587	1.7840	-0.4388
29	1.2170	1.5267	0.1284	-0.0733	0.0580	2.0923	1.9610	-0.4813
30	1.2171	1.5266	0.1302	-0.0733	0.0579	2.0159	2.0700	-0.5185
31	1.2350	1.5300	0.1272	-0.0377	0.0650	1.4041	2.2000	-0.5207
32	1.2351	1.5300	0.1296	-0.0377	0.0653	2.1007	2.2290	-0.5459
33	1.2352	1.5298	0.1260	-0.0377	0.0653	2.2705	2.3540	-0.5590
34	1.2355	1.5297	0.1290	-0.0372	0.0654	2.3073	2.2860	-0.5318
35	1.2359	1.5296	0.1213	-0.0365	0.0654	2.9732	2.4110	-0.6011
36	1.2361	1.5294	0.1290	-0.0364	0.0653	2.3798	2.4440	-0.5715
37	1.2360	1.5292	0.1260	-0.0366	0.0652	2.6572	2.4630	-0.5806
38	1.2358	1.5290	0.1296	-0.0373	0.0652	2.3184	2.4670	-0.5650
39	1.2356	1.5289	0.1302	-0.0377	0.0652	2.3413	2.3120	-0.5394
40	1.2356	1.5288	0.1290	-0.0378	0.0653	2.6313	2.2000	-0.5074
41	1.2279	1.5280	0.1290	-0.0535	0.0640	2.2959	2.1860	-0.5238
42	1.2276	1.5280	0.1195	-0.0542	0.0643	3.5351	2.2560	-0.5416
43	1.2273	1.5281	0.1278	-0.0552	0.0648	2.5752	2.2160	-0.5265
44	1.2269	1.5282	0.1272	-0.0563	0.0652	2.6842	2.1100	-0.4793
45	1.2266	1.5283	0.1278	-0.0569	0.0657	1.7018	2.0583	-0.4715
46	1.2265	1.5283	0.1272	-0.0575	0.0659	2.7581	2.0000	-0.4784
47	1.2263	1.5284	0.1302	-0.0580	0.0664	2.4913	2.0540	-0.5043
48	1.2263	1.5285	0.1284	-0.0582	0.0670	2.0310	2.1350	-0.4101
49	1.2263	1.5287	0.1290	-0.0585	0.0676	2.7099	2.0620	-0.4922
50	1.2263	1.5288	0.1302	-0.0587	0.0682	2.5920	2.1240	-0.5127
51	1.2060	1.5330	0.1278	-0.0998	0.0769	3.0949	2.2710	-0.5356
52	1.2060	1.5330	0.1266	-0.1002	0.0772	2.5548	2.4060	-0.5830
53	1.2062	1.5330	0.1278	-0.1003	0.0775	2.6850	2.5050	-0.5841
54	1.2063	1.5330	0.1296	-0.1006	0.0778	2.8032	2.5590	-0.6055
55	1.2062	1.5329	0.1272	-0.1013	0.0780	2.9494	2.5840	-0.6084
56	1.2060	1.5327	0.1302	-0.1020	0.0779	2.9231	2.5400	-0.5884
57	1.2059	1.5323	0.1272	-0.1026	0.0774	3.2011	2.4750	-0.5788
58	1.2060	1.5318	0.1218	-0.1029	0.0767	4.0625	2.2830	-0.5236
59	1.2061	1.5313	0.1278	-0.1031	0.0760	3.3215	2.3680	-0.5652
60	1.2062	1.5308	0.1302	-0.1033	0.0754	3.1201	2.3140	-0.5292
61	1.2260	1.5270	0.1278	-0.0640	0.0680	3.2579	2.3270	-0.5401
62	1.2260	1.5269	0.1290	-0.0643	0.0682	3.2090	2.2090	-0.5165
63	1.2260	1.5269	0.1284	-0.0646	0.0683	3.1361	2.1530	-0.5094
64	1.2259	1.5270	0.1296	-0.0649	0.0688	3.1476	2.2490	-0.5187
65	1.2258	1.5270	0.1213	-0.0654	0.0691	4.3099	2.1910	-0.5018
66	1.2257	1.5270	0.1302	-0.0659	0.0695	3.2674	2.2610	-0.5383
67	1.2256	1.5271	0.1296	-0.0663	0.0698	3.3152	2.2140	-0.5256
68	1.2254	1.5270	0.1290	-0.0669	0.0699	3.4841	2.3640	-0.5532
69	1.2255	1.5268	0.1284	-0.0669	0.0698	3.5324	2.3430	-0.5537
70	1.2258	1.5266	0.1284	-0.0666	0.0697	3.5605	3.1030	-0.7239
71	1.2152	1.5280	0.1278	-0.0882	0.0728	3.6013	2.3910	-0.5886
72	1.2155	1.5280	0.1302	-0.0878	0.0730	2.6305	2.3570	-0.5601
73	1.2159	1.5278	0.1272	-0.0875	0.0729	3.6250	2.4900	-0.5893
74	1.2163	1.5275	0.1302	-0.0871	0.0726	3.4791	2.3510	-0.5583
75	1.2167	1.5271	0.1278	-0.0866	0.0719	3.9285	2.2700	-0.5505
76	1.2171	1.5265	0.1321	-0.0860	0.0711	3.3310	2.3520	-0.5523
77	1.2177	1.5259	0.1296	-0.0851	0.0702	3.7815	2.3120	-0.5519
78	1.2183	1.5253	0.1213	-0.0844	0.0691	4.7004	2.3490	-0.5597
79	1.2188	1.5245	0.1302	-0.0837	0.0678	3.7189	2.3490	-0.5472
80	1.2194	1.5238	0.1296	-0.0828	0.0667	3.7605	2.3770	-0.5703
81	1.2280	1.5210	0.1284	-0.0658	0.0613	3.0495	2.6170	-0.6180
82	1.2277	1.5209	0.1278	-0.0664	0.0613	4.2267	2.7080	-0.6507
83	1.2274	1.5206	0.1201	-0.0673	0.0610	4.7062	2.7150	-0.6407
84	1.2274	1.5202	0.1290	-0.0677	0.0602	4.0321	2.6910	-0.6389
85	1.2270	1.5195	0.1189	-0.0685	0.0592	5.0999	2.6040	-0.6151
86	1.2268	1.5187	0.1296	-0.0692	0.0577	4.0930	2.5240	-0.5933
87	1.2265	1.5178	0.1290	-0.0700	0.0560	4.0203	2.3820	-0.5456
88	1.2261	1.5167	0.1290	-0.0711	0.0540	3.3994	2.3920	-0.5666
89	1.2256	1.5156	0.1284	-0.0724	0.0519	4.1648	2.4700	-0.5848
90	1.2250	1.5146	0.1308	-0.0737	0.0502	3.9612	2.5690	-0.6144
91	1.2180	1.4919	0.1272	-0.0882	0.0047	4.1265	2.7233	-0.6524
92	1.2178	1.4919	0.1284	-0.0889	0.0045	4.3793	2.7830	-0.6669
93	1.2175	1.4919	0.1272	-0.0898	0.0045	4.3796	2.8490	-0.6598
94	1.2173	1.4922	0.1207	-0.0904	0.0050	5.4428	2.8450	-0.6723
95	1.2173	1.4924	0.1278	-0.0909	0.0054	4.3797	2.8040	-0.6596
96	1.2171	1.4925	0.1224	-0.0915	0.0056	5.2356	2.6920	-0.6302
97	1.2169	1.4925	0.1278	-0.0923	0.0054	4.7482	2.6460	-0.6186
98	1.2168	1.4915	0.1213	-0.0928	0.0033	5.3879	2.6340	-0.6151
99	1.2167	1.4905	0.1296	-0.0933	0.0013	4.4190	2.5710	-0.6095
100	1.2167	1.4904	0.1290	-0.0938	0.0009	4.5820	2.5650	-0.5988
101	1.2190	1.5169	0.1201	-0.0894	0.0542	5.5021	2.7050	-0.6656
102	1.2189	1.5167	0.1284	-0.0900	0.0540	4.6596	2.8360	-0.6560
103	1.2183	1.5167	0.1278	-0.0915	0.0541	4.6480	2.8930	-0.6896
104	1.2174	1.5167	0.1296	-0.0935	0.0542	4.5873	2.9910	-0.6990
105	1.2165	1.5168	0.1315	-0.0957	0.0545	4.4027	2.9060	-0.6818
106	1.2156	1.5169	0.1290	-0.0977	0.0550	4.7918	2.8871	-0.6794
107	1.2148	1.5169	0.1207	-0.0999	0.0552	5.7090	2.7230	-0.6362
108	1.2138	1.5167	0.1272	-0.1022	0.0549	4.1869	2.5240	-0.5577
109	1.2124	1.5156	0.1278	-0.1053	0.0528	4.8646	2.5000	-0.6008
110	1.2113	1.5148	0.1278	-0.1080	0.0513	4.8327	2.4370	-0.5681
111	1.2949	1.5181	0.1272	0.0598	0.0582	4.9352	2.3460	-0.5528
112	1.2947	1.5180	0.1272	0.0597	0.0582	5.2131	2.2250	-0.5183
113	1.2941	1.5167	0.1284	0.0591	0.0557	5.0429	2.0480	-0.4629
114	1.2930	1.5136	0.1321	0.0572	0.0496	4.5777	1.9390	-0.4635
115	1.2922	1.5104	0.1284	0.0560	0.0434	5.1143	1.7470	-0.3928
116	1.2916	1.5069	0.1213	0.0552	0.0364	5.9484	1.7590	-0.4204
117	1.2908	1.5028	0.1284	0.0541	0.0283	5.1254	1.7460	-0.4170
118	1.2900	1.4983	0.1218	0.0529	0.0193	6.0708	1.6330	-0.3883
119	1.2891	1.4938	0.1272	0.0515	0.0103	5.3422	1.6010	-0.3839
120	1.2883	1.4899	0.1290	0.0504	0.0023	4.4387	1.6450	-0.3892
121	1.2942	1.5024	0.1278	0.0626	0.0274	4.4383	1.4510	-0.3500
122	1.2941	1.5038	0.1290	0.0628	0.0300	5.2806	1.4740	-0.3672
123	1.2926	1.5035	0.1272	0.0602	0.0295	4.5284	1.3460	-0.3178
124	1.2894	1.5032	0.1290	0.0541	0.0289	5.4171	1.4240	-0.3414
125	1.2865	1.5049	0.1272	0.0487	0.0324	5.4296	1.2190	-0.2837
126	1.2835	1.5088	0.1296	0.0431	0.0403	5.4174	1.2650	-0.2877
127	1.2808	1.5112	0.1266	0.0379	0.0453	5.4544	1.2230	-0.2722
128	1.2798	1.5134	0.1290	0.0362	0.0497	5.5026	1.3100	-0.3396
129	1.2795	1.5145	0.1278	0.0360	0.0522	5.6164	1.5140	-0.4152
130	1.2782	1.5151	0.1302	0.0337	0.0534	5.4140	1.4780	-0.3623
131	1.2109	1.5235	0.1272	-0.1013	0.0706	5.6253	1.2090	-0.3216
132	1.2077	1.5214	0.1284	-0.1081	0.0665	5.5163	1.1900	-0.2982
133	1.2044	1.5184	0.1272	-0.1153	0.0606	5.7578	0.1530	-0.0674
134	1.2014	1.5143	0.1284	-0.1218	0.0526	5.6485	1.0270	-0.2503
135	1.1983	1.5098	0.1272	-0.1283	0.0437	5.8307	1.0020	-0.2564
136	1.1949	1.5047	0.1278	-0.1359	0.0336	5.7950	1.0630	-0.2601
137	1.1898	1.4996	0.1278	-0.1465	0.0233	5.8919	1.2560	-0.3360
138	1.1857	1.4942	0.1302	-0.1554	0.0125	5.6367	1.3050	-0.3140
139	1.1822	1.4897	0.1284	-0.1630	0.0034	5.8914	1.3370	-0.3331
140	1.1796	1.4857	0.1278	-0.1689	-0.0048	5.8118	1.3750	-0.3380
141	1.2129	1.5215	0.1290	-0.1028	0.0670	5.8229	1.3790	-0.3402
142	1.2133	1.5184	0.1284	-0.1024	0.0610	5.9253	1.4000	-0.3365
143	1.2143	1.5140	0.1284	-0.1008	0.0524	6.0825	1.3970	-0.3260
144	1.2174	1.5094	0.1278	-0.0948	0.0434	6.0704	1.3400	-0.3098
145	1.2199	1.5018	0.1278	-0.0901	0.0282	6.1670	1.2470	-0.2833
146	1.2231	1.4916	0.1290	-0.0840	0.0076	6.1792	1.1960	-0.2875
147	1.2257	1.4790	0.1272	-0.0790	-0.0178	5.3627	1.0630	-0.2686
148	1.2264	1.4701	0.1290	-0.0779	-0.0358	6.2522	0.8940	-0.2225
149	1.2302	1.4620	0.1272	-0.0705	-0.0524	5.6107	0.9200	-0.2114
150	1.2369	1.4555	0.1296	-0.0571	-0.0659	6.1231	1.0530	-0.2860
151	1.1280	1.6212	0.1290	-0.2762	0.2668	5.5169	0.8880	-0.2332
152	1.1259	1.6226	0.1278	-0.2816	0.2707	6.5963	0.8060	-0.1865
153	1.1227	1.6235	0.1284	-0.2892	0.2739	5.4287	0.7020	-0.1673
154	1.1186	1.6241	0.1296	-0.2989	0.2762	6.3282	0.7890	-0.2406
155	1.1143	1.6253	0.1290	-0.3089	0.2799	6.3168	0.6190	-0.1671
156	1.1084	1.6272	0.1284	-0.3220	0.2850	6.4853	0.5780	-0.1473
157	1.1033	1.6313	0.1290	-0.3336	0.2944	6.3892	0.6510	-0.1889
158	1.0990	1.6350	0.1278	-0.3439	0.3033	6.8745	0.6650	-0.2041
159	1.0959	1.6390	0.1290	-0.3516	0.3125	6.3420	0.4850	-0.0883
160	1.0954	1.6402	0.1415	-0.3541	0.3163	5.2305	0.5240	-0.1446
161	1.2289	1.5207	0.1272	-0.0872	0.0776	6.9713	0.4880	-0.1117
162	1.2332	1.5174	0.1302	-0.0788	0.0713	6.8262	0.5290	-0.1204
163	1.2385	1.5105	0.1189	-0.0684	0.0574	7.6747	0.7540	-0.2501
164	1.2430	1.5035	0.1290	-0.0595	0.0435	6.9220	0.5910	-0.1965
165	1.2451	1.4937	0.1189	-0.0553	0.0239	7.6869	0.5870	-0.0803
166	1.2429	1.4811	0.1290	-0.0597	-0.0015	6.9944	0.3980	-0.1086
167	1.2342	1.4637	0.1266	-0.0772	-0.0366	6.8962	0.2670	-0.0625
168	1.2203	1.4436	0.1290	-0.1054	-0.0775	6.1668	0.1540	-0.0245
169	1.2045	1.4225	0.1272	-0.1375	-0.1204	6.9564	-0.0270	-0.0393
170	1.1944	1.4108	0.1290	-0.1582	-0.1446	6.9415	-0.0150	-0.0455
171	1.2296	1.5213	0.1284	-0.0880	0.0765	7.1104	0.0320	-0.0275
172	1.2301	1.5232	0.1296	-0.0873	0.0805	5.9885	0.1120	-0.0583
173	1.2341	1.5267	0.1290	-0.0795	0.0878	6.9886	0.1610	-0.0808
174	1.2405	1.5315	0.1284	-0.0666	0.0978	6.9774	0.1500	-0.0454
175	1.2493	1.5339	0.1278	-0.0492	0.1029	7.1473	0.2810	-0.1115
176	1.2559	1.5317	0.1296	-0.0358	0.0988	6.8981	0.3020	-0.0908
177	1.2655	1.5289	0.1254	-0.0165	0.0934	7.4416	0.3250	-0.1142
178	1.2763	1.5261	0.1213	0.0053	0.0880	8.0364	0.3900	-0.0935
179	1.2839	1.5187	0.1290	0.0209	0.0736	7.3224	0.4320	-0.1691
180	1.2873	1.5123	0.1236	0.0281	0.0608	7.9924	0.3520	-0.1081
181	1.2035	1.5107	0.1284	-0.1399	0.0578	7.2036	0.4640	-0.1843
182	1.1994	1.5095	0.1278	-0.1488	0.0554	7.3121	0.5990	-0.2036
183	1.1907	1.5096	0.1266	-0.1667	0.0557	6.7816	0.4840	-0.1340
184	1.1807	1.5103	0.1272	-0.1873	0.0573	7.5177	0.6061	-0.1683
185	1.1718	1.5122	0.1266	-0.2060	0.0611	6.7383	1.2340	-0.8572
186	1.1642	1.5154	0.1278	-0.2221	0.0678	7.6394	0.5730	-0.1498
187	1.1542	1.5149	0.1195	-0.2430	0.0668	7.7224	0.4810	-0.1404
188	1.1466	1.5170	0.1284	-0.2592	0.0713	7.8224	0.5840	-0.1794
189	1.1423	1.5193	0.1290	-0.2688	0.0761	7.5421	0.6820	-0.1905
190	1.1427	1.5223	0.1308	-0.2692	0.0822	7.4721	0.7290	-0.2098
191	1.2274	1.5366	0.1266	-0.1000	0.1113	7.0056	0.8830	-0.2317
192	1.2292	1.5369	0.1284	-0.0966	0.1121	7.7156	0.8620	-0.2399
193	1.2288	1.5346	0.1254	-0.0975	0.1079	7.2810	0.9670	-0.2486
194	1.2263	1.5318	0.1290	-0.1028	0.1026	7.7763	0.8200	-0.1860
195	1.2210	1.5291	0.1284	-0.1137	0.0975	7.8849	0.7280	-0.1802
196	1.2112	1.5279	0.1284	-0.1337	0.0953	7.8005	0.7680	-0.2043
197	1.1980	1.5291	0.1284	-0.1605	0.0982	7.8978	0.9460	-0.3098
198	1.1832	1.5357	0.1290	-0.1909	0.1116	7.9211	0.8850	-0.2303
199	1.1661	1.5391	0.1296	-0.2259	0.1188	7.8232	0.7030	-0.1284
200	1.1489	1.5399	0.1296	-0.2614	0.1208	7.0193	0.7880	-0.2577
201	1.1963	1.5611	0.1284	-0.1671	0.1639	8.0267	0.7770	-0.2036
202	1.1983	1.5625	0.1284	-0.1637	0.1673	8.3052	0.8710	-0.2018
203	1.2004	1.5631	0.1195	-0.1600	0.1691	9.1079	1.0000	-0.2412
204	1.2021	1.5578	0.1278	-0.1569	0.1591	8.2674	1.0650	-0.2940
205	1.2008	1.5459	0.1201	-0.1601	0.1358	9.1110	1.0310	-0.2575
206	1.1978	1.5309	0.1278	-0.1667	0.1060	8.4012	1.1940	-0.3040
207	1.1911	1.5122	0.1284	-0.1806	0.0687	8.2442	1.3040	-0.3787
208	1.1833	1.4947	0.1308	-0.1968	0.0336	8.3528	1.3050	-0.3002
209	1.1761	1.4784	0.1272	-0.2120	0.0010	8.3400	1.3240	-0.2880
210	1.1725	1.4676	0.1296	-0.2200	-0.0209	8.3125	1.3360	-0.3463
211	1.2309	1.5609	0.1272	-0.1033	0.1661	8.2776	1.4230	-0.3585
212	1.2353	1.5649	0.1278	-0.0947	0.1748	7.9437	1.4460	-0.3236
213	1.2421	1.5702	0.1260	-0.0812	0.1862	8.6750	1.6280	-0.4250
214	1.2494	1.5749	0.1278	-0.0666	0.1964	7.6644	1.7160	-0.4344
215	1.2546	1.5767	0.1266	-0.0562	0.2007	8.4361	1.8400	-0.4353
216	1.2559	1.5777	0.1284	-0.0534	0.2034	8.6164	1.8700	-0.4549
217	1.2606	1.5785	0.1272	-0.0440	0.2057	8.4957	1.7380	-0.4629
218	1.2676	1.5799	0.1296	-0.0297	0.2094	8.6639	1.5060	-0.3316
219	1.2753	1.5815	0.1278	-0.0142	0.2134	8.7960	1618.0000	-30.0000
220	1.2790	1.5865	0.1315	-0.0064	0.2242	8.2650	0.5910	-0.1649
221	1.2198	1.5169	0.1278	-0.1251	0.0854	8.9138	1.7023	-0.4065
222	1.2200	1.5177	0.1207	-0.1250	0.0871	9.6858	1.9220	-0.4949
223	1.2216	1.5152	0.1278	-0.1222	0.0821	8.6842	1.8490	-0.4577
224	1.2230	1.5136	0.1201	-0.1195	0.0792	9.8289	1.8340	-0.4112
225	1.2213	1.5122	0.1266	-0.1234	0.0764	9.0222	1.8790	-0.4591
226	1.2192	1.5103	0.1207	-0.1278	0.0728	9.8928	1.7310	-0.4115
227	1.2153	1.5081	0.1272	-0.1360	0.0685	8.1864	1.5500	-0.3645
228	1.2137	1.5023	0.1296	-0.1396	0.0568	8.9436	1.1000	-0.1055
229	1.2100	1.4988	0.1272	-0.1472	0.0498	8.2584	1.1440	-0.2764
230	1.2063	1.4918	0.1296	-0.1551	0.0357	9.1918	1.2770	-0.3500
231	1.1915	1.5294	0.1272	-0.1853	0.1114	9.0262	1.3820	-0.3632
232	1.1973	1.5329	0.1272	-0.1742	0.1186	9.0624	1.4630	-0.3554
233	1.2101	1.5370	0.1260	-0.1490	0.1271	8.5337	1.4830	-0.3598
234	1.2169	1.5503	0.1266	-0.1358	0.1544	9.2082	1.2780	-0.2924
235	1.2250	1.5696	0.1278	-0.1198	0.1935	9.2815	1.3770	-0.3621
236	1.2292	1.5839	0.1284	-0.1116	0.2231	9.2440	1.4770	-0.3652
237	1.2338	1.5954	0.1284	-0.1027	0.2470	8.3905	1.5450	-0.4070
238	1.2404	1.6082	0.1296	-0.0896	0.2735	9.4144	1.5963	30.0000
239	1.2484	1.6176	0.1296	-0.0735	0.2936	8.2584	1.0000	-0.2559
240	1.2556	1.6221	0.1290	-0.0590	0.3038	9.3628	1.8720	0.5261
241	1.2242	1.5345	0.1218	-0.1221	0.1290	10.0719	1.8890	-0.4537
242	1.2199	1.5404	0.1302	-0.1310	0.1413	9.2210	1.8760	-0.4749
243	1.2157	1.5495	0.1272	-0.1398	0.1599	9.3809	1.7710	-0.4137
244	1.2150	1.5590	0.1302	-0.1414	0.1796	9.4756	1.6440	-0.3636
245	1.2149	1.5653	0.1284	-0.1420	0.1928	9.6697	1.5200	-0.3738
246	1.2114	1.5751	0.1296	-0.1495	0.2130	9.6819	1.3720	-0.3218
247	1.2065	1.5804	0.1308	-0.1597	0.2244	9.1474	1.2570	-0.2726
248	1.1950	1.5861	0.1290	-0.1832	0.2366	9.7663	1.3160	-0.3618
249	1.1841	1.5900	0.1278	-0.2057	0.2454	9.5843	1.2310	-0.3015
250	1.1722	1.5920	0.1308	-0.2303	0.2503	8.5968	1.2340	-0.3836
251	1.2276	1.5376	0.1183	-0.1197	0.1419	10.7212	1.2210	-0.3055
252	1.2238	1.5380	0.1284	-0.1275	0.1431	9.8495	0.9830	-0.2294
253	1.2239	1.5364	0.1213	-0.1277	0.1403	10.5641	1.3310	-0.3425
254	1.2203	1.5328	0.1284	-0.1350	0.1334	9.9225	1.4580	-0.3930
255	1.2175	1.5303	0.1207	-0.1411	0.1286	10.7074	1.2100	-0.2808
256	1.2150	1.5264	0.1272	-0.1465	0.1211	10.0799	1.1680	-0.2906
257	1.2113	1.5213	0.1207	-0.1543	0.1112	10.7805	1.1820	-0.3374
258	1.2074	1.5166	0.1266	-0.1624	0.1020	10.3464	0.8600	-0.1932
259	1.2080	1.5163	0.1183	-0.1615	0.1016	11.1336	0.6390	-0.1898
260	1.2075	1.5153	0.1272	-0.1630	0.0996	10.2792	0.6390	-0.1591
261	1.2224	1.5194	0.1189	-0.1335	0.1081	10.9495	0.5940	-0.1843
262	1.2304	1.5129	0.1278	-0.1177	0.0953	10.3408	0.6300	-0.1255
263	1.2452	1.5010	0.1183	-0.0882	0.0715	11.2727	0.8300	-0.2234
264	1.2612	1.4889	0.1284	-0.0561	0.0471	10.3415	0.9000	-0.2612
265	1.2702	1.4812	0.1207	-0.0379	0.0315	10.9454	0.8010	-0.2214
266	1.2780	1.4772	0.1278	-0.0219	0.0232	10.5481	0.7330	-0.2027
267	1.2819	1.4755	0.1278	-0.0138	0.0196	10.4558	0.7460	-0.2016
268	1.2831	1.4723	0.1284	-0.0111	0.0129	9.6432	0.7060	-0.1366
269	1.2839	1.4663	0.1272	-0.0092	0.0007	10.3593	0.6080	-0.1464
270	1.2846	1.4628	0.1213	-0.0074	-0.0067	11.4045	0.5430	-0.1507
271	1.3012	1.5250	0.1272	0.0263	0.1179	10.5380	0.4090	-0.1053
272	1.2968	1.5267	0.1290	0.0179	0.1215	10.6607	0.4940	-0.1273
273	1.2889	1.5232	0.1284	0.0024	0.1148	10.5872	0.4830	-0.1564
274	1.2832	1.5139	0.1296	-0.0085	0.0964	9.5845	0.4200	-0.1504
275	1.2781	1.5074	0.1296	-0.0184	0.0834	10.4532	0.3530	-0.1102
276	1.2759	1.5024	0.1290	-0.0226	0.0735	9.7295	0.2940	-0.1402
277	1.2781	1.4945	0.1278	-0.0179	0.0576	10.7436	0.3520	-0.0819
278	1.2799	1.4878	0.1284	-0.0139	0.0440	9.8161	0.5620	-0.1972
279	1.2813	1.4790	0.1272	-0.0108	0.0263	10.8281	0.4030	-0.1217
280	1.2817	1.4726	0.1302	-0.0098	0.0132	10.5529	0.5000	-0.1495
281	1.2141	1.5142	0.1272	-0.1454	0.0965	10.8257	0.3780	-0.1024
282	1.2119	1.5154	0.1278	-0.1501	0.0991	10.1369	0.5050	-0.1471
283	1.2131	1.5185	0.1278	-0.1480	0.1054	10.8869	0.6850	-0.2094
284	1.2131	1.5280	0.1302	-0.1484	0.1248	10.8734	0.6860	-0.2243
285	1.2105	1.5392	0.1272	-0.1540	0.1476	10.9705	0.5270	-0.1293
286	1.2072	1.5503	0.1308	-0.1611	0.1703	10.6896	0.1290	-0.0118
287	1.2010	1.5594	0.1266	-0.1740	0.1890	11.0542	0.1850	-0.1017
288	1.1937	1.5645	0.1296	-0.1892	0.1999	10.9086	0.3200	-0.1122
289	1.1877	1.5654	0.1254	-0.2019	0.2022	11.3309	0.3380	-0.0783
290	1.1809	1.5648	0.1302	-0.2160	0.2017	10.9012	0.2790	-0.0955
291	1.1671	1.3778	0.1266	-0.2444	-0.1735	11.4277	0.2250	-0.1093
292	1.1604	1.3732	0.1308	-0.2588	-0.1838	10.8934	0.0000	0.0067
293	1.1482	1.3752	0.1278	-0.2841	-0.1812	11.2939	-0.3000	0.0558
294	1.1345	1.3814	0.1213	-0.3127	-0.1700	12.1773	0.7930	-0.2097
295	1.1217	1.3883	0.1272	-0.3396	-0.1574	11.4991	-0.5370	0.0883
296	1.1065	1.3992	0.1296	-0.3715	-0.1365	11.2443	-0.5470	0.1199
297	1.0935	1.4137	0.1260	-0.3991	-0.1084	11.6547	-0.4250	0.0673
298	1.0825	1.4295	0.1278	-0.4227	-0.0774	11.3554	-0.6750	0.1896
299	1.0743	1.4440	0.1278	-0.4409	-0.0489	10.6799	-0.6750	0.1230
300	1.0727	1.4523	0.1296	-0.4458	-0.0330	11.2556	-0.5880	0.0786
301	1.2244	1.5465	0.1272	-0.1427	0.1561	11.4549	-0.6120	0.0945
302	1.2260	1.5520	0.1296	-0.1397	0.1675	11.3203	-0.6720	0.1065
303	1.2210	1.5634	0.1278	-0.1500	0.1910	11.5754	-0.9830	0.2068
304	1.2160	1.5788	0.1278	-0.1603	0.2226	11.7321	-0.9710	0.2147
305	1.2068	1.5973	0.1278	-0.1792	0.2604	11.5878	-0.9090	0.2345
306	1.1957	1.6180	0.1290	-0.2020	0.3031	11.4182	-1.1090	0.2721
307	1.1809	1.6444	0.1278	-0.2322	0.3573	11.7213	-1.2760	0.2887
308	1.1698	1.6685	0.1308	-0.2552	0.4071	11.6346	-1.6220	0.4341
309	1.1630	1.6920	0.1278	-0.2696	0.4562	11.6132	-1.5410	0.3634
310	1.1575	1.7105	0.1296	-0.2817	0.4952	11.7248	-1.5040	0.2864
311	1.3100	1.5401	0.1272	0.0240	0.1549	11.8640	-1.5700	0.3941
312	1.3032	1.5465	0.1284	0.0109	0.1682	9.5721	-1.7610	0.4241
313	1.2972	1.5564	0.1272	-0.0006	0.1885	11.9385	-1.6700	0.3506
314	1.2944	1.5696	0.1284	-0.0058	0.2155	11.0603	-1.4110	0.2981
315	1.2886	1.5823	0.1284	-0.0171	0.2419	11.9273	-1.4380	0.3560
316	1.2840	1.5939	0.1302	-0.0258	0.2659	10.8563	-1.3870	0.3643
317	1.2791	1.6098	0.1278	-0.0353	0.2987	12.0730	-1.3310	0.2971
318	1.2697	1.6287	0.1284	-0.0539	0.3378	12.0368	-1.4380	0.3289
319	1.2627	1.6494	0.1278	-0.0679	0.3807	12.1458	-1.5510	0.4391
320	1.2557	1.6687	0.1284	-0.0818	0.4210	12.1629	-1.5270	0.3585
321	1.2186	1.5298	0.1272	-0.1563	0.1436	12.4578	-1.5010	0.3674
322	1.2177	1.5318	0.1284	-0.1583	0.1479	12.2280	-1.5570	0.3945
323	1.2197	1.5366	0.1278	-0.1548	0.1579	12.0959	-1.5730	0.4075
324	1.2184	1.5450	0.1296	-0.1576	0.1751	12.2146	-1.4020	0.2969
325	1.2135	1.5530	0.1260	-0.1677	0.1916	12.3249	-1.4980	0.3374
326	1.2064	1.5655	0.1278	-0.1825	0.2173	12.4449	-1.6480	0.4197
327	1.1932	1.5824	0.1266	-0.2095	0.2520	12.6255	-1.7550	0.4675
328	1.1783	1.5981	0.1290	-0.2399	0.2844	12.3720	-2.0630	0.4813
329	1.1644	1.6127	0.1302	-0.2685	0.3145	12.0807	-2.0720	0.4878
330	1.1575	1.6225	0.1284	-0.2832	0.3355	12.5021	-1.9910	0.4613
331	1.2857	1.5147	0.1266	-0.0265	0.1201	12.6886	-2.0660	0.4638
332	1.2889	1.5104	0.1296	-0.0198	0.1116	12.3616	-2.0460	0.4842
333	1.2917	1.5050	0.1248	-0.0137	0.1007	12.7968	0.2040	-1.0824
334	1.2926	1.5037	0.1278	-0.0116	0.0983	12.6534	-1.9680	0.4713
335	1.2924	1.5077	0.1278	-0.0116	0.1063	12.5692	-2.2570	0.6424
336	1.2900	1.5137	0.1189	-0.0158	0.1183	13.6741	-2.0590	0.4916
337	1.2833	1.5232	0.1290	-0.0289	0.1377	12.4989	-2.1280	0.5069
338	1.2793	1.5270	0.1284	-0.0366	0.1455	12.7296	-2.0530	0.4404
339	1.2748	1.5269	0.1284	-0.0453	0.1456	12.9473	-2.0610	0.4626
340	1.2665	1.5242	0.1224	-0.0619	0.1405	13.5740	-1.9950	0.4115
341	1.2326	1.5487	0.1260	-0.1298	0.1899	13.0612	-2.1320	0.4679
342	1.2326	1.5456	0.1296	-0.1300	0.1842	11.9514	-2.2570	0.5356
343	1.2294	1.5460	0.1260	-0.1366	0.1854	13.1277	-2.3770	0.5672
344	1.2226	1.5473	0.1189	-0.1505	0.1886	13.8951	-2.6260	0.6209
345	1.2104	1.5503	0.1260	-0.1753	0.1950	13.2017	-2.5880	0.6084
346	1.1919	1.5535	0.1183	-0.2128	0.2018	14.0386	-2.7820	0.6057
347	1.1695	1.5573	0.1272	-0.2585	0.2101	13.1915	-2.8680	0.6596
348	1.1468	1.5610	0.1315	-0.3050	0.2182	12.8373	-3.2730	0.8049
349	1.1269	1.5615	0.1272	-0.3460	0.2198	13.2631	-3.4080	0.7686
350	1.1132	1.5639	0.1272	-0.3747	0.2251	13.4744	-3.4770	0.7831
351	1.1726	1.5560	0.1278	-0.2567	0.2099	13.2498	-3.4410	0.7150
352	1.1695	1.5634	0.1290	-0.2636	0.2253	13.0809	-3.4120	0.8051
353	1.1677	1.5715	0.1254	-0.2681	0.2424	13.6722	-3.3320	0.7575
354	1.1668	1.5857	0.1296	-0.2708	0.2716	13.0811	-3.3900	0.7682
355	1.1698	1.5961	0.1278	-0.2655	0.2934	13.4491	-3.5290	0.8685
356	1.1796	1.6110	0.1302	-0.2467	0.3242	13.3146	-3.4060	0.7806
357	1.1914	1.6262	0.1266	-0.2237	0.3559	13.4856	-3.6370	0.8307
358	1.1995	1.6407	0.1302	-0.2079	0.3863	13.3872	-3.8430	0.9931
359	1.2113	1.6540	0.1272	-0.1847	0.4144	13.7270	-3.6570	0.8338
360	1.2215	1.6679	0.1290	-0.1646	0.4440	13.4784	-3.7460	0.7691
361	1.2214	1.5362	0.1284	-0.1651	0.1809	13.3394	-3.8710	0.8872
362	1.2210	1.5348	0.1290	-0.1662	0.1784	13.3033	-3.9080	0.9693
363	1.2194	1.5296	0.1296	-0.1696	0.1683	13.5081	-4.0980	1.0130
364	1.2183	1.5222	0.1284	-0.1721	0.1537	13.5691	-4.1240	0.9858
365	1.2160	1.5095	0.1284	-0.1771	0.1284	13.6655	-3.9970	0.8783
366	1.2108	1.4972	0.1284	-0.1879	0.1038	13.8829	-3.8510	0.9219
367	1.2085	1.4861	0.1278	-0.1929	0.0814	13.8710	-4.0800	1.0116
368	1.2010	1.4731	0.1302	-0.2084	0.0552	13.4941	-4.5200	1.1069
369	1.1908	1.4592	0.1278	-0.2295	0.0270	13.8829	-4.6930	1.1209
370	1.1844	1.4484	0.1290	-0.2428	0.0048	13.7660	-5.0590	1.2455
371	1.2070	1.5392	0.1272	-0.1981	0.1868	13.8925	-4.9300	1.0948
372	1.2066	1.5451	0.1260	-0.1993	0.1991	14.3146	-5.1850	1.1636
373	1.2026	1.5522	0.1266	-0.2078	0.2139	13.9191	-5.3750	1.2468
374	1.2002	1.5637	0.1284	-0.2130	0.2374	13.9182	-5.5680	1.2818
375	1.2014	1.5803	0.1254	-0.2112	0.2715	14.0183	-5.3180	1.1754
376	1.1976	1.5878	0.1284	-0.2193	0.2872	14.1132	-5.6900	1.3467
377	1.1925	1.5906	0.1266	-0.2301	0.2938	14.0074	-5.7300	1.3508
378	1.1927	1.5988	0.1278	-0.2304	0.3113	14.1989	-5.8570	1.3554
379	1.1970	1.6075	0.1260	-0.2222	0.3297	14.3325	-5.8300	1.2782
380	1.2029	1.6178	0.1296	-0.2108	0.3515	14.3502	-6.1440	1.4571
381	1.2112	1.5349	0.1260	-0.1947	0.1861	14.5107	-6.6710	1.5900
382	1.2148	1.5447	0.1284	-0.1878	0.2061	14.3183	-6.7990	1.5633
383	1.2164	1.5552	0.1248	-0.1850	0.2277	14.7284	-6.9120	1.6383
384	1.2167	1.5622	0.1296	-0.1847	0.2422	14.0066	-6.9530	1.5455
385	1.2197	1.5663	0.1284	-0.1790	0.2511	14.3689	778.0000	-30.0000
386	1.2235	1.5692	0.1195	-0.1717	0.2576	15.3551	-6.7650	1.4811
387	1.2324	1.5716	0.1290	-0.1540	0.2631	14.4308	6.8390	-1.5421
388	1.2465	1.5754	0.1172	-0.1258	0.2715	15.5887	-6.8840	1.5346
389	1.2663	1.5833	0.1254	-0.0860	0.2880	14.6989	-7.1990	1.6285
390	1.2825	1.5914	0.1266	-0.0534	0.3052	14.6464	-7.1070	1.5984
391	1.2002	1.5339	0.1224	-0.2185	0.1906	14.9979	-7.2470	1.6309
392	1.2022	1.5390	0.1224	-0.2150	0.2012	14.7984	-7.4530	1.8192
393	1.2076	1.5429	0.1236	-0.2046	0.2094	14.8731	-7.6650	1.7199
394	1.2135	1.5476	0.1254	-0.1932	0.2194	14.5783	-7.8150	1.8161
395	1.2159	1.5507	0.1242	-0.1888	0.2261	14.9982	-8.1010	1.8632
396	1.2183	1.5548	0.1266	-0.1842	0.2348	14.9288	-7.8440	1.7268
397	1.2203	1.5583	0.1230	-0.1805	0.2422	15.0967	-7.8820	1.8323
398	1.2265	1.5614	0.1284	-0.1683	0.2492	14.6069	-7.8200	1.7193
399	1.2323	1.5666	0.1230	-0.1569	0.2601	15.1723	-8.1390	1.8864
400	1.2345	1.5694	0.1278	-0.1526	0.2665	14.8074	-8.5780	2.0054
401	1.2112	1.5374	0.1260	-0.1997	0.2029	15.0541	-8.8570	2.0137
402	1.2092	1.5322	0.1290	-0.2040	0.1928	14.5506	-8.8520	1.9191
403	1.2058	1.5266	0.1224	-0.2113	0.1818	15.3194	-9.0230	2.1258
404	1.2005	1.5198	0.1302	-0.2224	0.1684	14.8394	-8.8720	1.9333
405	1.1932	1.5158	0.1260	-0.2375	0.1606	15.5046	-8.7440	2.0170
406	1.1824	1.5164	0.1272	-0.2599	0.1619	15.0960	-8.4950	1.8735
407	1.1695	1.5178	0.1272	-0.2864	0.1649	15.1924	-8.8990	2.1147
408	1.1538	1.5131	0.1302	-0.3188	0.1556	15.1067	-8.9110	2.0154
409	1.1358	1.5073	0.1254	-0.3559	0.1441	15.6622	-9.3200	2.1470
410	1.1204	1.5051	0.1278	-0.3880	0.1399	15.2826	-9.3840	2.1937
411	1.2272	1.4868	0.1236	-0.1747	0.1031	15.3411	-9.5310	2.2651
412	1.2282	1.4864	0.1254	-0.1728	0.1021	14.7549	-9.5800	2.1674
413	1.2300	1.4871	0.1248	-0.1694	0.1034	15.4522	-9.9930	2.2571
414	1.2289	1.4846	0.1242	-0.1720	0.0983	15.6220	-9.9940	2.1679
415	1.2210	1.4773	0.1242	-0.1881	0.0834	15.6002	-10.4730	2.4837
416	1.2092	1.4721	0.1254	-0.2121	0.0727	14.6773	-10.6100	2.3263
417	1.1965	1.4719	0.1248	-0.2380	0.0721	15.6651	-11.0010	2.5798
418	1.1806	1.4756	0.1260	-0.2704	0.0793	14.5108	-11.0450	2.4231
419	1.1631	1.4806	0.1254	-0.3062	0.0890	15.6110	-10.8660	2.4349
420	1.1474	1.4833	0.1290	-0.3387	0.0942	15.3258	-10.5570	2.3800
421	1.2160	1.5173	0.1236	-0.2019	0.1625	16.1242	-10.3320	-30.0000
422	1.2220	1.5226	0.1224	-0.1901	0.1733	15.4198	-10.1420	2.4354
423	1.2331	1.5237	0.1248	-0.1682	0.1757	15.6997	-10.3190	2.4432
424	1.2495	1.5230	0.1236	-0.1354	0.1746	15.3540	-10.4550	2.3056
425	1.2648	1.5260	0.1260	-0.1046	0.1807	15.7514	-10.4930	2.3012
426	1.2828	1.5332	0.1242	-0.0683	0.1956	15.2430	-10.0740	2.2355
427	1.3027	1.5428	0.1230	-0.0279	0.2152	16.0657	-9.9960	2.1674
428	1.3183	1.5472	0.1260	0.0039	0.2244	15.1617	-9.7080	2.0953
429	1.3294	1.5504	0.1236	0.0270	0.2313	16.3083	-9.5740	2.1265
430	1.3380	1.5526	0.1248	0.0451	0.2363	16.1958	-9.1280	1.9543
431	1.2736	1.5486	0.1254	-0.0835	0.2287	15.9833	-9.2530	2.1605
432	1.2687	1.5446	0.1236	-0.0931	0.2212	16.4145	-9.1090	1.9790
433	1.2659	1.5442	0.1236	-0.0987	0.2208	16.2732	-9.1620	2.1145
434	1.2621	1.5434	0.1242	-0.1060	0.2196	16.4781	-9.4220	2.1728
435	1.2590	1.5398	0.1248	-0.1121	0.2128	16.3248	-10.0350	2.3853
436	1.2564	1.5366	0.1242	-0.1172	0.2068	16.7938	-9.6850	2.1659
437	1.2510	1.5386	0.1230	-0.1280	0.2112	16.6138	-9.4410	2.1058
438	1.2476	1.5370	0.1172	-0.1348	0.2084	17.4131	-10.0350	2.2665
439	1.2518	1.5291	0.1242	-0.1264	0.1929	16.5472	-10.4340	2.4830
440	1.2542	1.5215	0.1242	-0.1216	0.1780	15.8729	-10.5180	2.3570
441	1.2056	1.5160	0.1230	-0.2193	0.1670	16.7509	-10.8570	2.4948
442	1.2137	1.5060	0.1242	-0.2034	0.1471	15.9421	-10.9550	2.5629
443	1.2234	1.4940	0.1242	-0.1842	0.1230	16.6848	-10.8380	2.4598
444	1.2365	1.4832	0.1260	-0.1582	0.1013	15.6871	-10.9980	2.5484
445	1.2516	1.4774	0.1242	-0.1281	0.0895	16.8213	-11.0640	2.5983
446	1.2663	1.4694	0.1260	-0.0986	0.0730	16.4055	-10.2850	2.1699
447	1.2781	1.4659	0.1236	-0.0745	0.0659	16.9091	-10.1360	2.1274
448	1.2872	1.4613	0.1248	-0.0560	0.0563	16.9231	-10.0370	2.1507
449	1.3015	1.4571	0.1236	-0.0269	0.0475	16.8073	-10.1670	2.3795
450	1.3135	1.4575	0.1248	-0.0022	0.0477	16.9921	-10.4480	2.4118
451	1.1560	1.5282	0.1242	-0.3182	0.1895	16.9740	-110.1900	24.5539
452	1.1468	1.5206	0.1254	-0.3377	0.1744	16.8084	-9.8140	2.0548
453	1.1404	1.5077	0.1224	-0.3515	0.1487	17.0264	-9.4490	2.0034
454	1.1320	1.4936	0.1254	-0.3695	0.1205	17.0043	-8.7560	1.8888
455	1.1232	1.4791	0.1254	-0.3884	0.0913	17.2227	-8.5710	1.9273
456	1.1101	1.4659	0.1254	-0.4159	0.0645	17.1400	-8.1130	1.8423
457	1.0948	1.4546	0.1166	-0.4482	0.0415	17.9372	-8.2790	1.8499
458	1.0798	1.4417	0.1254	-0.4798	0.0150	17.1563	-8.1360	1.7971
459	1.0676	1.4220	0.1254	-0.5060	-0.0252	17.3743	-8.1480	1.8465
460	1.0582	1.4075	0.1272	-0.5267	-0.0551	16.9482	-8.4360	1.7989
461	1.1594	1.5284	0.1248	-0.3253	0.1870	17.2656	-8.2260	1.8862
462	1.1582	1.5288	0.1260	-0.3286	0.1881	17.1594	-8.1390	1.8445
463	1.1566	1.5304	0.1195	-0.3327	0.1917	18.2177	-7.8660	1.6948
464	1.1546	1.5327	0.1272	-0.3377	0.1965	17.2715	-7.5260	1.7553
465	1.1530	1.5377	0.1266	-0.3419	0.2069	17.3218	-7.8130	1.7720
466	1.1430	1.5455	0.1266	-0.3629	0.2230	17.5995	-7.4180	1.7188
467	1.1335	1.5529	0.1160	-0.3830	0.2383	18.4288	-7.2300	1.5920
468	1.1227	1.5631	0.1236	-0.4060	0.2594	17.6742	-7.5670	1.7275
469	1.1130	1.5737	0.1166	-0.4267	0.2813	18.3777	-7.5370	1.6830
470	1.1077	1.5825	0.1266	-0.4388	0.2997	17.6247	-7.2130	1.6616
471	1.1360	1.5040	0.1266	-0.3833	0.1428	17.4742	-6.9070	1.5085
472	1.1348	1.5060	0.1266	-0.3869	0.1468	17.9325	-6.2590	1.2936
473	1.1348	1.5052	0.1183	-0.3880	0.1453	18.4807	-4.9870	1.0265
474	1.1376	1.5041	0.1272	-0.3835	0.1431	17.8736	-5.2010	1.2375
475	1.1432	1.5047	0.1149	-0.3734	0.1444	18.6740	-4.7680	1.0650
476	1.1492	1.4962	0.1254	-0.3624	0.1273	18.0440	-4.2990	0.9518
477	1.1605	1.4808	0.1143	-0.3407	0.0964	18.8775	-3.7870	0.8432
478	1.1731	1.4587	0.1248	-0.3163	0.0517	18.0718	-4.2730	1.0733
479	1.1880	1.4375	0.1230	-0.2871	0.0086	18.1365	-5.2970	1.2993
480	1.2150	1.4093	0.1272	-0.2334	-0.0486	17.8513	-5.8880	1.3677
481	1.1376	1.5008	0.1242	-0.3894	0.1344	17.8246	-6.8030	1.7431
482	1.1352	1.5016	0.1260	-0.3953	0.1360	18.1163	-7.8050	1.7640
483	1.1308	1.5108	0.1178	-0.4053	0.1545	18.7852	-8.7570	1.9215
484	1.1252	1.5156	0.1254	-0.4178	0.1643	18.2042	-9.0370	2.1289
485	1.1217	1.5152	0.1154	-0.4260	0.1636	19.4371	-8.1990	1.1988
486	1.1250	1.5096	0.1236	-0.4207	0.1525	18.6150	-7.1970	0.9179
487	1.1259	1.5108	0.1172	-0.4201	0.1550	19.1858	-10.0760	2.3072
488	1.1269	1.5100	0.1284	-0.4194	0.1536	18.1159	-9.7130	2.1801
489	1.1259	1.5060	0.1201	-0.4227	0.1457	19.0923	-9.1780	1.9587
490	1.1243	1.4988	0.1284	-0.4272	0.1313	17.8832	-8.9200	2.0183
491	1.1560	1.5186	0.1272	-0.3646	0.1710	17.8287	-9.4790	2.1619
492	1.1609	1.5213	0.1260	-0.3557	0.1766	18.3063	-9.9400	2.2133
493	1.1614	1.5301	0.1242	-0.3555	0.1944	18.4407	-10.2370	2.3114
494	1.1546	1.5400	0.1154	-0.3701	0.2148	19.9421	-10.4950	2.3688
495	1.1452	1.5591	0.1230	-0.3901	0.2535	18.7133	-9.3290	2.0025
496	1.1409	1.5818	0.1236	-0.3997	0.2996	18.3842	-9.2520	2.1496
497	1.1354	1.6029	0.1260	-0.4119	0.3428	18.4919	-10.1760	2.4189
498	1.1239	1.6326	0.1242	-0.4361	0.4036	18.8042	-11.2520	2.5849
499	1.1144	1.6667	0.1236	-0.4564	0.4735	18.6160	-11.6430	2.6149
500	1.1140	1.6889	0.1248	-0.4586	0.5197	17.9771	-11.4640	2.5671
501	1.1478	1.4946	0.1154	-0.3920	0.1311	19.8360	-8.5510	5.7419
502	1.1529	1.4887	0.1242	-0.3829	0.1193	18.8229	-10.2670	2.3030
503	1.1663	1.4825	0.1230	-0.3568	0.1066	19.0027	-9.7640	2.1919
504	1.1809	1.4798	0.1278	-0.3282	0.1011	18.5261	-9.7680	2.1768
505	1.2032	1.4776	0.1236	-0.2842	0.0963	18.7112	-9.3650	2.1174
506	1.2210	1.4725	0.1254	-0.2488	0.0859	18.7721	-9.8870	2.2727
507	1.2361	1.4598	0.1236	-0.2189	0.0602	19.2035	-9.5820	2.1332
508	1.2467	1.4468	0.1254	-0.1976	0.0336	18.8481	-9.2120	2.0366
509	1.2546	1.4326	0.1272	-0.1819	0.0045	18.7887	-8.6090	1.9580
510	1.2611	1.4172	0.1254	-0.1686	-0.0270	18.8563	-7.9720	1.8274
511	1.1086	1.4854	0.1154	-0.4751	0.1092	19.9637	-7.5460	1.6044
512	1.1186	1.4866	0.1230	-0.4564	0.1114	19.2712	-7.0470	1.3808
513	1.1377	1.4810	0.1272	-0.4194	0.1000	18.9275	-6.6070	1.5232
514	1.1625	1.4774	0.1248	-0.3707	0.0926	19.1934	-5.9470	1.3568
515	1.1944	1.4654	0.1248	-0.3073	0.0683	19.0540	-6.2180	1.4077
516	1.2272	1.4470	0.1248	-0.2419	0.0310	19.3890	-6.5090	0.6945
517	1.2517	1.4362	0.1166	-0.1931	0.0086	20.2931	-7.3520	1.6694
518	1.2738	1.4341	0.1254	-0.1486	0.0039	19.2744	-7.5710	1.7182
519	1.2899	1.4310	0.1260	-0.1160	-0.0031	19.2338	-8.1880	1.7820
520	1.3116	1.4301	0.1315	-0.0720	-0.0056	18.9753	-7.6030	1.7250
521	1.1068	1.4902	0.1189	-0.4830	0.1146	20.7527	-8.7520	2.0134
522	1.1079	1.4927	0.1345	-0.4822	0.1195	19.2805	-8.6370	2.1539
523	1.1102	1.4922	0.1383	-0.4790	0.1184	18.0685	-8.7620	1.9832
524	1.1113	1.4909	0.1460	-0.4782	0.1157	19.0476	-9.2740	2.1060
525	1.1048	1.4924	0.1512	-0.4927	0.1187	17.8022	-9.5110	2.2300
526	1.0883	1.5015	0.1559	-0.5273	0.1368	18.2304	-10.1680	2.5355
527	1.0738	1.5181	0.1539	-0.5581	0.1703	18.4314	-9.9240	2.0709
528	1.0613	1.5280	0.1587	-0.5850	0.1903	18.6156	-9.5830	2.1788
529	1.0428	1.5389	0.1573	-0.6241	0.2125	17.7441	-9.7270	2.1632
530	1.0221	1.5548	0.1519	-0.6677	0.2448	19.4680	-10.1550	2.3920
531	1.1746	1.4604	0.1493	-0.3634	0.0557	18.2410	-10.3020	2.2524
532	1.1730	1.4620	0.1440	-0.3673	0.0585	19.5375	-10.5540	2.3699
533	1.1663	1.4712	0.1377	-0.3817	0.0766	19.3126	-11.0080	2.5110
534	1.1663	1.4752	0.1358	-0.3824	0.0843	19.7584	-10.4120	2.2297
535	1.1667	1.4692	0.1358	-0.3824	0.0720	19.4169	-10.1610	2.2998
536	1.1668	1.4558	0.1364	-0.3831	0.0447	19.5612	-10.9830	2.6074
537	1.1704	1.4404	0.1421	-0.3766	0.0134	19.4123	-12.0730	2.9483
538	1.1716	1.4291	0.1499	-0.3751	-0.0098	19.4714	-12.1290	2.6270
539	1.1714	1.4123	0.1587	-0.3764	-0.0444	18.9802	-13.1310	2.9421
540	1.1684	1.4042	0.1720	-0.3830	-0.0615	18.4283	-13.7520	3.3362
count	posx	posy	posz	xout	yout	zout	heading	hd_out
1	0.0000	0.0000	0.0000	0.0000	0.0000	0.0000	0.0000	0.0000
2	0.0001	0.0000	0.1272	0.0001	0.0000	0.0000	-0.2870	0.0595
3	0.0002	0.0000	0.1166	0.0005	0.0000	0.0000	-0.2700	0.0625
4	0.0005	0.0000	0.1272	0.0011	0.0000	0.0000	-0.4500	0.3035
5	0.0010	0.0000	0.1278	0.0020	0.0000	0.0000	-0.2980	0.0515
6	0.0016	0.0000	0.1272	0.0032	0.0000	0.0000	-0.1420	0.0366
7	0.0024	0.0000	0.1266	0.0048	0.0000	0.0000	-0.1090	0.0283
8	0.0034	0.0000	0.1272	0.0068	0.0000	0.0000	0.0150	-0.0258
9	0.0044	0.0000	0.1266	0.0090	0.0000	0.0000	0.0770	-0.0224
10	0.0055	0.0000	0.1266	0.0112	0.0000	0.0000	0.1010	-0.0266
11	1.2881	1.5519	0.1260	0.0768	0.1043	1.3902	0.1170	0.0246
12	1.2884	1.5516	0.1260	0.0777	0.1041	1.5462	0.2320	-0.0524
13	1.2888	1.5510	0.1260	0.0789	0.1035	1.7029	0.2370	-0.0361
14	1.2892	1.5502	0.1266	0.0801	0.1025	1.8499	0.1780	-0.0303
15	1.2896	1.5492	0.1272	0.0813	0.1009	1.7536	0.0550	0.0181
16	1.2900	1.5479	0.1207	0.0824	0.0988	2.4543	0.1150	-0.0387
17	1.2903	1.5464	0.1278	0.0836	0.0964	1.7544	0.1780	-0.0402
18	1.2908	1.5447	0.1195	0.0849	0.0933	2.9092	0.1600	-0.0359
19	1.2913	1.5427	0.1272	0.0863	0.0898	1.7198	0.1270	-0.0241
20	1.2918	1.5410	0.1266	0.0877	0.0867	2.1839	0.1070	-0.0178
21	1.2940	1.5469	0.1266	0.0926	0.0990	1.8501	0.1360	-0.0255
22	1.2941	1.5464	0.1290	0.0933	0.0985	0.8287	0.1720	-0.0323
23	1.2943	1.5455	0.1254	0.0941	0.0972	2.1880	0.3080	-0.0816
24	1.2946	1.5444	0.1284	0.0951	0.0953	1.0914	0.3990	-0.0889
25	1.2948	1.5429	0.1278	0.0960	0.0927	2.0331	0.4930	-0.1144
26	1.2950	1.5410	0.1290	0.0969	0.0894	1.8632	0.2850	-0.0436
27	1.2953	1.5388	0.1284	0.0980	0.0855	1.9127	0.1570	-0.0535
28	1.2957	1.5364	0.1278	0.0992	0.0811	2.0816	0.1560	-0.0413
29	1.2961	1.5337	0.1183	0.1005	0.0759	3.1360	0.2470	-0.0592
30	1.2966	1.5313	0.1278	0.1018	0.0715	2.0884	0.2610	-0.0848
31	1.3100	1.5488	0.1248	0.1294	0.1070	2.2385	0.3960	-0.1157
32	1.3101	1.5483	0.1266	0.1302	0.1063	2.2996	0.4370	-0.1346
33	1.3102	1.5473	0.1183	0.1310	0.1048	3.2692	0.3110	-0.0819
34	1.3105	1.5458	0.1260	0.1320	0.1024	2.5062	0.1730	-0.0443
35	1.3108	1.5439	0.1189	0.1332	0.0990	3.2136	0.2030	-0.0880
36	1.3111	1.5417	0.1260	0.1345	0.0949	2.4598	0.2480	-0.0748
37	1.3115	1.5391	0.1272	0.1360	0.0902	2.2925	0.0900	-0.0157
38	1.3120	1.5362	0.1254	0.1376	0.0848	2.6052	0.0870	-0.0260
39	1.3125	1.5330	0.1278	0.1393	0.0787	2.3545	0.1930	-0.0678
40	1.3130	1.5301	0.1272	0.1409	0.0732	2.5160	0.2160	-0.0748
41	1.3021	1.5529	0.1248	0.1195	0.1193	2.6535	0.2630	-0.0673
42	1.3024	1.5524	0.1272	0.1206	0.1188	2.4620	0.2010	-0.0520
43	1.3028	1.5516	0.1266	0.1220	0.1177	1.7484	0.1370	-0.0437
44	1.3034	1.5504	0.1266	0.1237	0.1159	2.9107	0.0760	-0.0397
45	1.3040	1.5490	0.1266	0.1254	0.1136	1.8801	0.2330	-0.0801
46	1.3047	1.5472	0.1260	0.1274	0.1105	3.0574	0.3570	-0.1043
47	1.3055	1.5453	0.1254	0.1296	0.1070	2.9246	0.7650	-0.2143
48	1.3064	1.5429	0.1195	0.1319	0.1028	3.7912	0.9440	-0.2419
49	1.3074	1.5401	0.1260	0.1344	0.0975	2.8671	0.9840	-0.2465
50	1.3083	1.5375	0.1278	0.1369	0.0928	2.9204	0.9380	-0.2330
51	1.3440	1.4349	0.1266	0.2093	-0.1132	2.9735	0.8620	-0.2163
52	1.3442	1.4345	0.1195	0.2106	-0.1147	3.8032	0.0000	-0.0334
53	1.3446	1.4337	0.1260	0.2122	-0.1169	3.0603	0.9260	-0.2270
54	1.3450	1.4327	0.1284	0.2141	-0.1196	2.8687	0.8140	-0.2096
55	1.3458	1.4314	0.1254	0.2165	-0.1229	3.0870	0.7970	-0.2107
56	1.3466	1.4298	0.1290	0.2192	-0.1267	2.9306	0.6490	-0.1676
57	1.3476	1.4280	0.1272	0.2221	-0.1311	3.1848	0.6290	-0.1791
58	1.3487	1.4258	0.1284	0.2254	-0.1361	2.8956	0.8070	-0.2076
59	1.3498	1.4234	0.1272	0.2286	-0.1418	3.1374	0.8510	-0.2156
60	1.3508	1.4213	0.1266	0.2316	-0.1467	3.1790	0.9660	-0.2559
61	1.2911	1.5639	0.1254	0.1125	0.1391	3.2929	1.0950	-0.3002
62	1.2914	1.5636	0.1266	0.1136	0.1392	3.2454	1.1270	-0.2886
63	1.2919	1.5631	0.1260	0.1150	0.1387	3.4148	1.1930	-0.3006
64	1.2925	1.5623	0.1272	0.1167	0.1378	3.3669	1.1050	-0.2748
65	1.2933	1.5614	0.1278	0.1187	0.1366	3.3309	1.0260	-0.2559
66	1.2943	1.5605	0.1272	0.1210	0.1353	3.5003	0.7440	-0.1838
67	1.2953	1.5594	0.1272	0.1236	0.1337	3.4177	0.6730	-0.1671
68	1.2966	1.5582	0.1266	0.1266	0.1319	3.7673	0.6760	-0.1798
69	1.2980	1.5568	0.1272	0.1300	0.1297	3.3714	0.5650	-0.1475
70	1.2993	1.5556	0.1266	0.1330	0.1278	3.8339	0.4950	-0.1355
71	1.2931	1.5649	0.1296	0.1211	0.1471	3.1987	0.4000	-0.1211
72	1.2934	1.5647	0.1284	0.1221	0.1473	3.5627	0.4830	-0.1573
73	1.2937	1.5645	0.1290	0.1230	0.1477	3.3910	0.5850	-0.1698
74	1.2941	1.5642	0.1290	0.1243	0.1477	3.4869	0.5870	-0.1484
75	1.2944	1.5634	0.1278	0.1253	0.1466	3.4892	3.2740	-1.9761
76	1.2947	1.5624	0.1266	0.1264	0.1454	3.9715	0.6140	-0.1624
77	1.2951	1.5614	0.1272	0.1277	0.1440	3.5760	0.6160	-0.1593
78	1.2957	1.5604	0.1284	0.1293	0.1424	3.7671	0.4560	-0.1050
79	1.2965	1.5592	0.1254	0.1313	0.1407	3.8055	0.2410	-0.0750
80	1.2971	1.5582	0.1272	0.1331	0.1394	3.7978	0.0050	-0.0203
81	1.2840	1.5410	0.1260	0.1072	0.1052	4.0326	-0.0700	-0.0123
82	1.2840	1.5407	0.1272	0.1076	0.1052	3.9846	0.0370	-0.0331
83	1.2843	1.5403	0.1272	0.1084	0.1047	4.0212	0.0180	-0.0503
84	1.2846	1.5399	0.1272	0.1095	0.1044	3.1717	-0.1080	0.0078
85	1.2852	1.5394	0.1266	0.1109	0.1037	4.0473	-0.0230	-0.0504
86	1.2859	1.5386	0.1254	0.1127	0.1025	4.2880	0.0520	-0.0569
87	1.2867	1.5376	0.1254	0.1147	0.1009	4.2053	0.1190	-0.0486
88	1.2876	1.5365	0.1254	0.1169	0.0990	4.4221	0.2270	-0.0892
89	1.2887	1.5354	0.1183	0.1194	0.0971	5.2487	0.2120	-0.0868
90	1.2893	1.5342	0.1272	0.1210	0.0950	4.5153	0.1790	-0.0274
91	1.2832	1.5709	0.1272	0.1093	0.1692	4.1821	0.0870	-0.0461
92	1.2837	1.5707	0.1266	0.1105	0.1696	4.5923	-0.0850	-0.0359
93	1.2844	1.5705	0.1272	0.1123	0.1698	4.1360	-0.0620	-0.0208
94	1.2852	1.5700	0.1284	0.1143	0.1696	4.4481	-0.0540	-0.0285
95	1.2863	1.5695	0.1254	0.1167	0.1692	3.5488	-0.2590	0.0236
96	1.2878	1.5692	0.1272	0.1201	0.1693	4.4870	-0.1620	0.0027
97	1.2894	1.5687	0.1248	0.1238	0.1690	4.6915	-0.0750	-0.0252
98	1.2910	1.5680	0.1278	0.1274	0.1682	4.5489	0.1010	-0.0787
99	1.2921	1.5668	0.1260	0.1300	0.1667	4.6816	0.2500	-0.1137
100	1.2929	1.5657	0.1201	0.1320	0.1650	5.6025	0.2330	-0.0799
101	1.2991	1.5679	0.1272	0.1449	0.1700	3.8866	0.5770	-0.1600
102	1.2992	1.5674	0.1272	0.1456	0.1699	4.6933	0.0000	-0.0334
103	1.2992	1.5668	0.1248	0.1462	0.1692	5.0786	0.5660	-0.1629
104	1.2996	1.5656	0.1272	0.1473	0.1676	4.7068	0.6190	-0.1711
105	1.3002	1.5643	0.1266	0.1491	0.1656	4.6367	0.6990	-0.1226
106	1.2995	1.5632	0.1284	0.1482	0.1640	4.6969	0.8960	-0.2510
107	1.2982	1.5616	0.1248	0.1462	0.1614	5.2267	0.9430	-0.2090
108	1.2971	1.5597	0.1284	0.1444	0.1582	4.6508	0.9890	-0.2548
109	1.2963	1.5568	0.1260	0.1432	0.1530	5.2175	1.0620	-0.2844
110	1.2958	1.5543	0.1254	0.1426	0.1486	5.1977	1.1690	-0.3060
111	1.2745	1.6080	0.1260	0.1003	0.2570	5.0351	1.1760	-0.2884
112	1.2753	1.6076	0.1266	0.1021	0.2573	4.9998	1.1110	-0.2788
113	1.2763	1.6069	0.1260	0.1045	0.2569	5.1687	1.0710	-0.2664
114	1.2777	1.6057	0.1266	0.1075	0.2557	5.3147	1.0180	-0.2635
115	1.2786	1.6036	0.1260	0.1096	0.2525	5.2429	0.9190	-0.2121
116	1.2770	1.5993	0.1266	0.1067	0.2449	5.2680	0.7650	-0.1965
117	1.2747	1.5950	0.1266	0.1024	0.2372	5.2449	0.5460	-0.1015
118	1.2734	1.5893	0.1321	0.1000	0.2267	5.1090	0.5000	-0.1571
119	1.2729	1.5842	0.1272	0.0992	0.2172	4.3602	0.4600	-0.1308
120	1.2731	1.5800	0.1284	0.0998	0.2097	4.6542	0.4330	-0.1377
121	1.2987	1.5627	0.1290	0.1515	0.1758	5.2069	0.4780	-0.1486
122	1.2983	1.5618	0.1207	0.1512	0.1745	6.2459	0.5430	-0.1742
123	1.2983	1.5606	0.1248	0.1516	0.1728	5.6056	0.5120	-0.1211
124	1.2991	1.5592	0.1290	0.1537	0.1705	5.3172	0.2340	-0.0436
125	1.3028	1.5556	0.1254	0.1617	0.1640	5.8487	0.0600	-0.0280
126	1.3056	1.5498	0.1290	0.1677	0.1528	5.2713	0.0530	-0.0536
127	1.3091	1.5429	0.1278	0.1753	0.1395	5.4530	0.0420	-0.0534
128	1.3121	1.5366	0.1278	0.1821	0.1272	4.7220	-0.0110	-0.0491
129	1.3150	1.5304	0.1272	0.1885	0.1152	5.6596	-0.0050	-0.0406
130	1.3170	1.5252	0.1272	0.1931	0.1050	5.6885	-0.0040	-0.0177
131	1.2939	1.5637	0.1272	0.1475	0.1826	5.5985	-0.0370	-0.0148
132	1.2960	1.5613	0.1266	0.1520	0.1784	5.9481	-0.1320	0.0014
133	1.2998	1.5586	0.1242	0.1602	0.1736	6.0912	-0.2500	0.0340
134	1.3034	1.5562	0.1254	0.1680	0.1694	5.9850	-0.3760	0.0681
135	1.3065	1.5537	0.1178	0.1746	0.1648	6.8210	-0.5470	0.0998
136	1.3094	1.5515	0.1254	0.1811	0.1610	6.0001	-0.7010	0.1469
137	1.3120	1.5492	0.1302	0.1869	0.1570	5.6373	-0.6710	0.1073
138	1.3133	1.5457	0.1260	0.1902	0.1503	6.3028	-0.6340	0.1190
139	1.3131	1.5383	0.1278	0.1903	0.1359	5.8821	-0.5700	0.1214
140	1.3131	1.5323	0.1284	0.1909	0.1242	6.0191	-0.4600	0.0871
141	1.3079	1.5382	0.1272	0.1811	0.1365	6.1323	-0.7000	0.2380
142	1.3092	1.5359	0.1254	0.1844	0.1321	6.4460	-0.5100	0.0942
143	1.3084	1.5318	0.1260	0.1833	0.1243	6.1106	-0.4440	0.0753
144	1.3065	1.5261	0.1278	0.1801	0.1132	6.2319	-0.4870	0.1002
145	1.3057	1.5209	0.1284	0.1790	0.1031	5.8359	-0.5400	0.1107
146	1.3042	1.5148	0.1296	0.1765	0.0909	5.9659	-0.6070	0.1285
147	1.3016	1.5089	0.1260	0.1719	0.0793	6.3784	-0.6910	0.1529
148	1.2987	1.5041	0.1302	0.1666	0.0697	6.0869	-0.6750	0.1352
149	1.2970	1.5004	0.1260	0.1636	0.0623	6.3906	-0.7380	0.1756
150	1.2930	1.4966	0.1290	0.1561	0.0547	6.2992	-0.7990	0.1709
151	1.2889	1.5554	0.1260	0.1483	0.1728	6.5697	-0.7280	0.1748
152	1.2893	1.5547	0.1278	0.1494	0.1719	6.3904	-0.7280	0.1785
153	1.2871	1.5516	0.1254	0.1455	0.1662	6.4771	-0.8220	0.1821
154	1.2862	1.5509	0.1272	0.1439	0.1653	6.5976	-0.6500	0.1780
155	1.2845	1.5508	0.1166	0.1409	0.1656	7.6683	-0.5820	0.1445
156	1.2863	1.5513	0.1315	0.1449	0.1672	6.4652	-0.5780	0.1620
157	1.2836	1.5543	0.1254	0.1398	0.1738	6.9848	-0.5580	0.1576
158	1.2811	1.5599	0.1284	0.1352	0.1855	5.7121	-0.6780	0.2003
159	1.2785	1.5655	0.1272	0.1302	0.1974	6.7224	-0.6110	0.1818
160	1.2773	1.5706	0.1278	0.1282	0.2082	6.7998	-0.4510	0.0728
161	1.3044	1.5523	0.1260	0.1828	0.1722	6.6856	-0.2880	0.0828
162	1.3063	1.5536	0.1260	0.1873	0.1754	6.7818	-0.2400	0.0708
163	1.3096	1.5542	0.1254	0.1945	0.1771	6.1848	-0.2530	0.1044
164	1.3101	1.5572	0.1260	0.1960	0.1837	7.1569	-0.4100	0.1513
165	1.3133	1.5605	0.1266	0.2030	0.1909	7.1218	-0.3500	0.1073
166	1.3118	1.5618	0.1236	0.2007	0.1941	7.3354	-0.2890	0.0608
167	1.3122	1.5616	0.1266	0.2021	0.1944	7.1343	-0.1300	0.0436
168	1.3096	1.5609	0.1290	0.1974	0.1934	6.9405	-0.3080	0.1162
169	1.3096	1.5613	0.1272	0.1981	0.1948	7.1354	-0.5670	0.2508
170	1.3080	1.5618	0.1201	0.1955	0.1965	8.1342	-0.6120	0.1629
171	1.3002	1.5694	0.1278	0.1803	0.2125	7.0560	-0.4940	0.1491
172	1.2980	1.5694	0.1284	0.1765	0.2131	7.0207	-0.5010	0.1297
173	1.2946	1.5665	0.1296	0.1701	0.2081	6.9727	-0.5800	0.1607
174	1.2896	1.5631	0.1278	0.1605	0.2018	7.2272	-0.6970	0.1960
175	1.2850	1.5591	0.1260	0.1516	0.1943	7.2997	-0.6900	0.1829
176	1.2800	1.5570	0.1284	0.1419	0.1908	7.3482	-0.5870	0.1698
177	1.2755	1.5532	0.1290	0.1332	0.1836	7.1302	-0.5210	0.1524
178	1.2715	1.5499	0.1296	0.1255	0.1775	7.0941	-0.4910	0.1471
179	1.2652	1.5480	0.1308	0.1129	0.1742	7.1048	-0.5870	0.1627
180	1.2605	1.5489	0.1260	0.1037	0.1766	7.5271	-0.5750	0.1329
181	1.3485	1.4100	0.1266	0.2806	-0.1021	6.7240	-0.6960	0.1994
182	1.3494	1.4102	0.1278	0.2834	-0.1027	7.5660	-0.7270	0.2232
183	1.3516	1.4068	0.1260	0.2889	-0.1103	7.6985	-0.7300	0.2136
184	1.3566	1.4053	0.1183	0.2999	-0.1143	8.5354	-0.7560	0.1927
185	1.3619	1.4056	0.1266	0.3116	-0.1146	7.7010	-0.8370	0.2152
186	1.3670	1.4081	0.1278	0.3230	-0.1106	7.6529	-0.9830	0.2775
187	1.3685	1.4085	0.1254	0.3272	-0.1107	7.7377	-1.2790	0.3532
188	1.3726	1.4079	0.1302	0.3366	-0.1128	7.4952	-1.3200	0.3498
189	1.3757	1.4061	0.1254	0.3441	-0.1173	7.8113	0.0000	-5.0020
190	1.3772	1.4058	0.1260	0.3484	-0.1189	8.0096	-1.2830	0.3189
191	1.2855	1.5902	0.1254	0.1654	0.2508	7.8715	-1.2720	0.3218
192	1.2835	1.5900	0.1254	0.1616	0.2513	7.3766	-1.1890	0.3042
193	1.2797	1.5901	0.1260	0.1544	0.2525	7.8741	-1.1550	0.2962
194	1.2769	1.5911	0.1260	0.1491	0.2553	8.4545	-1.0600	0.2630
195	1.2735	1.5925	0.1172	0.1425	0.2590	8.9478	-0.9710	0.2370
196	1.2716	1.5929	0.1278	0.1388	0.2609	8.0689	-0.8070	0.1992
197	1.2681	1.5934	0.1183	0.1320	0.2627	8.9425	-0.9270	0.2584
198	1.2645	1.5952	0.1278	0.1250	0.2674	8.1425	-0.7970	0.2058
199	1.2624	1.5952	0.1260	0.1209	0.2682	8.3351	-0.8340	0.2497
200	1.2597	1.5966	0.1272	0.1156	0.2720	8.1599	-0.8670	0.1943
201	1.2925	1.5499	0.1260	0.1816	0.1790	8.2735	-1.2110	0.3153
202	1.2896	1.5507	0.1272	0.1763	0.1812	8.2262	-1.0930	0.2495
203	1.2912	1.5446	0.1254	0.1799	0.1694	8.6600	-1.0420	0.2604
204	1.3011	1.5339	0.1189	0.2001	0.1485	9.3555	-0.8790	0.2241
205	1.3117	1.5219	0.1266	0.2219	0.1247	7.4003	-0.8430	0.2014
206	1.3286	1.5066	0.1302	0.2566	0.0941	8.3064	-0.8960	0.2194
207	1.3516	1.4829	0.1254	0.3035	0.0464	8.7406	-0.9800	0.2710
208	1.3783	1.4505	0.1195	0.3582	-0.0187	9.3653	-1.1120	0.3058
209	1.4050	1.4225	0.1248	0.4132	-0.0756	8.7052	-1.2130	0.3425
210	1.4216	1.4040	0.1284	0.4482	-0.1136	8.4825	-1.2820	0.3498
211	1.2957	1.5658	0.1254	0.1967	0.2108	8.6333	-1.2530	0.2824
212	1.3030	1.5646	0.1272	0.2118	0.2089	7.6298	-1.4010	0.3500
213	1.3095	1.5645	0.1266	0.2255	0.2094	8.6837	-1.4550	0.3238
214	1.3164	1.5653	0.1272	0.2400	0.2116	8.8287	-1.5820	0.4063
215	1.3181	1.5676	0.1284	0.2441	0.2170	8.5397	-1.6630	0.4386
216	1.3186	1.5677	0.1278	0.2457	0.2179	8.5878	-1.6290	0.3825
217	1.3188	1.5698	0.1260	0.2468	0.2227	8.8414	-1.6640	0.3805
218	1.3153	1.5680	0.1266	0.2405	0.2198	9.1693	-1.6930	0.3856
219	1.3101	1.5645	0.1260	0.2308	0.2135	8.9751	-1.6030	0.3674
220	1.3069	1.5627	0.1278	0.2249	0.2104	8.8477	-1.6730	0.4230
221	1.2931	1.5649	0.1278	0.1977	0.2154	8.7564	-38.0000	24.6451
222	1.2982	1.5609	0.1284	0.2083	0.2081	8.7801	-1.9830	0.4911
223	1.3025	1.5577	0.1254	0.2174	0.2023	8.2343	-1.9030	0.4622
224	1.3006	1.5520	0.1272	0.2141	0.1914	9.0604	-1.8530	0.4132
225	1.2992	1.5472	0.1254	0.2118	0.1824	9.3737	-1.9530	0.4617
226	1.2984	1.5405	0.1183	0.2108	0.1693	10.1985	-2.0230	0.4836
227	1.2998	1.5333	0.1266	0.2140	0.1553	9.0038	-2.0490	0.4680
228	1.2992	1.5247	0.1284	0.2134	0.1382	9.0033	-1.9700	0.4691
229	1.2972	1.5160	0.1254	0.2098	0.1211	9.3409	-2.1600	0.5132
230	1.2964	1.5091	0.1195	0.2086	0.1074	10.1405	-2.1600	0.5385
231	1.2996	1.5398	0.1272	0.2155	0.1692	9.1243	-2.2440	0.5448
232	1.2960	1.5412	0.1278	0.2088	0.1724	9.0881	-2.4480	0.6302
233	1.2919	1.5434	0.1260	0.2010	0.1773	9.3419	-2.3670	0.5614
234	1.2888	1.5379	0.1266	0.1952	0.1666	9.5471	-2.4370	0.5414
235	1.2833	1.5369	0.1284	0.1845	0.1650	9.0063	-2.3120	0.5278
236	1.2804	1.5315	0.1278	0.1790	0.1545	9.4763	-2.2490	0.5623
237	1.2784	1.5216	0.1290	0.1754	0.1348	9.1876	-2.2310	0.5441
238	1.2768	1.5106	0.1290	0.1724	0.1130	9.3441	-2.2440	0.5176
239	1.2721	1.5070	0.1254	0.1632	0.1058	8.7523	-2.2700	0.5234
240	1.2646	1.5098	0.1266	0.1484	0.1116	9.7608	-2.2560	0.5221
241	1.3092	1.5741	0.1278	0.2382	0.2408	9.5922	-2.3100	0.5630
242	1.3173	1.5722	0.1272	0.2551	0.2377	9.5209	-2.2550	0.5343
243	1.3234	1.5756	0.1260	0.2680	0.2453	9.7621	-2.3460	0.5639
244	1.3298	1.5810	0.1272	0.2816	0.2571	9.5952	-2.2580	0.5118
245	1.3336	1.5875	0.1260	0.2900	0.2709	9.7763	-2.3630	0.5476
246	1.3385	1.5958	0.1272	0.3007	0.2884	8.9611	-2.5840	0.6783
247	1.3456	1.6046	0.1260	0.3159	0.3071	9.9109	-2.6220	0.6658
248	1.3523	1.6093	0.1195	0.3303	0.3175	10.9089	-2.6930	0.6327
249	1.3580	1.6133	0.1178	0.3427	0.3267	10.9752	-2.6800	0.5946
250	1.3643	1.6151	0.1272	0.3566	0.3314	10.1116	-2.6950	0.6456
251	1.3016	1.5492	0.1284	0.2317	0.2001	9.7544	-2.7360	0.6217
252	1.3008	1.5510	0.1254	0.2306	0.2042	10.2129	-2.7610	0.6335
253	1.3004	1.5532	0.1278	0.2303	0.2092	9.7814	-3.0150	0.7568
254	1.3029	1.5569	0.1266	0.2358	0.2172	10.4450	-3.0620	0.7050
255	1.3102	1.5527	0.1272	0.2509	0.2092	9.9275	-3.1700	0.7170
256	1.3208	1.5427	0.1260	0.2729	0.1897	10.2280	-3.2040	0.7789
257	1.3298	1.5318	0.1266	0.2917	0.1681	10.0732	-3.2790	0.7809
258	1.3472	1.5146	0.1266	0.3275	0.1340	10.7153	-3.2690	0.7817
259	1.3676	1.5012	0.1272	0.3695	0.1072	10.0747	-3.4190	0.7911
260	1.3873	1.4941	0.1284	0.4103	0.0929	10.1988	-3.8400	0.9524
261	1.1772	1.5500	0.1284	-0.0108	0.2051	10.2882	-3.7670	0.8427
262	1.1792	1.5461	0.1272	-0.0074	0.1978	10.4092	-3.7210	0.8552
263	1.1771	1.5385	0.1254	-0.0124	0.1830	10.6617	-3.6260	0.8176
264	1.1706	1.5273	0.1272	-0.0261	0.1610	9.5933	-3.8960	0.9133
265	1.1684	1.5109	0.1278	-0.0314	0.1282	10.3862	-3.9130	0.9255
266	1.1645	1.4970	0.1272	-0.0400	0.1005	10.4950	-3.8780	0.8834
267	1.1618	1.4823	0.1189	-0.0463	0.0709	11.4069	-3.9270	0.8890
268	1.1579	1.4687	0.1272	-0.0549	0.0433	10.5690	-4.0380	0.9328
269	1.1570	1.4571	0.1236	-0.0578	0.0197	10.9763	-4.1700	1.0036
270	1.1567	1.4490	0.1266	-0.0592	0.0030	10.0543	-3.9650	0.8899
271	1.3596	1.7255	0.1278	0.3476	0.5582	10.5398	-3.9830	0.8948
272	1.3611	1.7162	0.1260	0.3517	0.5417	10.9133	-3.9170	0.8952
273	1.3593	1.7052	0.1260	0.3492	0.5218	10.7101	-3.8520	0.9150
274	1.3566	1.6982	0.1254	0.3450	0.5099	11.1200	-3.6780	0.8652
275	1.3542	1.6881	0.1260	0.3412	0.4915	10.7847	-3.7130	0.8681
276	1.3538	1.6703	0.1201	0.3413	0.4575	11.7121	-3.6540	0.8572
277	1.3527	1.6538	0.1242	0.3401	0.4262	11.1350	-3.8080	0.9355
278	1.3496	1.6362	0.1278	0.3350	0.3923	10.9798	-3.8780	0.8963
279	1.3478	1.6185	0.1254	0.3323	0.3582	11.0636	-3.9500	0.9266
280	1.3468	1.6067	0.1321	0.3313	0.3356	10.7766	-3.9689	0.9023
281	1.2900	1.5501	0.1260	0.2181	0.2228	11.3515	-4.0280	0.9533
282	1.2880	1.5452	0.1284	0.2145	0.2136	11.0372	-4.0690	0.9473
283	1.2832	1.5471	0.1272	0.2052	0.2177	11.0383	-3.9870	0.9228
284	1.2779	1.5467	0.1278	0.1950	0.2175	10.9417	-4.1200	0.9257
285	1.2744	1.5432	0.1236	0.1881	0.2108	11.3038	-4.1460	0.9622
286	1.2719	1.5408	0.1272	0.1833	0.2065	11.1485	-4.1960	0.9636
287	1.2729	1.5364	0.1254	0.1857	0.1981	11.5218	-4.1950	0.9713
288	1.2744	1.5349	0.1284	0.1889	0.1954	11.1978	-4.2380	0.9876
289	1.2711	1.5352	0.1278	0.1824	0.1964	11.0665	-4.3050	0.9940
290	1.2644	1.5348	0.1278	0.1691	0.1960	11.3360	-4.3600	1.0041
291	1.2796	1.5742	0.1266	0.2000	0.2755	11.2697	-4.4450	1.0203
292	1.2727	1.5764	0.1254	0.1862	0.2806	11.3906	-4.4320	1.0161
293	1.2659	1.5761	0.1254	0.1728	0.2807	11.6075	-4.4620	1.0343
294	1.2588	1.5819	0.1178	0.1588	0.2931	12.6224	-4.4550	1.0359
295	1.2456	1.5902	0.1278	0.1323	0.3106	11.3930	-4.6680	1.1104
296	1.2350	1.6013	0.1302	0.1110	0.3339	11.0774	-4.6470	1.0657
297	1.2269	1.6121	0.1260	0.0945	0.3567	11.8026	-4.7590	1.0924
298	1.2265	1.6212	0.1302	0.0935	0.3759	11.4521	-4.9270	1.1445
299	1.2250	1.6343	0.1266	0.0903	0.4035	11.7426	-4.7600	1.0891
300	1.2227	1.6435	0.1302	0.0853	0.4234	11.4559	-4.7880	1.0632
301	1.2913	1.5336	0.1248	0.2230	0.2039	12.0155	-4.8300	1.1523
302	1.2958	1.5346	0.1278	0.2324	0.2064	11.9336	-4.9200	1.1020
303	1.3061	1.5350	0.1207	0.2536	0.2075	12.5254	-4.8450	1.1115
304	1.3209	1.5297	0.1284	0.2840	0.1971	11.8139	-4.9600	1.2457
305	1.3304	1.5219	0.1284	0.3037	0.1817	11.7906	-4.7920	5.4006
306	1.3342	1.5175	0.1284	0.3121	0.1731	11.8870	-4.8940	1.1224
307	1.3331	1.5210	0.1266	0.3109	0.1803	11.2518	-5.1670	1.2281
308	1.3332	1.5265	0.1284	0.3118	0.1916	12.0235	-5.1410	1.2046
309	1.3354	1.5356	0.1284	0.3170	0.2102	11.8785	-5.1590	1.1734
310	1.3400	1.5377	0.1278	0.3272	0.2148	11.0869	-5.2430	1.2255
311	1.2790	1.5696	0.1254	0.2055	0.2792	12.0527	-5.0920	1.1776
312	1.2805	1.5594	0.1183	0.2088	0.2595	13.1182	-5.1730	1.1609
313	1.2882	1.5421	0.1248	0.2246	0.2252	12.3796	-5.2250	1.1440
314	1.3023	1.5168	0.1278	0.2534	0.1749	11.9965	-5.3230	1.1934
315	1.3241	1.4828	0.1278	0.2977	0.1067	11.9735	-5.4550	1.2580
316	1.3518	1.4452	0.1254	0.3542	0.0309	11.5357	-5.5380	1.2782
317	1.3735	1.4054	0.1260	0.3987	-0.0496	12.3255	-5.7250	1.2882
318	1.3956	1.3689	0.1254	0.4443	-0.1240	12.6144	-5.8170	1.3163
319	1.4106	1.3374	0.1178	0.4760	-0.1887	13.3894	-5.9830	1.3305
320	1.4198	1.3177	0.1254	0.4961	-0.2298	12.6207	-5.9820	1.3516
321	1.2940	1.5268	0.1248	0.2449	0.1887	12.7219	-6.0730	1.4035
322	1.3010	1.5221	0.1278	0.2595	0.1795	12.2781	-6.1120	1.4193
323	1.3045	1.5200	0.1266	0.2669	0.1755	12.3406	-6.1860	1.3783
324	1.3063	1.5247	0.1248	0.2710	0.1851	12.9531	-6.1850	1.4048
325	1.3140	1.5312	0.1266	0.2872	0.1984	12.5346	-6.1560	1.4099
326	1.3231	1.5362	0.1260	0.3060	0.2087	12.8839	-5.8960	1.3574
327	1.3408	1.5360	0.1195	0.3423	0.2087	13.5809	-5.7400	1.3107
328	1.3657	1.5334	0.1218	0.3934	0.2040	13.3971	-5.7110	1.3093
329	1.3891	1.5278	0.1260	0.4415	0.1930	12.7544	-5.4571	1.1946
330	1.4031	1.5230	0.1272	0.4711	0.1836	12.8196	-5.3980	1.2581
331	1.2904	1.5560	0.1260	0.2461	0.2502	12.9340	-4.9410	1.0552
332	1.2888	1.5532	0.1260	0.2432	0.2451	11.9691	-4.7350	1.0658
333	1.2888	1.5476	0.1266	0.2437	0.2344	12.8765	-4.6880	1.0698
334	1.2925	1.5456	0.1266	0.2515	0.2308	12.7935	-4.5580	1.0370
335	1.2974	1.5470	0.1218	0.2617	0.2341	13.4545	-4.4320	1.0588
336	1.2992	1.5479	0.1266	0.2658	0.2364	12.9805	-4.1180	1.0130
337	1.2998	1.5460	0.1160	0.2675	0.2331	13.9896	-3.8940	0.9155
338	1.2976	1.5446	0.1266	0.2636	0.2306	13.0562	-3.5860	0.7842
339	1.2975	1.5403	0.1230	0.2639	0.2225	13.3438	-3.6500	0.8425
340	1.2977	1.5361	0.1260	0.2648	0.2144	13.1358	-3.4150	0.7800
341	1.2750	1.5560	0.1242	0.2196	0.2548	13.3213	-3.2480	0.7415
342	1.2690	1.5574	0.1278	0.2078	0.2582	12.9263	-2.7340	0.6280
343	1.2597	1.5583	0.1266	0.1892	0.2605	13.3482	-2.4250	0.5672
344	1.2445	1.5628	0.1183	0.1588	0.2701	14.3778	-2.2870	0.5209
345	1.2301	1.5677	0.1272	0.1299	0.2806	13.3503	-2.5140	0.6066
346	1.2168	1.5759	0.1290	0.1029	0.2979	13.2893	-2.5370	0.5512
347	1.2047	1.5851	0.1266	0.0783	0.3170	13.3144	-2.3140	0.4615
348	1.2002	1.5918	0.1290	0.0688	0.3315	13.1814	-2.6020	0.6071
349	1.1977	1.5982	0.1242	0.0633	0.3452	13.6159	-2.5310	0.5534
350	1.2002	1.5979	0.1278	0.0677	0.3456	13.3933	-2.5050	0.5784
351	1.2860	1.5422	0.1266	0.2397	0.2346	13.7484	-2.5050	0.6091
352	1.2960	1.5362	0.1272	0.2602	0.2229	13.4711	-2.5580	0.6284
353	1.3008	1.5354	0.1242	0.2703	0.2217	13.6286	-2.3880	0.4985
354	1.3044	1.5302	0.1272	0.2780	0.2116	13.8478	-2.4370	0.5392
355	1.3070	1.5302	0.1254	0.2837	0.2119	13.7985	-2.5270	0.5957
356	1.3152	1.5354	0.1284	0.3008	0.2227	13.4738	-2.7760	0.6511
357	1.3318	1.5322	0.1278	0.3349	0.2166	12.6413	-3.0000	0.7900
358	1.3516	1.5246	0.1266	0.3756	0.2016	13.7660	-6.0000	2.7393
359	1.3755	1.5134	0.1242	0.4246	0.1794	14.2103	-0.0310	-1.2844
360	1.3944	1.5062	0.1207	0.4638	0.1650	14.4259	-3.0750	0.6718
361	1.2724	1.5322	0.1254	0.2200	0.2173	14.0149	-3.0670	0.6318
362	1.2796	1.5250	0.1266	0.2347	0.2032	14.0290	-3.2580	0.8229
363	1.2816	1.5230	0.1260	0.2390	0.1994	13.8383	-3.2560	0.8318
364	1.2808	1.5302	0.1278	0.2377	0.2141	13.8977	-3.3290	0.8454
365	1.2748	1.5380	0.1248	0.2260	0.2302	14.1152	-3.2370	0.8236
366	1.2716	1.5414	0.1224	0.2198	0.2373	14.5568	-3.0750	0.7177
367	1.2735	1.5472	0.1242	0.2237	0.2493	14.0833	-2.7980	0.6560
368	1.2752	1.5532	0.1278	0.2275	0.2618	14.0999	-2.7830	0.6527
369	1.2766	1.5626	0.1266	0.2306	0.2814	14.0418	-2.8230	0.6500
370	1.2814	1.5676	0.1278	0.2405	0.2921	14.4086	-3.1850	0.8752
371	1.2706	1.5194	0.1254	0.2191	0.1958	12.7395	-3.4000	0.8256
372	1.2703	1.5206	0.1207	0.2187	0.1984	15.0914	-3.1860	0.7085
373	1.2740	1.5222	0.1254	0.2263	0.2018	13.4415	-3.8980	0.9578
374	1.2765	1.5219	0.1272	0.2315	0.2015	14.3824	-4.5750	1.1253
375	1.2778	1.5189	0.1230	0.2345	0.1956	13.6299	-4.4140	1.0196
376	1.2839	1.5194	0.1160	0.2469	0.1969	15.8013	-4.6680	1.1304
377	1.2945	1.5196	0.1236	0.2686	0.1974	14.4502	-5.0500	1.1741
378	1.3104	1.5151	0.1242	0.3010	0.1885	14.6546	-5.3100	1.2306
379	1.3243	1.5119	0.1254	0.3297	0.1824	14.2531	-5.2420	1.2284
380	1.3346	1.5097	0.1242	0.3509	0.1781	13.9594	-5.2480	1.2319
381	1.3259	1.4074	0.1248	0.3343	-0.0275	14.6236	-5.1550	1.1538
382	1.3355	1.4055	0.1242	0.3544	-0.0323	13.9131	-5.3990	1.2344
383	1.3472	1.4084	0.1248	0.3787	-0.0274	14.8792	-5.4490	1.2295
384	1.3576	1.4119	0.1272	0.4007	-0.0212	14.8088	-5.4190	1.1787
385	1.3637	1.4138	0.1284	0.4139	-0.0183	14.5192	-5.4490	1.2459
386	1.3749	1.4192	0.1266	0.4377	-0.0082	14.7727	-5.3740	1.2862
387	1.3834	1.4267	0.1278	0.4559	0.0059	14.6048	-4.3900	0.7408
388	1.3913	1.4319	0.1266	0.4733	0.0156	14.8459	0.0000	-0.9475
389	1.3997	1.4354	0.1278	0.4915	0.0221	13.7395	-4.4860	0.9471
390	1.4056	1.4378	0.1272	0.5050	0.0262	14.9011	-4.5490	1.1053
391	1.2854	1.5156	0.1266	0.2648	0.1819	14.7706	-4.5240	1.0797
392	1.2911	1.5100	0.1284	0.2767	0.1708	14.9507	-4.8590	1.1213
393	1.2979	1.4975	0.1236	0.2906	0.1459	15.2025	-5.0640	1.1545
394	1.3044	1.4831	0.1278	0.3042	0.1169	15.0964	-5.2500	1.2433
395	1.3076	1.4670	0.1224	0.3112	0.0842	15.4778	0.0000	0.0334
396	1.3144	1.4519	0.1254	0.3254	0.0537	13.2108	-5.6160	1.2629
397	1.3232	1.4405	0.1236	0.3437	0.0302	15.1754	-5.6260	3.7892
398	1.3334	1.4302	0.1266	0.3650	0.0090	14.3286	-5.6460	1.2898
399	1.3451	1.4252	0.1224	0.3894	-0.0018	15.5720	-6.4700	1.8857
400	1.3547	1.4189	0.1266	0.4096	-0.0151	15.3408	-5.2490	1.1422
401	1.2778	1.5046	0.1266	0.2561	0.1562	15.4906	-6.4780	1.9881
402	1.2779	1.5007	0.1278	0.2566	0.1485	15.3824	-5.0330	1.1351
403	1.2787	1.4956	0.1189	0.2585	0.1382	16.1263	-4.6840	0.9867
404	1.2871	1.4912	0.1296	0.2757	0.1292	15.4211	-4.6870	1.0630
405	1.2970	1.4894	0.1272	0.2959	0.1255	15.5659	-4.4460	1.0290
406	1.3070	1.4895	0.1266	0.3165	0.1258	15.4339	-4.2590	0.9304
407	1.3150	1.4912	0.1266	0.3331	0.1290	14.4743	-4.2770	1.0296
408	1.3274	1.4917	0.1260	0.3587	0.1299	15.5209	-4.2060	0.9168
409	1.3386	1.4901	0.1260	0.3820	0.1266	15.8587	-4.3920	1.0806
410	1.3467	1.4905	0.1266	0.3993	0.1274	15.6348	-4.6480	1.0054
411	1.2862	1.5118	0.1266	0.2785	0.1701	15.9054	-4.8190	1.1057
412	1.2802	1.5138	0.1278	0.2668	0.1742	15.1984	-5.3830	1.2197
413	1.2682	1.5181	0.1236	0.2430	0.1830	15.8581	-5.1000	1.0833
414	1.2507	1.5289	0.1236	0.2080	0.2050	16.0757	-5.5230	1.3861
415	1.2313	1.5389	0.1224	0.1690	0.2253	16.0180	-6.0000	1.3020
416	1.2125	1.5501	0.1278	0.1311	0.2482	14.7093	-6.5750	1.4965
417	1.1958	1.5531	0.1254	0.0971	0.2547	16.0954	-7.1810	1.6728
418	1.1770	1.5548	0.1242	0.0588	0.2586	15.3317	-8.2160	7.4331
419	1.1555	1.5529	0.1272	0.0147	0.2553	15.7748	-7.7490	1.7578
420	1.1408	1.5502	0.1278	-0.0157	0.2505	16.0319	7.4910	-8.3701
421	1.3096	1.4310	0.1201	0.3225	0.0114	16.7480	-7.4310	1.6768
422	1.3092	1.4310	0.1278	0.3223	0.0106	16.0993	-7.3140	1.7299
423	1.3097	1.4337	0.1254	0.3240	0.0154	16.0060	-7.3800	1.6939
424	1.3128	1.4313	0.1266	0.3308	0.0099	16.1979	-7.4500	1.7602
425	1.3171	1.4295	0.1254	0.3400	0.0057	15.6086	-7.3320	1.6387
426	1.3193	1.4257	0.1248	0.3452	-0.0028	16.3090	-7.3180	1.6000
427	1.3196	1.4278	0.1248	0.3465	0.0008	16.2276	-7.3890	1.7328
428	1.3179	1.4382	0.1178	0.3437	0.0210	17.3511	-6.8960	1.4549
429	1.3198	1.4551	0.1236	0.3481	0.0543	16.5663	-6.7640	1.4945
430	1.3259	1.4697	0.1296	0.3611	0.0833	15.8747	-6.7880	1.5306
431	1.2516	1.5326	0.1248	0.2126	0.2093	16.7230	-6.8690	1.5811
432	1.2488	1.5300	0.1248	0.2070	0.2045	16.3420	-6.7480	1.5061
433	1.2440	1.5231	0.1260	0.1973	0.1909	16.2364	-7.0700	1.7393
434	1.2372	1.5168	0.1230	0.1836	0.1785	16.4549	-6.8160	1.4625
435	1.2245	1.5105	0.1236	0.1578	0.1660	16.5400	-6.8710	1.6260
436	1.2091	1.5058	0.1230	0.1267	0.1566	16.8274	-7.3080	1.6374
437	1.1878	1.5015	0.1160	0.0836	0.1480	17.5281	-7.5260	1.8190
438	1.1676	1.4984	0.1230	0.0423	0.1418	17.0836	-7.6010	1.7248
439	1.1432	1.4927	0.1284	-0.0076	0.1304	16.4147	-7.5630	1.8285
440	1.1217	1.4879	0.1248	-0.0518	0.1206	16.7574	-7.3140	1.7015
441	1.2232	1.5610	0.1266	0.1508	0.2674	16.6314	-7.2240	1.6084
442	1.2300	1.5646	0.1224	0.1642	0.2752	17.1694	-6.8440	1.5274
443	1.2372	1.5753	0.1230	0.1785	0.2973	16.8401	-6.7410	1.0782
444	1.2449	1.5863	0.1178	0.1938	0.3203	17.8685	-6.5260	1.4598
445	1.2508	1.5938	0.1236	0.2056	0.3362	16.8469	-6.6820	1.5506
446	1.2575	1.6033	0.1266	0.2191	0.3562	16.7040	-6.6760	1.5154
447	1.2631	1.6127	0.1218	0.2306	0.3762	17.2553	-6.9300	1.6187
448	1.2668	1.6234	0.1266	0.2380	0.3989	16.7809	-7.1970	1.6501
449	1.2716	1.6345	0.1236	0.2480	0.4224	17.1176	-6.6170	1.3430
450	1.2742	1.6393	0.1266	0.2533	0.4333	17.0810	-6.2150	1.3318
451	1.2282	1.5446	0.1242	0.1611	0.2444	17.2785	5.7390	-6.0270
452	1.2238	1.5474	0.1254	0.1520	0.2504	16.2357	-5.8500	1.1950
453	1.2179	1.5499	0.1201	0.1399	0.2559	17.4958	-6.1960	1.3761
454	1.2108	1.5515	0.1213	0.1252	0.2597	17.2774	-5.9320	1.2479
455	1.2024	1.5522	0.1137	0.1081	0.2617	18.2196	-6.2700	1.5123
456	1.1913	1.5551	0.1183	0.0853	0.2680	17.5330	-6.0640	1.4567
457	1.1779	1.5615	0.1154	0.0577	0.2814	18.0947	-6.3790	1.4809
458	1.1630	1.5688	0.1195	0.0270	0.2967	17.2441	-6.6990	1.6087
459	1.1471	1.5718	0.1183	-0.0058	0.3034	17.4825	-6.5370	1.4689
460	1.1353	1.5751	0.1224	-0.0305	0.3107	17.4893	-6.4720	1.2947
461	1.2622	1.4708	0.1236	0.2234	0.1018	17.4373	-6.7900	1.6124
462	1.2646	1.4696	0.1178	0.2283	0.0991	17.9455	-6.9430	1.6647
463	1.2683	1.4656	0.1218	0.2359	0.0908	17.9071	-6.6130	1.5815
464	1.2764	1.4644	0.1160	0.2524	0.0880	18.4664	-6.3690	1.3581
465	1.2867	1.4612	0.1242	0.2734	0.0812	16.7028	-6.4000	1.5675
466	1.3012	1.4636	0.1178	0.3030	0.0857	18.5664	-6.7270	1.5170
467	1.3154	1.4680	0.1248	0.3319	0.0941	17.7580	-6.3520	1.4002
468	1.3299	1.4752	0.1248	0.3618	0.1083	17.7954	-5.8320	1.2368
469	1.3449	1.4796	0.1242	0.3926	0.1169	17.8454	-5.6370	1.3933
470	1.3603	1.4844	0.1266	0.4247	0.1263	17.8265	-5.6460	1.2720
471	1.2442	1.5072	0.1254	0.1923	0.1720	17.7026	-5.1500	1.1647
472	1.2447	1.5044	0.1284	0.1933	0.1665	17.4988	-5.5460	1.2617
473	1.2470	1.5004	0.1248	0.1978	0.1585	17.9704	-5.7050	1.4213
474	1.2461	1.5056	0.1290	0.1960	0.1689	17.6217	-5.8610	1.2117
475	1.2382	1.5104	0.1154	0.1800	0.1786	18.9315	-5.8720	1.3285
476	1.2306	1.5119	0.1260	0.1647	0.1818	18.2404	-6.1520	1.4829
477	1.2144	1.5134	0.1248	0.1319	0.1849	18.1214	-6.5820	1.4918
478	1.1937	1.5141	0.1248	0.0900	0.1865	18.2792	-5.3350	1.1115
479	1.1775	1.5105	0.1266	0.0568	0.1792	17.8042	-6.2720	1.4838
480	1.1693	1.5128	0.1272	0.0396	0.1840	18.3004	-5.9510	1.3599
481	1.2488	1.5120	0.1254	0.1986	0.1826	18.0670	-5.8730	1.3581
482	1.2572	1.5056	0.1260	0.2155	0.1698	18.2120	-5.9910	1.2869
483	1.2660	1.4983	0.1254	0.2333	0.1552	18.1430	-5.6410	1.2695
484	1.2736	1.4922	0.1149	0.2487	0.1429	19.3861	-5.8810	1.3861
485	1.2800	1.4865	0.1236	0.2618	0.1313	18.4944	-5.7740	1.4162
486	1.2796	1.4755	0.1248	0.2613	0.1092	18.5681	-5.9100	1.3160
487	1.2777	1.4546	0.1236	0.2577	0.0669	18.5114	-6.3100	1.4353
488	1.2768	1.4285	0.1224	0.2563	0.0140	18.6915	-7.0430	1.6919
489	1.2786	1.4028	0.1248	0.2601	-0.0384	18.3267	-6.4980	1.4073
490	1.2871	1.3797	0.1248	0.2775	-0.0859	18.9542	-7.0470	1.5633
491	1.1800	1.5416	0.1218	0.0626	0.2384	19.0400	-6.3360	1.3463
492	1.1708	1.5417	0.1248	0.0434	0.2391	19.2047	-6.7190	1.5121
493	1.1555	1.5430	0.1242	0.0119	0.2421	18.0666	-6.0000	3.8778
494	1.1435	1.5431	0.1254	-0.0132	0.2428	18.6655	-6.1770	1.4097
495	1.1381	1.5468	0.1132	-0.0251	0.2506	19.8769	1.0000	-1.2615
496	1.1364	1.5493	0.1242	-0.0298	0.2562	18.9457	-5.3310	1.2161
497	1.1429	1.5475	0.1272	-0.0178	0.2528	18.2684	-5.2010	1.1462
498	1.1540	1.5500	0.1254	0.0035	0.2583	18.8777	-6.2800	1.5555
499	1.1607	1.5593	0.1236	0.0161	0.2776	18.1940	-7.2190	1.5392
500	1.1683	1.5672	0.1260	0.0304	0.2942	18.6896	-7.2930	1.6229
501	1.1872	1.5432	0.1224	0.0676	0.2465	19.1490	-7.2910	1.6683
502	1.1892	1.5444	0.1236	0.0710	0.2494	19.1047	-8.0730	1.9064
503	1.1964	1.5380	0.1218	0.0848	0.2370	19.5349	-7.6300	1.6196
504	1.2008	1.5296	0.1160	0.0931	0.2204	20.0934	-7.6320	1.6694
505	1.1976	1.5296	0.1236	0.0862	0.2207	19.2800	-8.4190	1.9166
506	1.1974	1.5373	0.1201	0.0852	0.2364	19.9823	-8.6270	1.9082
507	1.2063	1.5501	0.1321	0.1027	0.2627	18.8210	-8.3050	1.7435
508	1.2218	1.5626	0.1364	0.1333	0.2883	18.8248	-8.1540	1.8314
509	1.2443	1.5715	0.1370	0.1783	0.3068	18.7827	-8.2110	1.9291
510	1.2612	1.5852	0.1389	0.2122	0.3350	18.8312	-8.9740	2.1269
511	1.1574	1.5312	0.1358	0.0037	0.2273	19.2348	-8.8540	1.9427
512	1.1479	1.5309	0.1389	-0.0163	0.2270	18.2696	-7.3920	1.5457
513	1.1297	1.5268	0.1364	-0.0539	0.2191	19.2229	-7.0010	1.6371
514	1.1096	1.5248	0.1370	-0.0956	0.2153	18.9289	-7.5240	1.7339
515	1.0986	1.5242	0.1302	-0.1190	0.2144	19.5337	-6.9640	1.5684
516	1.0977	1.5141	0.1266	-0.1224	0.1944	19.3383	-5.8650	1.1872
517	1.1011	1.4973	0.1248	-0.1171	0.1606	19.8305	-5.4060	1.1251
518	1.1065	1.4720	0.1236	-0.1076	0.1098	19.7116	-4.7570	1.0920
519	1.1052	1.4485	0.1260	-0.1118	0.0622	19.1687	-5.2000	30.0000
520	1.0988	1.4313	0.1302	-0.1260	0.0273	19.3464	-0.3260	0.0468
521	1.1904	1.4664	0.1248	0.0565	0.0971	20.3920	-5.6490	1.3057
522	1.1940	1.4564	0.1415	0.0632	0.0767	19.2990	-6.9870	1.7544
523	1.2044	1.4412	0.1402	0.0835	0.0457	19.3546	-7.0000	1.3508
524	1.2120	1.4217	0.1479	0.0984	0.0058	18.8365	-7.5890	13.5355
525	1.2176	1.4004	0.1473	0.1092	-0.0376	18.7496	-3.3440	-1.4736
526	1.2160	1.3847	0.1607	0.1057	-0.0702	18.6048	-8.5260	1.9307
527	1.2076	1.3790	0.1642	0.0885	-0.0828	19.1033	-10.2740	2.4576
528	1.1924	1.3737	0.1735	0.0575	-0.0947	17.1094	-9.8980	2.2249
529	1.1753	1.3640	0.1735	0.0226	-0.1154	19.0241	-9.1360	1.9997
530	1.1610	1.3595	0.1779	-0.0069	-0.1259	18.5794	-9.7420	2.2823
531	1.2040	1.4822	0.1794	0.0786	0.1193	18.4841	-9.4000	2.1581
532	1.2004	1.4858	0.1757	0.0709	0.1264	18.7931	-8.6770	1.7600
533	1.1965	1.4842	0.1706	0.0626	0.1230	18.8394	-8.1810	1.8713
534	1.1968	1.4745	0.1533	0.0625	0.1034	19.1500	-7.0820	1.4237
535	1.2005	1.4597	0.1440	0.0696	0.0733	19.6252	-6.4050	1.4311
536	1.2007	1.4468	0.1321	0.0695	0.0470	20.2657	-6.6400	1.5052
537	1.2045	1.4312	0.1213	0.0766	0.0151	20.9824	-6.9120	1.4522
538	1.2047	1.4163	0.1308	0.0765	-0.0155	19.6236	-7.2460	1.5889
539	1.2060	1.3930	0.1236	0.0788	-0.0633	20.7702	-5.8490	1.2379
540	1.2048	1.3728	0.1296	0.0758	-0.1049	20.3223	-6.3590	1.5437
541	1.1782	1.4386	0.1377	0.0219	0.0261	19.5692	-6.7580	1.5185
542	1.1850	1.4438	0.1453	0.0349	0.0360	19.8216	-7.2000	1.5906
543	1.1874	1.4534	0.1587	0.0390	0.0547	19.3778	-8.4950	2.0555
544	1.1950	1.4668	0.1831	0.0537	0.0812	18.1495	-8.5370	1.9567
545	1.2038	1.4797	0.1931	0.0708	0.1068	18.7669	-9.1350	2.0970
546	1.2170	1.4930	0.2178	0.0969	0.1333	17.3341	-0.6100	0.1691
547	1.2250	1.5003	0.2204	0.1127	0.1480	18.2874	8.9950	-1.9803
548	1.2278	1.5064	0.2239	0.1180	0.1602	18.3833	-8.7150	1.7670
549	1.2278	1.5060	0.2178	0.1178	0.1595	19.3739	-8.9910	2.0028
550	1.2313	1.5053	0.2135	0.1247	0.1582	18.3144	-9.4500	2.0701
551	1.1750	1.4378	0.1831	0.0113	0.0225	18.9356	-8.9830	1.9554
552	1.1746	1.4335	0.1656	0.0097	0.0133	19.7286	-8.4810	1.9669
553	1.1666	1.4359	0.1466	-0.0071	0.0174	20.5057	-8.1350	1.8908
554	1.1518	1.4411	0.1383	-0.0377	0.0272	19.8482	-8.5300	1.9752
555	1.1366	1.4507	0.1260	-0.0692	0.0458	20.5563	-9.1650	2.0386
556	1.1194	1.4510	0.1296	-0.1049	0.0461	20.0372	-8.9670	2.1485
557	1.1014	1.4502	0.1308	-0.1424	0.0439	19.9869	-9.0640	2.1447
558	1.0850	1.4474	0.1408	-0.1770	0.0378	19.1261	-8.5470	1.9585
559	1.0677	1.4410	0.1580	-0.2132	0.0243	19.3397	-8.3590	1.7978
560	1.0582	1.4328	0.1801	-0.2343	0.0073	18.2891	-7.8500	1.7259
561	1.0860	1.3066	0.2195	-0.1803	-0.2470	17.0879	-6.6180	1.3850
562	1.0815	1.3110	0.2384	-0.1910	-0.2401	18.2219	-6.8880	1.6752
563	1.0779	1.3108	0.2556	-0.1998	-0.2425	17.5608	-7.1020	1.7736
564	1.0777	1.3067	0.2488	-0.2020	-0.2525	18.3562	-7.0850	1.6434
565	1.0734	1.3007	0.2356	-0.2123	-0.2665	18.5760	-6.5770	1.4164
566	1.0671	1.2943	0.2101	-0.2267	-0.2814	18.5267	-6.2110	1.3042
567	1.0629	1.2843	0.1706	-0.2371	-0.3036	19.4108	-5.6030	1.1667
568	1.0582	1.2738	0.1580	-0.2484	-0.3268	19.5451	-4.7060	1.0072
569	1.0522	1.2646	0.1352	-0.2624	-0.3476	19.9190	-5.5230	1.3528
570	1.0505	1.2639	0.1302	-0.2678	-0.3514	20.0430	-5.5330	1.2953
571	1.1860	1.3410	0.1296	0.0026	-0.1987	20.2734	-5.8300	1.3174
572	1.1908	1.3386	0.1248	0.0116	-0.2051	21.1926	-6.3150	1.5673
573	1.1992	1.3342	0.1440	0.0279	-0.2156	19.8540	-6.6230	1.4885
574	1.2152	1.3334	0.1580	0.0596	-0.2189	19.5166	-7.1980	1.5791
575	1.2388	1.3354	0.1713	0.1067	-0.2165	19.1782	-7.6380	1.7331
576	1.2580	1.3418	0.1854	0.1451	-0.2053	19.0334	-7.0100	1.1954
577	1.2760	1.3464	0.1971	0.1814	-0.1975	18.4002	-9.0000	9.8603
578	1.2880	1.3465	0.2068	0.2058	-0.1989	18.5833	-9.5370	2.1556
579	1.2980	1.3465	0.2135	0.2263	-0.2005	18.6045	-10.8440	2.4265
580	1.3052	1.3430	0.2161	0.2412	-0.2092	18.8014	-10.4010	2.3479
581	1.1750	1.3430	0.2274	-0.0199	-0.2106	18.7468	-10.0990	2.3395
582	1.1730	1.3458	0.2440	-0.0247	-0.2066	18.1271	-9.4600	2.0753
583	1.1716	1.3490	0.2421	-0.0283	-0.2017	17.8625	0.0000	0.0440
584	1.1726	1.3545	0.2365	-0.0271	-0.1921	17.8702	-8.6210	1.9518
585	1.1708	1.3600	0.2178	-0.0315	-0.1825	19.2096	-7.7110	1.4792
586	1.1708	1.3641	0.2052	-0.0323	-0.1758	18.7650	-6.8150	1.5259
587	1.1705	1.3665	0.1839	-0.0336	-0.1722	19.5053	-6.5680	1.4950
588	1.1675	1.3597	0.1628	-0.0405	-0.1871	20.5622	-5.2080	1.0766
589	1.1568	1.3518	0.1447	-0.0627	-0.2045	19.3353	-5.9060	1.3899
590	1.1480	1.3466	0.1370	-0.0814	-0.2165	20.6579	-5.8500	1.3525
