roll	pitch	yaw	mag
-0.000	0.002	0.007	0.205
-0.003	0.004	0.002	0.564
-0.003	0.003	0.005	-2.267
-0.003	0.003	-0.047	0.853
-0.005	-0.001	-0.024	-3.113
0.001	-0.001	-0.091	0.431
0.000	-0.001	-0.077	-0.758
-0.000	0.001	-0.103	-1.487
0.003	0.005	-0.137	-1.301
0.003	0.003	-0.168	-1.241
0.008	0.006	-0.190	-4.462
0.008	0.002	-0.288	-1.978
0.004	-0.002	-0.333	-0.212
0.007	-0.006	-0.340	-0.940
0.007	-0.010	-0.360	-4.130
0.010	-0.016	-0.460	-1.512
0.014	-0.018	-0.485	-1.120
0.017	-0.023	-0.507	-2.864
0.020	-0.023	-0.571	-3.502
0.020	-0.023	-0.653	-2.543
0.019	-0.023	-0.702	-4.439
0.017	-0.023	-0.795	-2.067
0.017	-0.027	-0.830	-2.608
0.017	-0.026	-0.878	-2.176
0.016	-0.027	-0.917	-3.459
0.011	-0.021	-0.975	-1.186
0.009	-0.019	-0.973	1.685
0.006	-0.018	-0.899	1.000
0.005	-0.019	-0.853	3.407
-0.005	-0.017	-0.754	1.118
-0.004	-0.017	-0.717	0.765
-0.002	-0.016	-0.695	1.684
0.003	-0.018	-0.636	4.851
-0.001	-0.012	-0.510	5.269
-0.001	-0.010	-0.376	5.135
-0.001	-0.016	-0.248	3.293
0.001	-0.013	-0.167	6.850
-0.002	-0.016	-0.004	9.519
-0.001	-0.011	0.234	6.957
0.002	-0.012	0.402	9.359
0.005	-0.008	0.611	8.779
0.003	-0.006	0.795	9.475
0.008	-0.011	1.002	9.922
0.011	-0.014	1.216	5.490
0.011	-0.016	1.317	5.712
0.013	-0.020	1.419	6.606
0.014	-0.021	1.541	9.594
0.021	-0.019	1.729	10.500
0.019	-0.022	1.930	9.484
0.015	-0.023	2.120	6.436
0.015	-0.021	2.226	7.934
0.019	-0.022	2.363	7.898
0.014	-0.017	2.499	8.410
0.012	-0.013	2.636	12.383
0.004	-0.011	2.864	9.169
0.006	-0.010	3.014	10.780
0.008	-0.011	3.203	10.923
0.007	-0.011	3.392	8.675
0.006	-0.011	3.514	10.094
0.009	-0.013	3.664	8.163
0.011	-0.011	3.779	8.728
0.015	-0.014	3.911	9.359
0.014	-0.014	4.046	10.169
0.012	-0.015	4.181	7.187
0.013	-0.006	4.265	10.091
0.016	0.005	4.424	10.641
0.021	0.018	4.566	9.911
0.022	0.029	4.656	10.371
0.017	0.042	4.770	8.497
0.018	0.049	4.871	10.023
0.034	0.046	5.081	8.181
0.037	0.042	5.271	7.866
-0.034	0.132	5.491	7.177
0.063	-0.011	5.523	9.771
0.134	-0.091	5.439	7.505
-0.038	0.228	5.258	9.875
-0.145	0.324	5.351	9.658
-0.240	0.499	5.508	11.464
-0.179	0.765	5.699	10.192
0.608	0.414	5.893	8.800
1.904	-0.523	6.114	8.741
2.721	-0.781	6.110	0.087
2.961	0.349	5.813	-0.684
2.495	2.647	5.157	-0.069
1.889	4.156	4.468	5.837
1.103	5.326	4.130	8.220
0.299	6.359	3.716	17.054
-1.090	8.168	3.315	17.171
-2.885	10.851	2.849	31.697
-4.156	12.767	3.072	50.302
-4.688	13.705	3.770	64.586
-4.962	13.963	4.792	69.787
-5.200	13.882	6.046	72.429
-5.319	13.168	7.335	65.456
-5.031	11.412	8.833	57.275
-4.121	9.169	10.592	51.301
-2.701	6.156	12.255	37.029
-1.894	2.285	13.025	23.765
-0.918	-2.163	15.339	12.873
-0.135	-5.513	16.325	8.312
0.453	-8.651	16.252	4.775
0.247	-12.104	17.641	2.391
0.210	-14.804	18.348	4.389
0.357	-16.616	18.478	2.298
0.907	-19.351	18.804	3.373
1.437	-20.321	18.392	2.399
2.005	-21.179	18.322	2.250
2.862	-21.535	17.852	1.979
3.769	-20.994	17.161	-1.288
4.539	-19.619	16.292	-1.340
4.857	-17.122	15.382	-2.691
4.846	-13.922	14.361	-3.741
4.698	-10.470	13.227	-4.463
4.381	-7.065	12.094	-5.294
3.723	-3.372	11.058	-2.950
2.893	0.234	9.966	-3.839
1.781	3.966	8.704	1.468
0.157	8.024	7.643	8.360
-1.518	11.781	6.770	29.144
-3.302	15.311	6.161	49.707
-5.073	18.184	6.050	81.869
-6.797	20.584	6.538	90.561
-8.529	22.497	7.078	101.550
-10.327	24.089	7.701	100.776
-11.953	25.134	8.620	103.398
-13.304	25.532	9.677	100.855
-14.344	25.155	10.902	99.600
-15.093	24.041	12.380	96.402
-15.562	22.028	14.084	89.884
-15.753	19.056	16.014	83.968
-15.920	15.481	18.202	76.051
-16.293	11.527	20.612	68.003
-17.257	7.692	22.910	56.786
-18.853	4.201	24.880	49.895
-20.943	1.113	26.624	43.446
-23.480	-1.322	27.974	38.536
-26.400	-2.948	28.749	37.479
-29.675	-3.930	29.188	36.769
-33.131	-4.477	29.540	35.313
-36.349	-5.015	29.957	34.882
-39.594	-5.244	30.238	34.527
-42.949	-5.014	30.210	35.229
-46.309	-4.426	29.936	32.442
-49.317	-4.034	29.787	30.976
-51.970	-3.702	29.625	29.582
-54.135	-3.282	29.406	26.547
-55.795	-2.852	29.058	25.742
-56.704	-2.449	28.607	24.592
-56.841	-2.008	28.117	22.739
-56.148	-1.534	27.568	22.499
-54.727	-1.060	26.974	24.841
-52.688	-0.559	26.364	28.756
-50.165	-0.010	25.770	33.134
-47.264	0.611	25.216	34.352
-44.027	1.224	24.833	36.344
-40.614	1.740	24.650	38.079
-37.146	2.250	24.643	41.475
-33.738	2.839	24.737	41.947
-30.163	3.370	25.025	42.918
-26.387	3.510	25.656	42.433
-22.447	3.315	26.479	42.236
-18.797	3.272	27.300	42.091
-15.413	3.532	27.980	39.609
-12.189	3.878	28.605	39.766
-8.924	4.111	29.300	38.023
-5.483	3.806	30.007	32.748
-2.134	2.891	30.353	26.132
0.524	2.274	30.557	16.119
2.526	1.627	30.588	5.130
3.813	1.106	30.210	-0.343
4.487	0.574	29.660	-3.719
4.375	0.276	29.049	-6.783
3.543	0.018	28.283	-4.121
2.192	-0.367	27.472	-1.666
0.418	-1.060	26.856	1.552
-2.036	-1.271	26.306	7.807
-5.237	-0.758	25.973	13.175
-8.706	-0.281	25.763	19.557
-11.801	-0.618	25.674	29.309
-14.613	-1.543	26.079	31.730
-17.363	-2.958	26.970	33.093
-20.963	-3.374	27.602	33.589
-25.286	-2.599	27.767	34.896
-29.743	-1.361	27.547	38.701
-33.767	-0.769	27.496	36.854
-37.263	-0.458	27.753	40.343
-40.510	-0.114	28.087	40.229
-43.705	0.513	27.875	38.285
-46.630	1.136	27.419	37.614
-49.008	1.634	26.964	37.422
-50.815	2.239	26.393	35.263
-52.148	2.959	25.377	34.725
-52.690	3.692	24.130	34.119
-52.188	4.425	23.043	35.220
-50.784	5.108	22.016	35.283
-48.829	5.923	20.888	37.413
-46.202	6.648	20.014	39.352
-42.913	7.164	19.674	39.471
-39.274	7.560	19.793	44.082
-35.505	7.867	20.361	44.863
-31.743	8.093	21.204	44.736
-27.695	7.680	22.634	45.335
-23.485	6.434	24.444	47.569
-19.415	4.400	26.787	43.281
-15.898	1.881	29.043	38.567
-12.904	-1.051	31.368	33.269
-10.148	-4.740	33.655	28.217
-7.759	-8.841	35.827	22.109
-6.060	-12.573	37.715	15.897
-4.845	-15.839	38.965	11.616
-4.087	-19.028	39.996	7.214
-3.592	-22.244	40.798	9.099
-3.329	-25.136	41.351	7.525
-3.404	-27.417	41.757	8.211
-3.510	-29.128	41.847	8.703
-3.265	-30.609	41.450	9.412
-2.861	-31.511	40.637	10.975
-2.377	-31.596	39.667	9.222
-1.441	-30.817	38.116	9.038
-0.308	-29.043	36.153	6.835
0.887	-26.420	33.926	4.661
1.927	-23.068	31.592	1.262
2.506	-18.912	29.128	0.263
2.425	-14.050	26.643	-2.098
1.698	-8.712	24.133	-3.294
0.465	-3.154	21.556	-3.448
-1.185	2.320	19.003	2.269
-2.887	7.323	16.682	12.280
-4.905	12.076	14.701	23.174
-6.920	16.112	13.167	52.263
-9.128	19.697	12.376	80.102
-11.493	23.025	12.171	99.239
-13.852	25.836	12.250	103.744
-15.688	27.549	12.673	105.602
-17.012	28.284	13.506	103.765
-17.788	28.027	14.942	103.008
-18.037	26.486	16.676	98.209
-17.391	23.435	19.151	94.906
-15.972	18.937	22.394	87.553
-14.242	13.668	25.961	72.409
-12.394	8.410	29.558	61.130
-10.554	3.128	32.978	44.534
-8.684	-2.131	35.879	27.922
-7.397	-7.334	38.301	19.940
-6.954	-12.297	39.936	15.172
-7.286	-16.149	41.113	12.938
-7.674	-19.581	41.909	12.576
-7.907	-22.949	42.400	13.530
-8.131	-25.745	42.605	12.244
-8.644	-27.588	42.476	11.168
-9.209	-28.729	42.164	12.775
-9.847	-29.194	41.550	14.177
-10.769	-28.431	40.537	13.637
-12.047	-26.308	39.142	13.897
-13.584	-23.544	37.563	13.608
-15.173	-20.849	35.919	16.114
-16.849	-18.427	34.590	15.909
-18.849	-16.090	33.316	19.425
-21.393	-13.962	32.239	22.352
-24.382	-12.071	31.324	24.844
-27.935	-10.161	30.377	27.924
-31.394	-8.843	30.047	30.441
-35.031	-7.666	29.883	30.983
-38.749	-6.631	29.863	33.655
-42.542	-5.736	30.010	34.359
-46.276	-4.970	30.006	33.092
-49.829	-4.411	29.894	31.614
-53.107	-4.094	29.762	32.238
-55.992	-3.924	29.716	26.214
-58.538	-3.671	29.485	21.868
-60.546	-3.323	28.852	19.616
-61.782	-2.931	28.041	18.327
-62.244	-2.628	27.167	16.899
-61.981	-2.355	26.387	18.342
-61.068	-2.214	25.699	17.125
-59.590	-2.079	25.044	20.009
-57.434	-1.798	24.491	22.842
-54.515	-1.478	24.116	25.955
-50.920	-1.189	23.922	29.915
-46.755	-0.888	23.817	31.215
-41.993	-0.613	23.679	36.167
-36.886	-0.204	23.289	38.333
-31.461	0.225	23.112	40.132
-26.032	0.759	23.095	37.766
-20.600	1.029	23.218	36.894
-15.134	1.602	23.402	36.258
-9.802	2.300	23.714	28.648
-4.627	2.908	24.060	25.442
0.071	3.407	24.424	14.154
4.124	4.359	24.762	-1.855
7.514	5.174	24.751	-14.192
10.882	5.326	24.136	-33.806
13.842	4.882	23.348	-51.278
16.346	4.282	22.165	-54.586
17.999	4.317	20.929	-57.014
19.053	4.512	19.824	-64.822
19.847	4.053	18.628	-64.792
20.377	3.415	17.405	-60.849
20.523	2.914	16.171	-62.699
20.245	2.500	15.015	-62.236
19.508	2.203	13.808	-60.653
18.555	1.691	12.501	-57.124
17.282	0.971	11.075	-54.829
15.418	0.542	9.866	-50.060
13.030	0.213	8.832	-46.104
10.427	-0.696	7.791	-35.763
7.447	-1.814	6.909	-27.398
3.511	-2.467	6.350	-16.800
-0.941	-2.789	6.073	-4.522
-5.674	-3.139	6.034	5.759
-10.636	-3.320	6.531	16.847
-15.602	-3.352	7.593	22.122
-20.435	-3.285	8.536	29.999
-25.255	-2.807	9.480	33.264
-29.827	-1.917	10.292	35.697
-33.881	-1.251	10.998	38.144
-37.230	-1.010	11.783	41.048
-40.086	-0.772	12.381	38.237
-42.547	-0.421	12.554	39.054
-44.475	-0.062	12.702	37.066
-45.632	0.156	12.817	37.130
-45.972	0.273	13.038	36.566
-45.421	0.374	13.387	36.705
-44.139	0.514	13.681	35.721
-42.013	0.760	13.898	37.278
-38.887	0.987	14.187	37.545
-34.603	1.185	14.539	39.469
-29.331	1.317	14.919	41.213
-23.671	1.376	15.346	41.554
-18.014	1.380	15.648	38.325
-12.438	1.108	15.933	34.983
-6.977	1.009	16.044	26.716
-1.946	2.017	15.914	13.722
2.250	2.907	15.827	1.554
5.643	3.761	15.485	-13.988
8.295	4.660	15.149	-24.191
10.535	5.020	14.481	-40.048
11.949	5.421	13.238	-48.116
13.249	5.035	12.139	-51.640
14.028	4.562	10.665	-51.787
14.046	4.073	9.062	-56.966
13.027	4.108	7.729	-53.011
11.264	4.688	6.511	-51.533
9.323	5.449	5.292	-40.671
8.013	5.157	4.180	-40.937
6.934	4.108	3.023	-33.674
5.799	2.190	1.933	-31.196
3.415	0.917	0.973	-25.199
-0.153	0.349	0.536	-12.192
-4.481	0.054	0.441	2.218
-9.217	-0.073	0.521	12.411
-13.956	-0.410	1.090	23.597
-18.944	-0.514	2.198	28.136
-23.811	-0.407	3.491	33.602
-28.361	-0.420	4.776	35.523
-32.459	-0.595	6.149	35.890
-36.220	-0.875	7.467	35.881
-39.595	-1.057	8.697	36.524
-42.535	-1.192	9.595	36.931
-44.903	-1.177	10.330	33.995
-46.506	-0.713	10.771	33.944
-47.238	0.290	10.894	32.741
-46.957	1.683	10.765	32.297
-45.690	3.524	10.444	38.162
-43.748	5.773	10.037	39.796
-41.434	8.526	9.410	45.211
-39.002	11.612	8.494	49.345
-36.589	14.740	7.427	51.934
-34.959	18.070	6.045	60.696
-34.105	21.821	4.566	65.369
-33.597	25.104	3.466	73.431
-33.237	27.679	2.816	79.279
-33.248	29.672	2.579	84.451
-33.608	31.132	2.897	88.627
-33.844	31.854	3.921	90.337
-34.041	31.947	5.564	89.153
-34.427	31.583	7.517	88.186
-34.694	30.379	9.704	84.829
-33.649	27.510	12.898	80.272
-31.669	23.353	16.778	77.603
-29.327	18.385	20.845	71.058
-27.078	13.384	24.690	66.219
-25.098	8.249	28.076	56.830
-22.936	3.187	31.182	43.766
-20.548	-1.779	34.041	37.535
-19.013	-6.730	36.200	29.167
-17.565	-9.976	37.096	25.938
-16.407	-12.367	37.577	21.209
-14.986	-14.549	37.906	21.119
-13.133	-16.866	37.928	17.997
-11.592	-18.374	37.385	14.059
-10.467	-18.803	36.629	12.453
-9.480	-18.434	35.544	11.483
-8.484	-17.517	34.109	10.617
-7.805	-15.621	32.366	9.121
-7.507	-12.677	30.314	8.766
-7.540	-9.300	28.175	6.424
-7.837	-5.617	26.002	8.383
-8.519	-1.722	23.843	10.858
-9.199	1.865	22.036	15.331
-10.005	5.148	20.566	21.261
-10.794	7.910	19.569	26.278
-11.525	10.274	18.906	35.551
-12.212	12.228	18.735	39.625
-12.669	13.609	18.903	50.691
-12.741	14.134	19.488	53.930
-12.527	13.998	20.349	53.485
-12.178	13.444	21.361	53.398
-11.748	12.601	22.452	52.529
-11.156	11.466	23.567	51.287
-10.386	10.124	24.748	44.789
-9.530	8.726	25.790	38.450
-8.916	7.596	26.527	30.550
-8.463	6.789	26.919	31.099
-8.001	6.043	27.299	24.876
-7.450	5.316	27.455	24.890
-6.868	4.807	27.516	20.726
-6.427	4.496	27.392	20.546
-6.237	4.439	27.227	17.238
-6.179	4.322	27.034	18.375
-6.229	4.217	26.901	17.841
-6.278	4.130	26.733	15.382
-6.238	4.074	26.533	16.870
-6.086	4.035	26.368	15.944
-5.759	3.919	26.200	13.769
-5.357	3.812	25.889	12.771
-4.938	3.664	25.562	11.706
-4.492	3.503	25.180	11.042
-4.116	3.346	24.787	12.070
-3.845	3.331	24.408	11.800
-3.621	3.357	24.061	10.508
-3.375	3.222	23.741	7.381
-3.169	2.988	23.395	6.736
-3.089	2.886	23.010	8.645
-3.175	2.990	22.617	7.762
-3.313	3.030	22.265	7.459
-3.392	3.020	21.889	10.860
-3.528	3.055	21.570	9.589
-3.792	3.278	21.236	9.931
-4.024	3.480	20.836	12.003
-4.118	3.533	20.532	11.661
-4.164	3.449	20.262	13.386
-4.185	3.414	20.102	11.243
-4.081	3.552	19.816	9.664
-4.366	3.363	19.478	11.342
-5.185	4.176	19.309	9.683
-5.778	4.432	19.022	14.749
-5.830	4.206	18.865	15.203
-6.020	3.807	18.864	17.485
-6.242	4.848	18.775	16.654
-6.444	4.906	18.703	18.485
-6.366	4.910	18.436	19.560
-6.179	4.253	18.747	17.627
-6.094	4.295	18.647	17.160
-6.265	4.631	18.405	15.665
-6.362	4.788	18.455	17.207
-6.270	4.706	18.513	17.425
-6.060	4.482	18.572	16.476
-6.106	4.526	18.490	19.255
-6.194	4.744	18.440	17.124
-6.124	4.700	18.406	16.924
-6.065	4.434	18.627	18.728
-5.928	4.319	18.923	17.538
-6.129	4.644	18.978	21.583
-6.205	4.730	19.129	22.086
-6.091	4.529	19.009	19.718
-5.888	4.179	18.993	23.467
-5.963	4.271	19.183	17.980
-6.003	4.381	19.188	17.957
-5.967	4.342	19.172	20.507
-5.909	4.268	19.234	17.898
-5.889	4.284	19.126	20.604
-5.911	4.352	19.087	20.397
-5.915	4.372	19.157	22.337
-5.869	4.333	19.282	19.346
-5.799	4.257	19.323	19.198
-5.789	4.276	19.262	18.074
-5.817	4.311	19.162	20.227
-5.772	4.262	19.209	17.982
-5.696	4.165	19.228	16.683
-5.699	4.209	19.185	16.392
-5.717	4.247	19.097	17.833
-5.656	4.174	19.041	16.493
-5.600	4.107	18.966	15.573
-5.617	4.153	18.891	17.314
-5.618	4.167	18.871	16.344
-5.557	4.092	18.836	16.722
-5.524	4.071	18.781	17.745
-5.539	4.107	18.729	19.396
-5.504	4.075	18.754	19.219
-5.453	4.017	18.788	18.307
-5.449	4.025	18.784	18.006
-5.445	4.046	18.766	20.468
-5.413	4.008	18.793	20.610
-5.386	3.987	18.831	17.525
-5.383	3.993	18.794	18.568
-5.359	3.970	18.796	17.434
-5.330	3.952	18.776	12.579
-5.314	3.949	18.627	15.146
-5.289	3.930	18.539	11.163
-5.261	3.905	18.358	10.688
-5.241	3.906	18.195	11.402
-5.221	3.900	18.059	12.807
-5.183	3.867	17.949	10.653
-5.160	3.859	17.762	7.399
-5.152	3.869	17.544	8.242
-5.123	3.847	17.314	7.145
-5.082	3.811	17.089	6.904
-5.074	3.815	16.850	3.204
-5.057	3.812	16.524	6.171
-5.021	3.776	16.280	4.798
-5.001	3.765	16.011	2.180
-4.998	3.780	15.704	4.083
-4.971	3.760	15.434	5.115
-4.939	3.725	15.187	5.369
-4.932	3.730	14.955	2.484
-4.927	3.724	14.653	3.877
-4.892	3.695	14.405	2.640
-4.869	3.679	14.142	2.557
-4.862	3.686	13.868	6.830
-4.838	3.660	13.689	4.588
-4.813	3.631	13.465	4.101
-4.799	3.627	13.250	3.717
-4.782	3.619	13.038	5.064
-4.753	3.592	12.860	6.527
-4.729	3.582	12.716	5.504
-4.728	3.585	12.541	3.604
-4.707	3.573	12.322	2.813
-4.683	3.554	12.110	4.408
-4.671	3.552	11.923	6.072
-4.656	3.538	11.786	1.874
-4.632	3.508	11.536	0.731
-4.613	3.501	11.286	0.794
-4.593	3.500	11.040	2.197
-4.570	3.478	10.845	2.866
-4.550	3.459	10.661	3.056
-4.535	3.453	10.477	3.330
-4.519	3.439	10.302	0.329
-4.495	3.424	10.063	3.040
-4.476	3.414	9.905	2.784
-4.457	3.404	9.739	4.863
-4.432	3.383	9.620	3.954
-4.413	3.368	9.486	5.119
-4.405	3.369	9.380	4.911
-4.387	3.359	9.273	4.644
-4.369	3.341	9.165	3.303
-4.348	3.340	9.029	4.470
-4.333	3.326	8.920	5.144
-4.310	3.307	8.834	4.220
-4.291	3.292	8.722	2.633
-4.282	3.281	8.589	0.436
-4.267	3.270	8.397	4.639
-4.242	3.257	8.304	3.542
-4.232	3.247	8.191	2.941
-4.212	3.235	8.057	7.456
-4.193	3.221	8.046	4.668
-4.175	3.207	7.974	4.616
-4.159	3.202	7.893	4.182
-4.145	3.184	7.803	7.171
-4.130	3.171	7.784	4.708
-4.117	3.163	7.712	3.946
-4.099	3.147	7.628	3.145
-4.081	3.138	7.534	3.148
-4.068	3.122	7.428	2.236
-4.047	3.114	7.297	2.585
-4.027	3.109	7.190	5.019
-4.020	3.098	7.130	2.805
-3.999	3.088	7.022	5.067
-3.980	3.079	6.980	3.173
-3.966	3.065	6.883	5.783
-3.949	3.058	6.858	3.741
-3.926	3.041	6.788	4.193
-3.909	3.032	6.734	5.065
-3.893	3.029	6.699	4.461
-3.880	3.020	6.647	4.882
-3.861	3.005	6.604	3.719
-3.847	2.989	6.531	2.331
-3.831	2.983	6.429	3.344
-3.811	2.970	6.357	2.446
-3.799	2.959	6.265	2.607
-3.782	2.949	6.183	4.014
-3.767	2.939	6.133	4.533
-3.744	2.929	6.095	5.143
-3.727	2.917	6.075	5.713
-3.716	2.911	6.066	7.362
-3.697	2.897	6.085	5.861
-3.684	2.889	6.074	5.478
-3.673	2.879	6.068	3.971
-3.659	2.871	6.022	5.178
-3.636	2.854	6.006	6.160
-3.618	2.848	6.005	4.127
-3.604	2.841	5.969	3.063
-3.589	2.828	5.900	2.370
-3.574	2.809	5.817	3.821
-3.563	2.804	5.777	4.115
-3.550	2.793	5.740	2.228
-3.537	2.781	5.655	3.173
-3.527	2.769	5.588	3.334
-3.510	2.759	5.545	4.139
-3.498	2.752	5.519	2.753
-3.481	2.743	5.470	4.294
-3.465	2.736	5.444	2.100
-3.447	2.724	5.370	3.920
-3.432	2.706	5.346	1.814
-3.416	2.698	5.261	2.676
-3.398	2.690	5.230	3.690
-3.380	2.675	5.191	3.307
-3.368	2.668	5.141	4.183
-3.349	2.660	5.123	2.918
-3.333	2.647	5.066	5.070
-3.320	2.641	5.076	4.298
-3.309	2.630	5.060	1.954
-3.294	2.624	4.995	1.563
-3.286	2.614	4.918	3.168
-3.268	2.605	4.881	5.238
-3.260	2.596	4.896	2.531
-3.249	2.590	4.841	1.940
-3.241	2.579	4.763	3.966
-3.225	2.573	4.743	4.727
-3.213	2.570	4.742	4.207
-3.201	2.564	4.736	7.008
-3.194	2.558	4.786	3.411
-3.173	2.548	4.756	5.049
-3.160	2.538	4.767	4.323
-3.149	2.530	4.767	6.125
-3.132	2.517	4.791	5.367
-3.123	2.509	4.802	6.461
-3.107	2.497	4.835	5.302
-3.094	2.491	4.838	7.262
-3.086	2.483	4.897	1.932
-3.069	2.477	4.828	4.304
-3.058	2.462	4.816	4.779
-3.043	2.456	4.814	3.442
-3.027	2.447	4.791	3.085
-3.019	2.441	4.752	2.378
-3.006	2.430	4.677	4.583
-2.992	2.421	4.684	3.756
-2.982	2.412	4.667	4.160
-2.974	2.405	4.644	1.735
-2.958	2.398	4.565	4.888
-2.944	2.387	4.564	4.318
-2.938	2.379	4.565	4.306
-2.923	2.368	4.568	4.452
-2.908	2.356	4.565	3.340
-2.896	2.350	4.548	4.258
-2.883	2.344	4.523	5.847
-2.876	2.334	4.551	3.827
-2.865	2.327	4.534	4.074
-2.853	2.318	4.519	3.964
-2.839	2.311	4.503	4.589
-2.826	2.302	4.505	2.618
-2.817	2.289	4.458	2.952
-2.801	2.281	4.428	2.076
-2.786	2.276	4.375	2.024
-2.773	2.269	4.308	3.084
-2.764	2.260	4.276	3.115
-2.754	2.248	4.232	3.216
-2.746	2.250	4.215	1.658
-2.739	2.244	4.153	1.489
-2.726	2.238	4.088	4.217
-2.715	2.232	4.088	2.704
-2.709	2.226	4.056	0.799
-2.693	2.215	3.973	6.599
-2.681	2.207	4.043	3.121
-2.674	2.195	4.017	5.310
-2.664	2.188	4.042	3.115
-2.654	2.183	4.026	0.417
-2.644	2.178	3.947	5.128
-2.635	2.173	3.981	5.882
-2.622	2.171	4.036	5.712
-2.606	2.162	4.078	6.755
-2.598	2.158	4.146	1.786
-2.584	2.152	4.083	3.397
-2.577	2.145	4.059	5.311
-2.568	2.139	4.091	4.449
-2.556	2.133	4.094	4.392
-2.550	2.122	4.103	5.195
-2.545	2.113	4.130	4.802
-2.540	2.102	4.143	5.152
-2.530	2.093	4.165	1.967
-2.518	2.082	4.116	6.086
-2.505	2.079	4.170	3.796
-2.494	2.069	4.157	2.644
-2.485	2.061	4.113	3.784
-2.480	2.054	4.097	5.056
-2.471	2.046	4.107	3.389
-2.460	2.037	4.085	3.534
-2.445	2.028	4.085	1.885
-2.435	2.022	4.027	2.292
-2.426	2.015	3.990	7.398
-2.416	2.006	4.073	7.627
-2.409	1.991	4.169	4.467
-2.397	1.982	4.167	3.505
-2.387	1.971	4.157	2.090
-2.377	1.965	4.114	3.254
-2.370	1.957	4.090	6.175
-2.361	1.953	4.141	2.696
-2.348	1.946	4.114	1.817
-2.343	1.935	4.050	3.288
-2.327	1.924	4.027	3.734
-2.320	1.915	4.010	4.699
-2.311	1.910	4.035	4.199
-2.304	1.902	4.028	0.649
-2.298	1.893	3.947	4.688
-2.288	1.890	3.967	3.773
-2.282	1.884	3.960	1.859
-2.271	1.880	3.909	3.917
-2.263	1.868	3.903	3.890
-2.257	1.860	3.898	-0.098
-2.245	1.852	3.807	2.995
-2.234	1.845	3.791	6.873
-2.224	1.840	3.862	3.901
-2.215	1.829	3.857	1.620
-2.200	1.824	3.810	0.903
-2.188	1.818	3.746	1.348
-2.182	1.813	3.694	3.061
-2.178	1.812	3.679	0.950
-2.173	1.807	3.608	1.133
-2.165	1.798	3.553	2.221
-2.152	1.798	3.526	3.149
-2.145	1.793	3.516	4.387
-2.134	1.793	3.535	1.953
-2.127	1.786	3.491	1.622
-2.123	1.777	3.439	-0.903
-2.114	1.763	3.330	-1.014
-2.110	1.756	3.218	0.683
-2.103	1.749	3.151	2.371
-2.093	1.747	3.126	2.566
-2.080	1.744	3.121	3.112
-2.071	1.737	3.131	2.236
-2.065	1.726	3.120	-1.202
-2.059	1.718	3.011	-0.989
-2.048	1.714	2.919	-0.876
-2.042	1.706	2.825	2.703
-2.035	1.700	2.814	-0.423
-2.025	1.698	2.736	-1.743
-2.020	1.691	2.623	-2.030
-2.013	1.688	2.522	1.914
-2.004	1.682	2.513	-0.796
-1.999	1.675	2.444	1.009
-1.996	1.667	2.396	-2.318
-1.986	1.659	2.290	-0.881
-1.979	1.655	2.214	0.284
-1.972	1.648	2.170	-0.691
-1.963	1.639	2.078	0.729
-1.954	1.633	2.046	-0.352
-1.943	1.626	1.990	1.280
-1.935	1.617	1.982	0.288
-1.928	1.607	1.952	-0.397
-1.923	1.599	1.894	2.748
-1.914	1.590	1.909	0.293
-1.906	1.589	1.870	-1.277
-1.898	1.580	1.785	0.778
-1.887	1.578	1.761	1.723
-1.876	1.572	1.743	-1.663
-1.865	1.564	1.663	0.790
-1.854	1.563	1.652	-1.171
-1.844	1.554	1.580	-2.755
-1.833	1.543	1.477	-1.822
-1.821	1.536	1.400	-1.309
-1.816	1.533	1.341	0.585
-1.813	1.529	1.316	-0.586
-1.812	1.524	1.265	-0.901
-1.802	1.520	1.204	-2.032
-1.794	1.514	1.127	-1.438
-1.787	1.510	1.065	-1.509
-1.780	1.503	0.994	0.937
-1.776	1.499	0.987	2.902
-1.773	1.490	1.028	-0.885
-1.771	1.485	0.989	-0.170
-1.764	1.481	0.971	1.149
-1.757	1.475	0.973	-0.633
-1.752	1.470	0.930	-2.899
-1.745	1.465	0.840	-0.160
-1.743	1.457	0.821	-1.148
-1.735	1.451	0.765	0.408
-1.730	1.445	0.757	-0.192
-1.719	1.438	0.735	-0.441
-1.705	1.433	0.701	-1.675
-1.700	1.425	0.648	-0.894
-1.695	1.415	0.595	-2.431
-1.688	1.413	0.518	1.956
-1.680	1.413	0.551	0.852
-1.668	1.410	0.560	0.359
-1.665	1.397	0.556	0.186
-1.660	1.385	0.540	0.013
-1.654	1.379	0.520	-0.143
-1.645	1.370	0.502	2.318
-1.637	1.364	0.536	-2.816
-1.627	1.358	0.455	-22.659
-1.620	1.348	-0.079	-1.747
-1.615	1.338	-0.120	1.119
-1.608	1.329	-0.106	-0.445
-1.600	1.324	-0.124	2.431
-1.596	1.320	-0.070	0.063
-1.586	1.314	-0.061	-0.478
-1.577	1.308	-0.068	0.454
-1.567	1.299	-0.056	0.376
-1.562	1.295	-0.042	-0.539
-1.560	1.286	-0.059	-1.273
-1.553	1.285	-0.092	1.339
-1.543	1.284	-0.054	0.366
-1.538	1.278	-0.032	3.746
-1.531	1.278	0.064	1.733
-1.527	1.273	0.107	0.915
-1.523	1.270	0.128	-0.743
-1.521	1.266	0.110	2.246
-1.515	1.259	0.166	-0.651
-1.504	1.255	0.142	0.298
-1.498	1.254	0.145	-1.020
-1.492	1.245	0.121	-1.585
-1.486	1.238	0.073	-0.818
-1.478	1.234	0.051	0.973
-1.470	1.239	0.077	2.262
-1.461	1.235	0.132	1.787
-1.455	1.230	0.171	3.265
-1.451	1.227	0.236	1.262
-1.443	1.221	0.261	0.179
-1.431	1.219	0.265	-0.327
-1.427	1.212	0.246	0.580
-1.418	1.206	0.249	-0.136
-1.411	1.199	0.235	-0.427
-1.399	1.196	0.212	0.572
-1.392	1.187	0.213	-0.017
-1.385	1.183	0.212	1.303
-1.381	1.181	0.242	0.790
-1.375	1.178	0.257	1.279
-1.366	1.177	0.294	1.355
-1.361	1.174	0.330	-2.802
-1.356	1.169	0.263	-1.945
-1.348	1.164	0.216	-1.643
-1.338	1.160	0.171	-1.805
-1.333	1.154	0.129	-3.624
-1.324	1.150	0.036	-1.784
-1.315	1.144	-0.013	-2.218
-1.310	1.141	-0.065	-3.578
-1.302	1.138	-0.145	-2.726
-1.306	1.135	-0.214	-2.640
-1.284	1.129	-0.251	-0.433
-1.284	1.116	-0.266	-0.027
-1.281	1.120	-0.278	0.125
-1.278	1.108	-0.276	0.023
-1.272	1.108	-0.271	4.088
-1.270	1.109	-0.172	1.071
-1.272	1.105	-0.138	-0.148
-1.269	1.108	-0.129	-0.126
-1.262	1.108	-0.140	-0.335
-1.260	1.110	-0.148	-3.094
-1.261	1.097	-0.221	-2.050
-1.248	1.093	-0.274	-1.859
-1.252	1.083	-0.316	-1.543
-1.248	1.082	-0.345	-1.836
-1.242	1.079	-0.387	0.362
-1.235	1.076	-0.372	0.168
-1.234	1.071	-0.368	-0.232
-1.235	1.066	-0.353	1.010
-1.234	1.067	-0.317	-0.962
-1.227	1.068	-0.335	-2.139
-1.223	1.068	-0.378	-0.278
-1.216	1.062	-0.371	-1.123
-1.213	1.055	-0.382	0.378
-1.213	1.053	-0.359	0.267
-1.214	1.052	-0.335	-0.509
-1.210	1.048	-0.341	-4.305
-1.204	1.050	-0.437	1.295
-1.202	1.044	-0.392	0.988
-1.199	1.039	-0.353	1.694
-1.196	1.041	-0.301	4.678
-1.193	1.036	-0.184	2.092
-1.194	1.042	-0.126	3.035
-1.195	1.039	-0.044	1.547
-1.195	1.034	-0.008	-0.588
-1.190	1.033	-0.034	0.787
-1.187	1.028	-0.016	0.177
-1.186	1.026	0.001	1.062
-1.179	1.021	0.025	-2.232
-1.177	1.015	-0.035	-2.811
-1.180	1.009	-0.102	1.589
-1.178	1.006	-0.068	0.083
-1.169	1.001	-0.073	-0.887
-1.161	1.002	-0.089	-1.080
-1.161	0.999	-0.118	-0.849
-1.153	0.995	-0.135	-0.480
-1.147	0.987	-0.142	-1.928
-1.146	0.980	-0.187	-0.613
-1.142	0.978	-0.195	-1.845
-1.136	0.975	-0.229	-2.643
-1.137	0.973	-0.285	-2.124
-1.134	0.979	-0.317	-2.764
-1.134	0.972	-0.373	-1.587
-1.133	0.967	-0.392	-1.679
-1.124	0.968	-0.425	-0.418
-1.119	0.967	-0.423	-2.162
-1.112	0.962	-0.461	-1.164
-1.114	0.958	-0.468	1.133
-1.113	0.956	-0.431	-3.438
-1.110	0.957	-0.507	-1.063
-1.107	0.950	-0.491	-1.354
-1.104	0.948	-0.513	-3.363
-1.100	0.943	-0.594	-3.752
-1.094	0.940	-0.670	-1.648
-1.096	0.933	-0.693	-1.538
-1.091	0.932	-0.714	1.446
-1.088	0.934	-0.665	-0.164
-1.082	0.929	-0.658	0.294
-1.084	0.931	-0.633	0.883
-1.079	0.924	-0.583	0.216
-1.072	0.919	-0.564	-1.592
-1.077	0.920	-0.597	-0.647
-1.072	0.914	-0.593	-0.530
-1.067	0.909	-0.588	-3.093
-1.068	0.903	-0.643	0.617
-1.063	0.906	-0.611	-0.932
-1.050	0.893	-0.619	-2.519
-1.047	0.888	-0.664	-2.280
-1.048	0.889	-0.706	-2.448
-1.047	0.890	-0.745	-0.847
-1.047	0.890	-0.751	-0.934
-1.039	0.888	-0.750	-0.786
-1.038	0.886	-0.758	-1.071
-1.030	0.880	-0.776	-1.552
-1.027	0.872	-0.783	-0.744
-1.026	0.870	-0.791	-4.638
-1.023	0.873	-0.881	-0.420
-1.018	0.867	-0.870	-5.540
-1.017	0.863	-0.985	-2.550
-1.012	0.861	-1.016	0.137
-1.011	0.857	-0.989	-1.246
-1.010	0.852	-0.992	1.360
-1.007	0.853	-0.946	-0.696
-1.003	0.845	-0.940	-4.622
-1.004	0.840	-1.027	-3.044
-0.999	0.830	-1.082	-0.015
-0.993	0.820	-1.054	-1.943
-0.988	0.820	-1.076	-3.189
-0.979	0.820	-1.128	-3.619
-0.977	0.810	-1.188	-2.652
-0.973	0.805	-1.215	-1.085
-0.970	0.800	-1.220	-0.674
-0.968	0.796	-1.212	-3.333
-0.961	0.790	-1.274	0.615
-0.954	0.784	-1.230	-1.099
-0.952	0.779	-1.226	-1.367
-0.950	0.785	-1.229	-3.235
-0.949	0.790	-1.293	0.996
-0.944	0.786	-1.236	-1.916
-0.945	0.780	-1.259	-0.195
-0.943	0.776	-1.226	1.022
-0.940	0.776	-1.183	-2.315
-0.938	0.788	-1.209	-1.000
-0.930	0.780	-1.198	-1.221
-0.931	0.779	-1.206	-2.966
-0.925	0.781	-1.248	-2.355
-0.920	0.764	-1.270	-3.798
-0.912	0.759	-1.331	-2.532
-0.913	0.762	-1.352	-1.276
-0.917	0.761	-1.353	-3.592
-0.917	0.757	-1.413	-2.737
-0.911	0.752	-1.433	-0.395
-0.910	0.751	-1.401	-0.842
-0.898	0.744	-1.388	0.048
-0.900	0.742	-1.344	-4.004
-0.904	0.739	-1.411	-1.286
-0.901	0.744	-1.397	-0.068
-0.899	0.741	-1.354	-0.754
-0.894	0.736	-1.337	-1.486
-0.889	0.726	-1.348	-1.334
-0.887	0.724	-1.349	-1.540
-0.887	0.726	-1.369	-1.102
-0.885	0.724	-1.362	-0.737
-0.883	0.725	-1.354	-1.092
-0.004	-0.004	-0.007	1.294
-0.007	-0.009	0.026	1.235
-0.008	-0.002	0.063	1.187
-0.005	-0.003	0.100	1.141
-0.004	-0.005	0.121	3.003
0.003	-0.004	0.196	3.890
0.006	-0.005	0.285	2.981
0.001	-0.007	0.352	-0.208
0.004	-0.001	0.339	1.649
0.001	0.003	0.371	-0.458
0.002	0.004	0.349	0.132
0.003	0.010	0.347	-1.424
0.001	0.009	0.306	-1.155
-0.005	0.008	0.275	1.197
-0.001	0.012	0.292	1.164
-0.004	0.004	0.314	-1.268
-0.003	0.004	0.282	-1.153
-0.002	0.001	0.246	0.544
0.001	0.001	0.254	-0.194
-0.002	-0.000	0.246	0.388
-0.000	0.001	0.237	1.802
-0.003	0.007	0.281	2.430
-0.005	0.009	0.332	3.830
-0.011	0.016	0.418	3.805
-0.018	0.014	0.502	4.323
-0.022	0.011	0.596	7.667
-0.021	0.011	0.769	9.680
-0.021	0.009	0.982	10.695
-0.023	0.009	1.221	10.349
-0.026	0.008	1.435	11.888
-0.025	0.009	1.695	12.604
-0.022	0.008	1.952	14.099
-0.023	0.006	2.248	13.116
-0.016	0.003	2.504	13.248
-0.011	-0.001	2.774	12.063
-0.012	0.000	2.998	13.429
-0.008	-0.002	3.256	13.497
-0.005	-0.005	3.504	15.216
-0.004	-0.002	3.793	14.415
-0.000	-0.001	4.048	12.115
-0.001	-0.006	4.246	14.764
0.000	-0.004	4.496	15.746
-0.003	-0.010	4.760	15.652
-0.001	-0.009	5.020	14.822
-0.001	-0.013	5.251	13.742
0.004	-0.014	5.460	16.965
0.002	-0.020	5.738	14.879
0.003	-0.023	5.959	15.728
-0.000	-0.028	6.194	13.906
-0.002	-0.027	6.381	13.680
0.001	-0.028	6.554	14.077
0.009	-0.028	6.741	14.238
0.011	-0.026	6.912	13.907
0.015	-0.024	7.078	13.701
0.017	-0.021	7.241	14.664
0.019	-0.021	7.430	13.604
0.015	-0.017	7.578	14.132
0.011	-0.015	7.746	13.468
0.014	-0.011	7.881	14.048
0.014	-0.004	8.022	13.943
0.016	-0.003	8.153	12.649
0.011	-0.001	8.260	13.379
0.013	-0.000	8.390	14.449
0.016	0.004	8.542	14.136
0.022	0.003	8.682	14.609
0.025	0.000	8.818	12.763
0.027	0.003	8.918	14.076
0.023	0.006	9.040	14.318
0.020	0.007	9.154	14.753
0.016	0.005	9.282	13.417
0.021	0.006	9.385	12.805
0.018	-0.000	9.474	13.152
0.016	-0.002	9.552	16.210
0.010	-0.005	9.666	14.458
0.004	-0.000	9.775	15.048
0.006	0.003	9.886	15.309
0.010	0.004	10.033	14.048
0.016	0.008	10.133	14.001
0.017	0.002	10.220	13.971
0.026	-0.001	10.263	14.089
0.029	-0.003	10.291	14.209
0.029	0.009	10.341	13.220
0.021	0.030	10.416	13.238
-0.021	0.059	10.545	11.749
-0.008	0.046	10.640	12.568
0.135	-0.077	10.660	15.288
0.048	0.032	10.821	14.345
0.041	0.051	10.967	14.841
0.073	0.020	11.063	14.552
0.120	-0.007	11.177	14.283
0.157	0.008	11.308	16.242
0.252	0.045	11.468	14.299
0.464	0.085	11.602	16.458
0.820	0.082	11.793	14.159
1.250	0.094	11.920	12.810
1.742	0.158	11.979	12.200
2.272	0.295	12.051	11.311
2.860	0.486	12.100	10.233
3.475	0.779	12.067	11.739
4.020	1.162	12.048	10.577
4.270	1.695	12.030	8.655
4.325	2.316	12.133	8.988
4.112	3.111	12.049	10.306
3.875	3.882	12.056	12.165
3.574	4.636	11.982	14.639
3.111	5.501	12.024	13.477
2.485	6.521	12.034	18.443
1.939	7.493	12.146	20.505
1.532	8.483	12.337	26.699
1.213	9.663	12.660	26.524
1.006	11.087	12.994	31.681
0.988	12.698	13.403	35.661
1.125	14.495	13.903	38.147
1.226	16.469	14.367	46.582
1.307	18.541	14.958	54.440
1.265	20.639	15.603	58.897
1.185	22.613	16.333	69.427
0.895	24.454	17.143	75.066
0.486	26.036	18.036	79.293
-0.275	27.444	18.909	86.583
-0.872	28.136	19.950	85.259
-1.189	28.018	21.062	84.907
-1.295	27.383	22.330	84.703
-1.424	26.526	23.640	81.802
-1.998	25.851	24.848	81.632
-2.891	25.210	25.922	76.588
-3.560	23.948	26.794	72.148
-3.886	22.001	27.605	69.624
-4.012	19.550	28.445	63.339
-3.996	16.779	29.244	57.470
-3.937	13.826	29.971	50.719
-3.834	10.734	30.614	41.881
-3.641	7.590	31.100	36.711
-3.340	4.391	31.394	30.024
-2.989	1.242	31.408	24.043
-2.545	-1.878	31.206	19.548
-1.921	-4.991	30.861	13.974
-1.231	-7.923	30.333	11.118
-0.437	-10.651	29.742	6.955
0.480	-13.160	28.934	5.295
1.345	-15.293	27.986	3.889
2.127	-17.040	27.040	1.897
2.920	-18.496	25.867	0.967
3.735	-19.808	24.698	0.649
4.501	-21.016	23.609	-0.863
5.245	-22.153	22.569	-3.027
5.841	-23.019	21.541	-5.049
6.198	-23.536	20.693	-4.036
6.421	-23.728	19.953	-3.542
6.537	-23.600	19.293	-4.786
6.582	-23.114	18.680	-7.371
6.495	-22.171	17.981	-6.085
6.240	-20.591	17.262	-6.910
5.855	-18.413	16.493	-7.004
5.541	-15.762	15.684	-6.114
5.414	-12.795	14.801	-7.585
5.295	-9.465	13.896	-5.854
5.108	-5.818	13.096	-5.548
4.949	-2.014	12.240	-5.797
4.572	1.958	11.461	-3.012
4.143	5.762	10.797	2.204
3.768	9.270	10.405	8.355
3.279	12.457	10.141	17.076
2.607	15.323	10.143	24.655
1.687	17.772	10.332	41.567
0.651	19.738	10.891	51.367
-0.362	21.158	11.672	58.136
-1.336	22.141	12.620	63.228
-2.259	22.853	13.686	64.625
-3.068	23.299	14.788	66.709
-3.792	23.502	15.949	68.140
-4.350	23.323	17.111	69.307
-4.721	22.652	18.229	65.696
-4.696	21.215	19.313	64.756
-4.262	18.912	20.383	57.479
-3.496	15.801	21.379	50.427
-2.536	12.146	22.358	41.279
-1.489	8.171	23.235	30.903
-0.372	4.034	23.899	21.777
0.780	-0.148	24.275	13.104
1.784	-4.227	24.350	8.630
2.708	-8.254	24.269	3.490
3.731	-12.350	23.952	-1.645
5.134	-16.730	23.465	-2.424
6.297	-20.637	22.982	-3.465
7.245	-23.887	22.443	-4.170
7.866	-26.293	21.951	-5.646
8.403	-28.199	21.398	-5.634
9.007	-29.870	20.800	-6.473
9.602	-31.201	20.040	-4.025
9.853	-31.824	19.214	-4.616
9.568	-31.874	18.707	-4.634
9.111	-31.545	18.130	-6.255
8.794	-31.200	17.532	-6.580
8.729	-30.863	16.881	-6.041
8.634	-30.104	16.169	-6.007
8.215	-28.602	15.642	-5.577
8.028	-26.679	15.143	-6.110
8.132	-24.321	14.545	-8.928
8.132	-21.248	14.016	-9.281
7.728	-17.455	13.537	-8.781
7.174	-13.301	13.107	-9.870
6.718	-9.138	12.519	-9.992
6.235	-4.970	11.848	-6.338
5.396	-0.605	11.255	-5.103
3.939	4.104	10.784	-0.691
2.893	8.143	10.546	9.022
2.102	11.606	10.467	15.361
1.550	14.501	10.577	28.277
0.929	17.229	11.140	38.667
0.106	19.871	11.894	46.488
-0.656	22.148	12.745	57.754
-1.264	23.925	13.753	65.732
-1.888	25.252	14.800	69.480
-2.548	26.170	15.831	76.348
-3.108	26.665	16.909	74.854
-3.476	26.725	17.992	75.837
-3.749	26.511	19.123	76.265
-3.931	26.059	20.309	74.240
-4.039	25.369	21.432	71.379
-4.041	24.420	22.497	71.916
-3.987	23.203	23.501	66.544
-3.817	21.568	24.323	64.928
-3.538	19.479	25.071	60.862
-3.164	16.890	25.757	55.902
-2.719	13.791	26.308	45.543
-2.217	10.206	26.654	32.425
-1.646	6.245	26.797	25.787
-0.868	1.901	26.839	17.729
0.210	-2.774	26.747	11.496
1.309	-7.378	26.583	5.092
2.145	-11.561	26.328	0.712
2.717	-15.233	25.859	-0.208
3.223	-18.469	25.340	-3.955
3.795	-21.288	24.792	-3.280
4.586	-23.668	24.238	-3.824
5.444	-25.545	23.591	-4.282
6.189	-26.889	22.973	-5.020
6.867	-27.869	22.315	-4.333
7.512	-28.583	21.646	-5.529
8.037	-28.961	20.895	-4.628
8.302	-28.978	20.188	-5.505
8.443	-28.770	19.459	-6.918
8.606	-28.461	18.686	-17.633
8.796	-28.027	17.725	-8.183
8.935	-27.419	17.006	-6.402
9.013	-26.588	16.406	-7.459
9.073	-25.485	15.857	-7.847
9.146	-23.963	15.396	-7.635
9.173	-21.755	14.890	-9.000
8.892	-18.592	14.366	-11.256
8.315	-14.671	13.917	-10.154
7.639	-10.225	13.303	-11.202
6.867	-5.474	12.566	-8.699
5.918	-0.459	11.836	-6.592
4.802	4.658	11.053	-1.492
3.932	9.350	10.426	5.739
3.029	13.819	10.003	16.549
2.138	17.923	9.941	31.301
1.162	21.818	10.299	51.879
0.060	25.315	10.996	63.842
-0.909	28.024	11.845	79.706
-1.693	29.914	12.872	84.524
-2.299	31.157	13.954	85.865
-2.934	32.012	15.069	88.430
-3.554	32.537	16.289	89.834
-3.993	32.637	17.561	89.194
-4.125	32.288	18.950	88.479
-4.111	31.698	20.384	86.629
-4.135	31.006	21.751	84.376
-4.107	30.125	22.999	84.983
-4.118	28.960	24.161	80.432
-4.163	27.479	25.193	79.022
-4.256	25.552	26.100	73.509
-4.295	23.090	26.948	68.593
-4.131	19.903	27.733	62.916
-3.736	16.008	28.446	51.060
-3.194	11.590	29.015	43.467
-2.557	6.854	29.502	31.858
-1.665	1.858	29.776	19.023
-0.731	-2.995	29.803	11.987
0.232	-7.564	29.707	6.484
1.165	-11.733	29.306	2.405
1.930	-15.350	28.656	0.447
2.565	-18.482	28.016	-1.508
3.224	-21.207	27.336	-2.523
4.035	-23.519	26.729	-3.460
4.936	-25.356	26.149	-3.338
5.662	-26.593	25.557	-4.719
6.241	-27.539	24.943	3.153
6.838	-28.436	24.320	-4.788
7.372	-29.218	23.542	-5.791
7.833	-29.762	22.755	-4.715
8.148	-29.924	22.092	-4.581
8.471	-29.797	21.498	-3.267
8.799	-29.455	20.967	-5.815
9.034	-28.900	20.417	-5.323
9.189	-28.098	19.834	-6.414
9.291	-27.039	19.200	-5.744
9.378	-25.613	18.663	-8.563
9.489	-23.750	18.112	-8.096
9.438	-21.058	17.637	-9.619
9.056	-17.502	17.072	-10.274
8.033	-13.053	16.691	-10.477
6.616	-8.055	16.264	-9.097
5.026	-2.715	15.724	-6.099
3.288	2.768	15.111	-1.085
1.231	8.258	14.544	7.846
-0.187	12.889	14.273	25.197
-1.314	16.917	14.408	34.161
-2.329	20.607	14.783	51.170
-3.489	24.130	15.485	58.557
-4.752	27.339	16.280	69.753
-5.751	29.853	17.220	76.850
-6.358	31.551	18.244	78.825
-6.770	32.598	19.250	79.626
-7.118	33.143	20.262	82.785
-7.240	33.176	21.383	83.340
-7.092	32.712	22.622	82.425
-6.843	31.935	23.920	82.539
-6.691	31.004	25.216	79.952
-6.643	29.864	26.416	80.510
-6.646	28.374	27.518	76.749
-6.622	26.340	28.431	75.932
-6.457	23.435	29.216	68.461
-6.250	19.854	29.891	59.410
-6.036	15.654	30.495	52.982
-5.802	11.027	31.044	41.994
-5.477	6.012	31.435	32.690
-4.925	0.684	31.732	23.007
-3.959	-4.809	31.871	13.776
-2.634	-10.295	31.922	10.365
-1.503	-14.892	31.753	5.657
-0.554	-18.390	31.360	3.028
0.146	-20.864	31.060	0.912
0.989	-22.762	30.519	0.761
1.952	-24.316	29.894	0.097
2.790	-25.513	29.166	-0.392
3.435	-26.314	28.413	-0.957
4.050	-26.787	27.599	-2.073
4.723	-27.094	26.772	-2.046
5.240	-27.048	25.934	-1.751
5.517	-26.669	25.198	-2.820
5.743	-26.122	24.457	-3.023
5.881	-25.401	23.765	-4.557
5.894	-24.519	23.108	-5.160
5.818	-23.416	22.482	-4.596
5.865	-22.148	21.809	-4.808
5.989	-20.542	21.146	-4.623
6.099	-18.360	20.521	-6.305
6.120	-15.306	19.745	-6.823
5.864	-11.394	18.909	-7.048
5.287	-6.822	18.017	-6.616
4.480	-1.958	17.033	-5.361
3.460	3.121	16.059	0.550
2.295	8.255	15.192	4.407
1.091	13.231	14.360	17.976
-0.050	17.787	13.921	30.433
-1.181	21.905	13.878	46.492
-2.411	25.668	14.178	66.670
-3.754	29.121	14.816	69.884
-5.036	31.937	15.482	79.981
-6.128	33.981	16.327	83.138
-6.878	35.118	17.330	86.082
-7.325	35.585	18.534	85.724
-7.628	35.536	19.944	88.913
-7.818	35.022	21.475	86.442
-7.749	33.974	23.137	85.416
-7.486	32.500	24.853	83.423
-7.149	30.691	26.468	79.340
-6.764	28.604	27.932	79.496
-6.319	26.132	29.260	74.334
-5.843	23.268	30.441	69.685
-5.462	20.116	31.486	59.666
-5.223	16.788	32.215	54.667
-5.027	13.280	32.783	44.623
-4.808	9.637	33.204	35.313
-4.470	5.848	33.547	29.819
-4.156	2.174	33.794	22.515
-3.825	-1.409	33.976	17.753
-3.971	-4.268	33.947	14.136
-4.456	-6.474	33.850	10.838
-4.961	-8.170	33.562	11.683
-5.211	-9.489	33.066	11.500
-5.344	-10.247	32.493	9.850
-5.508	-10.347	31.898	9.299
-5.633	-9.858	31.145	9.421
-5.737	-8.940	30.280	7.762
-5.791	-7.764	29.363	8.642
-5.735	-6.522	28.482	9.138
-5.475	-5.427	27.607	10.159
-5.116	-4.354	26.886	10.387
-4.776	-3.369	26.268	10.965
-4.567	-2.510	25.706	13.003
-4.422	-1.875	25.280	12.732
-4.263	-1.395	24.834	13.252
-4.074	-0.934	24.415	12.476
-3.863	-0.495	24.005	12.062
-3.613	-0.126	23.662	12.330
-3.373	0.139	23.399	11.850
-3.193	0.419	23.194	11.212
-3.063	0.639	22.974	12.787
-2.851	0.728	22.779	12.012
-2.608	0.705	22.589	11.569
-2.484	0.731	22.370	12.585
-2.495	0.770	22.144	12.358
-2.541	0.720	21.974	11.613
-2.555	0.631	21.846	11.467
-2.481	0.571	21.711	10.384
-2.254	0.616	21.510	12.592
-1.853	0.697	21.326	10.651
-1.381	0.868	21.100	11.746
-0.940	1.055	20.893	11.335
-0.542	1.240	20.677	9.911
-0.173	1.344	20.397	11.950
-0.038	1.526	20.201	9.531
0.015	1.706	20.028	10.945
0.101	1.809	19.786	9.535
0.243	1.832	19.519	9.500
0.327	1.830	19.238	9.699
0.336	1.780	18.913	8.712
0.265	1.715	18.641	8.211
0.238	1.603	18.365	8.436
0.344	1.514	18.154	8.349
0.615	1.528	17.945	9.132
0.977	1.587	17.729	8.929
0.996	1.415	17.293	6.155
0.569	1.566	17.340	8.859
0.468	1.451	17.134	8.816
0.467	1.238	16.840	9.178
0.539	0.869	16.754	9.289
1.108	0.328	16.567	7.152
0.934	0.390	16.130	5.733
0.383	0.698	15.840	6.395
-0.060	1.036	15.712	9.177
-0.251	1.133	15.434	9.549
-0.047	0.803	15.258	9.879
-0.317	1.130	15.096	7.860
-0.469	1.329	14.955	9.607
-0.462	1.194	14.682	9.190
-0.299	1.116	14.616	9.865
-0.148	0.933	14.579	8.150
-0.287	1.067	14.261	9.135
-0.570	1.341	14.169	9.228
-0.676	1.405	14.055	8.903
-0.524	1.262	13.972	11.005
-0.317	1.049	13.873	9.632
-0.446	1.178	13.798	9.610
-0.553	1.284	13.678	8.535
-0.560	1.293	13.551	9.120
-0.479	1.198	13.448	8.703
-0.420	1.122	13.244	9.760
-0.507	1.200	13.167	8.866
-0.554	1.236	13.072	6.535
-0.509	1.188	12.971	9.181
-0.472	1.121	12.877	8.872
-0.502	1.154	12.748	7.915
-0.526	1.174	12.596	9.159
-0.508	1.146	12.527	9.702
-0.492	1.120	12.500	9.382
-0.494	1.131	12.438	9.550
-0.503	1.146	12.345	9.270
-0.501	1.137	12.238	8.659
-0.487	1.125	12.142	8.730
-0.481	1.117	12.068	7.364
-0.496	1.123	11.969	8.831
-0.497	1.122	11.893	10.654
-0.479	1.098	11.843	10.504
-0.474	1.087	11.809	8.822
-0.485	1.093	11.747	9.429
-0.472	1.081	11.718	10.648
-0.457	1.053	11.703	10.284
-0.462	1.054	11.651	11.491
-0.478	1.067	11.633	10.702
-0.468	1.052	11.610	11.879
-0.453	1.030	11.636	9.460
-0.463	1.039	11.587	9.960
-0.474	1.052	11.554	11.600
-0.452	1.034	11.555	10.378
-0.446	1.020	11.528	9.835
-0.496	1.029	11.497	9.126
-0.493	1.013	11.440	8.663
-0.479	1.002	11.382	10.207
-0.480	1.005	11.351	9.821
-0.480	1.003	11.315	9.371
-0.468	0.992	11.261	11.051
-0.462	0.992	11.268	8.810
-0.465	0.995	11.206	6.988
-0.461	0.986	11.120	8.227
-0.449	0.979	11.053	7.036
-0.454	0.981	10.968	4.671
-0.454	0.982	10.828	6.671
-0.449	0.974	10.738	3.918
-0.449	0.971	10.578	3.759
-0.447	0.966	10.408	2.570
-0.437	0.955	10.213	-1.306
-0.447	0.958	9.980	-2.479
-0.561	1.088	10.096	-2.582
-0.393	0.944	9.962	-3.106
0.001	0.570	9.668	-4.092
0.131	0.461	9.403	-6.121
-0.422	1.015	9.029	-6.177
-0.485	1.065	8.788	-4.510
-0.353	0.920	8.392	-3.248
-0.135	0.704	8.014	-4.209
-0.205	0.782	7.641	-5.494
-0.403	0.974	7.432	-2.512
-0.431	1.001	7.255	-3.857
-0.310	0.878	7.016	-2.736
-0.214	0.840	6.688	-2.506
-0.315	0.947	6.411	-2.434
-0.365	1.003	6.232	-2.497
-0.324	0.955	6.088	-2.700
-0.253	0.878	5.900	-1.448
-0.292	0.922	5.690	-1.766
-0.325	0.961	5.466	-3.917
-0.297	0.927	5.242	-3.911
-0.265	0.883	5.048	-4.106
-0.279	0.899	4.873	-3.683
-0.294	0.918	4.647	-4.035
-0.278	0.905	4.406	-2.655
-0.262	0.891	4.222	-3.166
-0.270	0.901	4.064	-3.634
-0.281	0.907	3.894	-2.914
-0.277	0.903	3.726	-3.481
-0.268	0.892	3.539	-1.984
-0.268	0.895	3.393	-3.983
-0.273	0.892	3.227	-4.286
-0.279	0.887	3.067	-1.121
-0.259	0.864	2.969	-3.183
-0.270	0.881	2.824	-2.797
-0.270	0.878	2.671	-2.342
-0.274	0.884	2.565	-4.488
-0.261	0.874	2.405	-1.890
-0.254	0.872	2.308	-2.800
-0.264	0.874	2.183	-4.066
-0.253	0.863	2.037	-1.272
-0.242	0.841	1.948	-2.579
-0.254	0.859	1.852	-4.448
-0.252	0.859	1.711	-4.669
-0.249	0.846	1.562	-5.327
-0.249	0.844	1.386	-4.060
-0.249	0.844	1.254	-5.297
-0.257	0.848	1.102	-2.733
-0.242	0.832	1.015	-2.812
-0.237	0.832	0.937	-3.229
-0.253	0.849	0.844	-2.476
-0.244	0.839	0.767	-3.650
-0.241	0.832	0.671	-2.821
-0.250	0.844	0.593	-3.015
-0.240	0.840	0.505	-4.537
-0.241	0.829	0.397	-3.984
-0.243	0.820	0.285	-3.666
-0.243	0.820	0.192	-3.193
-0.237	0.813	0.114	-3.952
-0.235	0.804	0.010	-4.021
-0.241	0.811	-0.087	-2.117
-0.237	0.810	-0.135	-2.518
-0.236	0.804	-0.198	-3.698
-0.238	0.800	-0.288	-3.380
-0.240	0.805	-0.371	-2.692
-0.238	0.795	-0.421	-1.959
-0.240	0.790	-0.458	-2.830
-0.243	0.791	-0.517	-2.420
-0.240	0.789	-0.562	-2.922
-0.237	0.782	-0.619	-1.182
-0.242	0.781	-0.623	-3.311
-0.242	0.774	-0.672	-2.833
-0.235	0.771	-0.724	-4.098
-0.236	0.769	-0.802	-0.838
-0.239	0.769	-0.806	-3.837
-0.242	0.764	-0.873	-2.276
-0.238	0.756	-0.897	-0.473
-0.240	0.749	-0.889	-3.807
-0.241	0.747	-0.967	-0.305
-0.233	0.737	-0.917	-3.605
-0.227	0.731	-0.970	-3.327
-0.227	0.728	-1.030	-1.370
-0.226	0.721	-1.042	-3.874
-0.224	0.719	-1.109	-2.707
-0.232	0.717	-1.148	-2.015
-0.232	0.719	-1.166	-4.408
-0.231	0.715	-1.234	-3.308
-0.230	0.712	-1.289	-3.617
-0.233	0.706	-1.392	-3.169
-0.224	0.703	-1.431	-2.750
-0.221	0.693	-1.463	-3.839
-0.218	0.696	-1.517	-3.362
-0.218	0.694	-1.549	-3.066
-0.212	0.691	-1.583	-3.539
-0.211	0.687	-1.630	-3.769
-0.211	0.686	-1.680	-2.993
-0.208	0.683	-1.705	-3.360
-0.209	0.675	-1.748	-3.434
-0.211	0.672	-1.793	-3.922
-0.213	0.672	-1.834	-4.916
-0.216	0.669	-1.899	-3.221
-0.217	0.672	-1.926	-3.844
-0.221	0.675	-1.967	-2.911
-0.222	0.670	-1.993	-2.318
-0.221	0.666	-1.995	-3.107
-0.223	0.664	-2.026	-2.200
-0.222	0.659	-2.025	-3.845
-0.223	0.648	-2.074	-2.702
-0.221	0.641	-2.092	-2.779
-0.221	0.639	-2.119	-1.615
-0.220	0.637	-2.109	-1.864
-0.221	0.635	-2.108	-3.150
-0.218	0.633	-2.130	-3.805
-0.215	0.630	-2.171	-4.329
-0.217	0.625	-2.228	-4.288
-0.215	0.624	-2.274	-3.211
-0.211	0.622	-2.299	-3.381
-0.208	0.615	-2.341	-1.735
-0.206	0.611	-2.328	-2.117
-0.201	0.612	-2.332	-2.581
-0.202	0.613	-2.334	-0.998
-0.196	0.609	-2.299	-1.042
-0.207	0.608	-2.275	-1.450
-0.211	0.606	-2.245	-2.730
-0.205	0.604	-2.259	-3.104
-0.210	0.602	-2.288	-2.199
-0.205	0.598	-2.296	-2.680
-0.202	0.594	-2.307	-0.749
-0.199	0.596	-2.266	-0.494
-0.198	0.587	-2.231	-1.032
-0.194	0.583	-2.201	-0.634
-0.189	0.581	-2.161	-0.796
-0.188	0.576	-2.134	-2.898
-0.187	0.569	-2.142	-0.376
-0.184	0.570	-2.100	-0.911
-0.185	0.567	-2.073	-0.768
-0.190	0.567	-2.044	-1.553
-0.183	0.563	-2.035	-1.076
-0.182	0.562	-2.007	-2.628
-0.178	0.556	-2.000	-0.935
-0.183	0.554	-1.982	-1.070
-0.189	0.548	-1.965	-2.875
-0.188	0.549	-1.986	-1.947
-0.186	0.541	-1.987	-3.560
-0.184	0.537	-2.018	-3.168
-0.180	0.538	-2.036	-5.455
-0.179	0.534	-2.123	-2.317
-0.179	0.533	-2.121	-1.995
-0.183	0.527	-2.125	-2.998
-0.180	0.528	-2.144	-2.534
-0.179	0.523	-2.148	-0.930
-0.182	0.521	-2.114	-2.895
-0.186	0.521	-2.168	-2.655
-0.186	0.517	-2.187	-3.123
-0.189	0.513	-2.198	-2.387
-0.193	0.512	-2.190	-2.381
-0.191	0.506	-2.191	-2.502
-0.186	0.502	-2.196	-1.204
-0.181	0.496	-2.174	1.622
-0.180	0.495	-2.074	-1.152
-0.179	0.493	-2.043	-0.496
-0.185	0.491	-2.000	0.433
-0.181	0.489	-1.953	-0.387
-0.178	0.481	-1.922	-1.527
-0.174	0.481	-1.914	-1.175
-0.175	0.481	-1.897	0.275
-0.170	0.468	-1.839	-3.144
-0.168	0.470	-1.868	-1.650
-0.167	0.466	-1.866	0.842
-0.160	0.467	-1.807	0.065
-0.162	0.462	-1.759	-0.870
-0.159	0.453	-1.743	-3.019
-0.156	0.449	-1.773	-1.049
-0.157	0.443	-1.749	-2.293
-0.155	0.440	-1.758	-1.907
-0.159	0.443	-1.762	-2.501
-0.150	0.443	-1.782	-1.573
-0.156	0.442	-1.771	-2.925
-0.159	0.442	-1.794	-2.061
-0.151	0.438	-1.805	-0.541
-0.156	0.441	-1.772	-2.480
-0.157	0.438	-1.802	-1.188
-0.154	0.431	-1.792	-1.991
-0.156	0.424	-1.789	-2.310
-0.156	0.420	-1.808	-2.223
-0.150	0.418	-1.814	-1.976
-0.148	0.420	-1.815	-3.157
-0.141	0.419	-1.854	-2.707
-0.140	0.418	-1.868	-3.785
-0.137	0.416	-1.920	-3.301
-0.136	0.411	-1.957	-3.067
-0.136	0.410	-1.996	-2.545
-0.134	0.406	-2.020	-3.575
-0.131	0.404	-2.051	-1.352
-0.126	0.397	-2.035	-3.086
-0.128	0.398	-2.063	-0.475
-0.127	0.397	-2.024	-1.757
-0.124	0.396	-2.012	-0.959
-0.114	0.392	-1.978	-1.959
-0.109	0.385	-1.965	-1.450
-0.111	0.380	-1.953	-3.387
-0.111	0.377	-1.985	-3.887
-0.116	0.376	-2.034	-3.206
-0.116	0.376	-2.053	-3.613
-0.116	0.373	-2.084	-2.965
-0.121	0.373	-2.089	-3.437
-0.121	0.367	-2.125	-4.793
-0.120	0.365	-2.192	-2.748
-0.121	0.366	-2.209	-2.783
-0.119	0.363	-2.225	-2.201
-0.119	0.358	-2.231	-1.684
-0.117	0.362	-2.229	-0.702
-0.118	0.360	-2.196	-3.076
-0.120	0.358	-2.221	-3.315
-0.002	-0.005	0.006	1.226
-0.004	-0.007	0.042	-0.074
-0.006	-0.008	0.045	-0.313
-0.004	-0.013	0.037	-0.592
-0.006	-0.014	0.022	0.180
-0.003	-0.015	0.037	0.499
-0.004	-0.018	0.004	0.712
-0.004	-0.019	0.029	0.150
-0.003	-0.017	0.034	0.053
-0.001	-0.017	0.045	0.238
-0.003	-0.014	0.061	-0.100
-0.003	-0.011	0.065	-0.542
-0.004	-0.005	0.039	0.624
-0.010	-0.005	0.059	0.205
-0.001	-0.008	0.054	0.132
-0.003	-0.010	0.059	-0.105
-0.008	-0.009	0.060	0.036
-0.011	-0.008	0.069	-0.639
-0.011	-0.010	0.054	0.809
-0.011	-0.009	0.079	-0.875
-0.016	-0.011	0.051	-2.426
-0.015	-0.005	-0.000	-0.239
-0.018	-0.005	-0.000	1.200
-0.016	-0.004	0.034	-0.351
-0.010	0.002	0.030	0.131
-0.007	-0.000	0.025	-0.707
-0.007	0.006	0.010	0.144
-0.011	0.005	0.015	0.182
-0.009	0.003	0.019	-0.659
-0.013	0.004	0.007	0.203
-0.012	0.001	0.018	-1.828
-0.017	0.004	-0.021	-1.251
-0.020	0.000	-0.036	-0.002
-0.017	0.001	-0.037	0.678
-0.016	0.001	-0.020	1.065
-0.013	0.001	0.004	0.909
-0.013	0.002	0.026	0.526
-0.014	-0.002	0.035	2.476
-0.020	-0.004	0.090	0.281
-0.024	0.001	0.096	1.851
-0.024	-0.002	0.138	0.872
-0.017	0.001	0.149	1.346
-0.020	0.015	0.179	2.050
-0.015	0.008	0.252	1.728
-0.019	0.017	0.311	2.886
-0.012	0.011	0.364	4.037
-0.010	0.004	0.474	1.645
-0.015	0.008	0.487	1.626
-0.012	0.008	0.516	2.051
-0.015	0.004	0.553	2.060
-0.014	0.003	0.595	1.553
-0.004	0.007	0.624	1.075
-0.013	0.009	0.647	2.905
-0.013	0.009	0.698	2.393
-0.012	0.005	0.737	1.165
-0.015	0.007	0.737	3.515
-0.013	0.006	0.811	0.374
-0.011	0.006	0.793	-0.134
-0.014	0.010	0.776	1.712
-0.007	0.007	0.790	0.340
-0.010	0.008	0.787	1.060
-0.006	0.006	0.791	1.135
-0.002	0.013	0.790	1.104
-0.005	0.009	0.804	1.973
-0.004	0.011	0.822	1.355
-0.006	0.010	0.831	0.124
-0.009	0.009	0.817	0.724
-0.013	0.009	0.815	2.447
-0.013	0.006	0.863	0.821
-0.010	0.004	0.852	-0.608
-0.008	0.005	0.813	0.349
-0.005	0.011	0.808	1.163
0.002	0.015	0.813	-0.399
0.004	0.009	0.789	-0.320
-0.002	0.010	0.762	1.540
-0.005	0.006	0.777	-1.417
-0.008	0.006	0.724	0.422
-0.001	0.003	0.735	0.235
-0.008	0.007	0.747	-1.686
-0.008	0.015	0.703	0.124
-0.007	0.013	0.688	-0.168
-0.003	0.013	0.670	-1.048
-0.004	0.015	0.630	2.697
-0.002	0.014	0.674	2.823
0.001	0.007	0.728	2.543
-0.003	0.005	0.762	-0.153
-0.007	0.003	0.727	1.631
-0.000	0.000	0.738	2.724
-0.003	0.002	0.777	1.082
-0.005	0.005	0.790	0.717
-0.007	0.010	0.786	-0.303
-0.004	0.011	0.771	1.790
-0.008	0.014	0.806	-0.697
-0.009	0.012	0.779	-1.091
-0.012	0.014	0.728	-0.704
-0.013	0.011	0.687	-1.597
-0.020	0.019	0.631	-0.545
-0.019	0.024	0.621	0.110
-0.017	0.029	0.615	1.720
-0.018	0.032	0.640	1.790
-0.022	0.034	0.658	0.287
-0.020	0.027	0.657	-0.036
-0.026	0.024	0.647	-0.360
-0.023	0.024	0.620	1.506
-0.020	0.022	0.637	-0.378
-0.016	0.019	0.615	-0.313
-0.018	0.023	0.594	-0.502
-0.019	0.022	0.585	1.446
-0.021	0.025	0.603	-0.526
-0.020	0.027	0.570	1.449
-0.019	0.028	0.595	2.259
-0.019	0.028	0.635	0.424
-0.016	0.032	0.635	0.136
-0.014	0.029	0.638	0.819
-0.015	0.031	0.645	1.182
-0.016	0.032	0.659	0.026
-0.016	0.035	0.643	1.253
-0.015	0.033	0.659	0.031
-0.010	0.034	0.660	1.032
-0.005	0.036	0.669	1.594
-0.005	0.036	0.688	1.523
-0.008	0.033	0.706	1.444
-0.013	0.031	0.724	0.704
-0.015	0.032	0.721	2.187
-0.020	0.039	0.756	1.571
-0.020	0.038	0.774	2.247
-0.018	0.038	0.812	1.412
-0.017	0.034	0.820	1.613
-0.010	0.034	0.839	2.389
0.001	0.032	0.875	2.474
0.001	0.031	0.898	1.189
-0.002	0.027	0.903	0.210
-0.007	0.028	0.885	1.419
-0.007	0.021	0.893	1.957
-0.006	0.019	0.916	1.713
-0.008	0.023	0.933	3.673
-0.005	0.026	0.996	1.883
-0.006	0.029	1.039	2.243
-0.042	0.067	1.145	2.629
-0.171	0.190	1.370	2.678
-0.098	0.090	1.562	3.845
0.209	-0.258	1.588	3.219
0.379	-0.438	1.510	2.421
-0.056	-0.019	1.520	1.625
-0.258	0.201	1.550	3.025
-0.274	0.237	1.604	4.488
-0.043	0.025	1.740	2.530
0.237	-0.307	1.726	1.592
0.019	-0.493	1.775	-0.879
-0.304	-0.611	1.992	1.788
-0.290	-0.960	1.992	3.091
0.340	-1.970	1.904	1.466
0.880	-2.886	1.730	0.136
0.718	-2.877	1.597	-1.657
0.401	-2.281	1.501	-0.154
0.189	-1.211	1.504	-0.834
0.449	-0.042	1.484	-0.257
1.079	1.302	1.533	1.879
1.227	3.545	1.513	3.513
1.044	6.292	1.574	3.973
0.432	9.318	1.551	10.027
-0.118	12.009	1.736	15.214
-0.418	14.211	2.038	23.892
-0.484	15.686	2.477	36.166
-0.524	16.657	3.157	40.226
-0.494	16.844	3.847	40.754
-0.343	16.107	4.501	41.550
-0.040	14.415	5.202	38.344
0.427	11.742	5.967	29.858
1.029	8.428	6.705	18.808
1.697	4.647	7.286	8.473
2.703	0.118	7.766	3.842
3.989	-4.792	8.197	-4.643
5.862	-10.204	8.543	-6.358
7.058	-14.790	8.442	-9.178
7.761	-18.134	8.497	-10.556
8.102	-20.168	8.674	-11.754
8.840	-21.615	8.690	-10.499
9.177	-21.689	8.163	-9.022
8.984	-20.316	7.989	-11.770
8.540	-17.470	7.579	-11.029
8.672	-13.983	7.016	-11.639
8.860	-9.952	6.019	-13.102
8.371	-5.247	5.181	-13.766
7.057	-0.634	4.555	-12.176
6.105	3.780	3.736	-6.153
5.418	7.854	3.076	0.162
4.698	11.180	2.725	11.401
3.821	13.882	2.720	20.610
2.853	15.815	2.921	33.027
1.978	16.725	3.369	40.742
1.279	16.401	4.012	39.271
0.931	14.441	4.730	34.987
0.945	10.766	5.399	27.168
1.188	6.028	6.065	17.237
1.606	1.099	6.682	9.193
2.100	-3.302	7.144	2.527
2.851	-7.402	7.501	-2.373
3.371	-11.731	7.492	-4.577
3.768	-15.600	7.260	-7.998
3.888	-18.478	6.987	-7.350
3.915	-20.311	6.806	-6.287
4.232	-21.265	6.494	-6.960
4.505	-21.409	6.087	-6.671
4.494	-19.844	5.771	-7.842
4.281	-16.940	5.446	-8.335
4.131	-13.202	5.086	-8.291
4.053	-9.058	4.598	-8.332
3.801	-4.582	3.944	-6.921
3.182	-0.137	3.369	-3.918
1.851	4.148	3.160	-2.936
1.269	8.642	3.175	11.641
0.850	12.490	3.262	16.169
0.624	15.291	3.693	29.551
0.449	17.179	4.376	38.987
0.441	17.789	5.113	45.436
0.678	16.988	5.814	45.954
1.323	14.161	6.484	43.618
2.245	9.640	7.171	27.130
3.354	4.360	7.771	14.307
4.280	-0.493	8.140	1.195
5.089	-4.769	8.412	-6.384
5.420	-9.045	8.484	-9.140
5.431	-13.397	8.322	-9.707
5.191	-17.394	8.067	-10.565
4.878	-20.720	7.745	-9.163
4.522	-23.168	7.466	-7.351
4.223	-24.484	7.108	-6.257
3.907	-24.801	6.737	-9.817
3.594	-23.555	6.204	-7.769
3.272	-20.713	5.745	-7.884
2.997	-16.641	5.118	-8.614
2.652	-11.754	4.396	-8.027
2.191	-6.686	3.587	-7.089
1.514	-1.993	2.744	-7.390
0.421	2.133	2.047	-2.075
-0.685	6.762	1.550	6.064
-1.846	11.365	1.338	14.376
-2.747	14.939	1.392	28.382
-3.345	17.162	1.734	35.301
-3.642	17.611	2.180	44.160
-3.640	16.702	2.888	43.576
-3.092	13.620	3.777	37.430
-2.128	8.619	4.810	25.093
-0.894	3.216	5.826	14.301
0.460	-1.576	6.643	1.402
1.674	-5.561	7.238	-3.581
2.542	-10.224	7.716	-6.668
3.198	-15.131	7.810	-8.594
3.747	-19.204	7.748	-8.655
4.360	-22.221	7.681	-8.226
5.253	-24.177	7.487	-7.928
6.104	-25.207	7.057	-8.897
6.655	-24.398	6.776	-9.588
7.123	-21.791	6.346	-9.695
7.457	-17.661	5.714	-13.024
7.545	-12.655	4.957	-12.273
7.313	-7.242	3.990	-13.671
6.700	-2.250	2.929	-12.752
5.540	2.134	2.044	-9.682
4.237	6.605	1.428	-4.939
3.327	11.544	1.223	4.790
2.454	15.599	1.158	22.384
1.592	18.499	1.554	36.960
0.838	19.876	2.133	47.339
0.390	19.800	2.845	53.906
0.385	17.394	3.661	52.303
0.748	12.881	4.630	38.899
1.279	7.233	5.652	26.175
1.945	1.651	6.682	11.311
2.699	-3.148	7.476	-1.300
3.533	-7.118	8.054	-5.393
4.397	-11.779	8.634	-5.375
5.040	-17.183	8.741	-6.327
5.369	-21.766	8.765	-7.559
5.379	-25.227	8.833	-6.621
5.337	-27.657	8.759	-5.485
5.193	-29.199	8.545	-4.810
4.863	-29.570	8.324	-4.279
4.328	-28.046	7.891	-5.125
3.652	-24.796	7.397	-4.144
2.979	-20.331	6.790	-6.558
2.156	-14.939	6.067	-6.961
1.170	-9.478	5.248	-7.656
0.114	-4.659	4.423	-6.049
-1.027	-0.523	3.768	-2.278
-2.476	3.910	3.330	3.263
-3.504	8.832	3.314	12.024
-4.383	13.304	3.504	20.697
-5.020	16.851	4.049	31.630
-5.335	19.265	4.918	38.126
-5.401	20.524	5.843	46.561
-5.350	20.918	6.786	48.713
-4.864	19.583	7.749	49.772
-3.910	16.318	8.788	42.762
-2.657	11.755	9.821	36.960
-1.275	6.597	10.857	24.637
0.010	1.842	11.611	13.203
1.087	-2.359	12.143	3.933
2.321	-6.727	12.470	-3.516
3.301	-11.360	12.261	-5.022
3.802	-15.634	11.971	-8.508
3.902	-19.310	11.718	-7.404
4.089	-22.504	11.229	-6.312
4.399	-25.208	10.762	-5.187
4.650	-27.276	10.381	-4.359
4.837	-28.596	10.071	-4.948
4.970	-28.863	9.770	-5.437
4.967	-27.804	9.414	-6.210
4.709	-25.482	9.040	-7.241
4.381	-22.334	8.526	-7.672
4.012	-18.543	7.808	-8.454
3.439	-14.327	6.979	-8.686
2.772	-10.067	6.126	-9.322
2.074	-6.081	5.314	-6.875
1.465	-2.377	4.757	-3.664
0.491	2.022	4.371	0.748
-0.777	6.744	4.249	7.852
-1.769	11.106	4.494	17.949
-2.425	14.730	4.871	27.606
-2.838	17.604	5.514	38.330
-3.033	19.559	6.366	48.134
-3.022	20.641	7.292	52.915
-2.775	20.734	8.172	53.295
-2.117	19.296	9.061	54.720
-1.134	16.432	10.028	45.391
0.031	12.564	10.946	35.217
1.254	8.246	11.744	26.325
2.555	3.815	12.434	10.751
3.842	-0.385	12.657	2.182
5.135	-4.502	12.611	-3.998
5.823	-8.546	12.322	-7.056
6.114	-12.560	12.043	-9.301
6.064	-16.156	11.599	-10.520
5.808	-19.179	11.074	-10.434
5.522	-21.744	10.615	-9.452
5.454	-23.858	10.136	-9.861
5.477	-25.433	9.633	-7.952
5.234	-25.881	8.941	-9.125
4.682	-25.087	8.539	-8.321
4.202	-23.224	8.041	-8.765
3.998	-20.609	7.360	-8.774
3.610	-17.281	6.483	-7.955
2.886	-13.605	5.698	-9.397
1.918	-10.033	4.922	-9.040
0.778	-6.718	4.072	-6.024
-0.423	-3.657	3.580	-3.636
-1.525	-0.853	3.304	-0.069
-2.515	1.572	3.296	4.329
-3.323	3.430	3.628	8.876
-3.934	4.719	4.021	12.756
-4.271	5.407	4.418	16.640
-4.364	5.709	4.803	18.753
-4.241	5.663	5.154	17.513
-4.013	5.407	5.437	15.683
-3.700	4.954	5.653	14.761
-3.287	4.307	5.916	14.728
-2.718	3.491	6.177	11.188
-2.138	2.707	6.345	7.998
-1.509	1.931	6.392	4.639
-1.114	1.439	6.323	3.332
-0.913	1.111	6.210	2.158
-0.837	0.930	6.137	2.631
-0.705	0.734	6.038	1.457
-0.674	0.688	5.966	2.508
-0.825	0.913	5.960	0.261
-0.786	1.061	5.881	3.495
-0.709	1.194	5.799	2.677
-0.576	1.263	5.749	2.027
-0.471	1.354	5.682	2.947
-0.281	1.409	5.675	4.402
-0.033	1.362	5.691	5.466
0.212	1.237	5.747	4.296
0.446	1.127	5.810	3.795
0.718	0.969	5.854	3.879
0.955	0.798	5.861	2.554
1.116	0.682	5.869	1.310
1.283	0.657	5.812	1.386
1.180	0.543	5.290	1.264
1.587	-0.207	5.412	0.799
1.048	-0.026	5.849	0.808
1.025	-0.018	5.495	1.864
0.812	0.034	5.080	2.141
0.376	0.294	5.182	4.046
0.162	0.070	5.513	1.944
-0.273	0.249	5.570	2.871
-0.356	0.257	5.503	2.548
-0.371	0.097	5.474	2.396
-0.549	0.030	5.745	2.313
-0.636	0.081	5.991	1.935
-0.739	0.110	5.914	4.265
-0.906	0.146	6.026	4.651
-0.836	0.027	6.262	3.036
-0.675	-0.152	6.353	3.808
-0.710	-0.056	6.257	4.637
-0.736	-0.066	6.197	3.449
-0.446	-0.129	6.087	5.594
-0.198	-0.093	5.866	3.236
-0.050	0.093	5.624	3.301
0.114	0.274	5.491	4.885
0.441	0.279	5.442	3.658
0.614	0.364	5.398	3.690
0.682	0.468	5.285	3.523
0.722	0.551	5.250	3.250
0.807	0.562	5.218	4.310
0.837	0.538	5.221	2.255
0.786	0.563	5.139	3.243
0.746	0.584	5.035	1.933
0.706	0.593	4.949	0.538
0.670	0.572	4.859	0.802
0.664	0.530	4.726	1.911
0.632	0.535	4.624	3.117
0.586	0.542	4.585	4.276
0.580	0.497	4.606	3.763
0.586	0.455	4.590	4.183
0.527	0.465	4.527	3.420
0.487	0.464	4.483	2.349
0.488	0.413	4.414	4.414
0.476	0.390	4.416	3.705
0.425	0.411	4.411	4.361
0.409	0.404	4.432	5.627
0.425	0.364	4.436	3.088
0.408	0.362	4.388	4.325
0.371	0.372	4.403	3.737
0.359	0.352	4.404	4.202
0.355	0.327	4.405	3.325
0.328	0.329	4.365	3.789
0.304	0.320	4.346	1.918
0.302	0.293	4.285	3.108
0.293	0.286	4.262	-0.203
0.271	0.291	4.168	0.823
0.274	0.283	4.097	0.543
0.276	0.271	4.000	3.337
0.256	0.271	3.943	2.834
0.248	0.262	3.921	0.976
0.245	0.237	3.856	2.466
0.228	0.232	3.813	2.810
0.214	0.229	3.774	3.068
0.214	0.206	3.755	3.111
0.211	0.202	3.745	2.753
0.198	0.207	3.722	2.795
0.197	0.196	3.704	2.671
0.197	0.179	3.678	4.627
0.186	0.181	3.688	3.438
0.165	0.181	3.685	3.153
0.161	0.166	3.671	2.453
0.158	0.157	3.652	3.215
0.146	0.158	3.631	3.745
0.143	0.155	3.628	3.594
0.152	0.143	3.642	5.001
0.148	0.144	3.679	2.910
0.141	0.151	3.672	3.529
0.149	0.140	3.663	3.997
0.146	0.133	3.668	4.575
0.130	0.131	3.691	4.885
0.119	0.130	3.735	3.328
0.117	0.122	3.730	3.950
0.111	0.123	3.729	4.368
0.102	0.175	3.747	2.143
0.107	0.160	3.723	5.184
0.115	0.148	3.765	4.315
0.106	0.153	3.782	4.153
0.104	0.151	3.792	1.992
0.103	0.142	3.746	2.814
0.093	0.140	3.720	1.925
0.086	0.141	3.678	2.515
0.080	0.129	3.662	0.657
0.073	0.121	3.583	3.321
0.067	0.119	3.590	2.921
0.064	0.115	3.574	2.536
0.072	0.110	3.550	2.810
0.073	0.112	3.516	2.679
0.067	0.112	3.502	1.388
0.068	0.102	3.474	2.248
0.061	0.101	3.450	2.095
0.054	0.113	3.414	4.647
0.053	0.105	3.433	3.994
0.048	0.097	3.434	4.230
0.041	0.102	3.461	5.656
0.041	0.098	3.528	4.476
0.043	0.099	3.564	2.241
0.041	0.103	3.519	2.695
0.044	0.107	3.480	2.325
0.046	0.101	3.437	3.761
0.046	0.090	3.452	4.103
0.040	0.094	3.470	4.003
0.036	0.091	3.480	4.465
0.033	0.080	3.497	4.751
0.029	0.082	3.522	3.952
0.022	0.087	3.534	3.496
0.033	0.087	3.541	3.937
0.035	0.091	3.547	4.435
0.030	0.093	3.561	4.727
0.032	0.090	3.583	2.013
0.031	0.084	3.542	3.626
0.024	0.088	3.549	2.336
0.021	0.083	3.514	3.250
0.018	0.082	3.474	3.258
0.026	0.081	3.457	2.592
0.024	0.083	3.444	3.714
0.032	0.090	3.463	4.402
0.038	0.091	3.490	1.815
0.040	0.095	3.455	4.167
0.036	0.090	3.472	4.039
0.038	0.088	3.469	3.054
0.035	0.091	3.488	3.682
0.026	0.086	3.501	3.623
0.026	0.084	3.495	4.371
0.025	0.082	3.511	2.867
0.026	0.083	3.501	2.409
0.031	0.085	3.476	2.821
0.036	0.086	3.471	4.199
0.035	0.087	3.496	3.334
0.033	0.090	3.500	2.731
0.035	0.086	3.489	2.564
0.039	0.086	3.468	2.778
0.033	0.083	3.453	3.557
0.030	0.082	3.459	3.369
0.022	0.077	3.444	3.276
0.025	0.079	3.435	1.887
0.065	0.078	3.392	2.229
0.066	0.081	3.368	2.382
0.066	0.083	3.341	2.366
0.067	0.085	3.314	3.151
0.067	0.089	3.315	3.311
0.062	0.083	3.314	2.227
0.058	0.083	3.290	2.335
0.051	0.081	3.273	4.372
0.048	0.075	3.298	3.491
0.045	0.071	3.313	2.134
0.039	0.074	3.281	3.736
0.043	0.076	3.294	1.693
0.043	0.078	3.252	0.302
0.043	0.074	3.176	3.124
0.044	0.075	3.182	5.059
0.046	0.068	3.220	4.718
0.043	0.070	3.263	3.038
0.037	0.073	3.261	1.418
0.035	0.069	3.213	2.625
0.041	0.062	3.205	2.230
0.035	0.069	3.196	1.966
0.040	0.069	3.168	0.718
0.049	0.068	3.112	0.481
0.051	0.072	3.048	1.850
0.046	0.075	3.025	2.724
0.049	0.070	3.028	2.310
0.048	0.066	3.015	2.017
0.045	0.065	2.990	4.587
0.035	0.067	3.032	3.415
0.031	0.064	3.045	1.509
0.029	0.069	3.009	1.630
0.031	0.071	2.980	1.574
0.032	0.070	2.942	2.060
0.037	0.070	2.920	0.711
0.043	0.074	2.861	3.215
0.049	0.072	2.858	1.501
0.045	0.072	2.815	1.599
0.041	0.076	2.794	2.010
0.039	0.070	2.771	0.617
0.039	0.066	2.726	1.549
0.040	0.067	2.704	0.983
0.037	0.066	2.663	0.891
0.035	0.067	2.628	-0.731
0.036	0.070	2.545	1.330
0.031	0.065	2.515	1.162
0.032	0.066	2.481	2.407
0.029	0.064	2.476	0.679
0.027	0.065	2.432	1.142
0.028	0.062	2.405	-0.651
0.022	0.061	2.335	0.238
0.021	0.061	2.297	1.768
0.024	0.066	2.279	2.878
0.022	0.067	2.288	1.824
0.021	0.065	2.274	0.252
0.022	0.061	2.220	2.808
0.023	0.065	2.234	1.120
0.025	0.061	2.211	1.922
0.030	0.056	2.191	1.147
0.033	0.055	2.174	4.698
0.040	0.056	2.231	2.523
0.038	0.051	2.238	2.130
0.030	0.056	2.243	3.852
0.029	0.055	2.273	1.637
0.029	0.061	2.251	3.584
0.023	0.062	2.301	2.171
0.020	0.059	2.293	3.161
0.020	0.052	2.304	1.945
0.017	0.054	2.286	2.822
0.022	0.053	2.302	2.631
0.024	0.056	2.315	3.262
0.029	0.060	2.331	0.927
0.025	0.062	2.311	2.207
0.020	0.061	2.308	2.779
0.016	0.062	2.322	2.415
0.009	0.068	2.322	3.971
0.009	0.068	2.354	1.656
0.005	0.066	2.343	3.480
0.011	0.062	2.372	3.186
0.015	0.059	2.374	3.573
0.014	0.064	2.420	5.249
0.018	0.064	2.477	3.297
0.023	0.059	2.492	3.350
0.018	0.061	2.513	3.815
0.018	0.065	2.547	3.409
0.014	0.062	2.568	4.542
0.010	0.064	2.611	4.982
0.010	0.067	2.675	2.746
0.008	0.063	2.676	3.436
0.008	0.063	2.693	2.429
0.010	0.057	2.679	2.999
0.016	0.060	2.687	3.747
0.016	0.061	2.716	1.631
0.018	0.061	2.690	3.144
0.013	0.059	2.706	3.333
0.013	0.061	2.732	3.663
0.013	0.058	2.764	2.988
0.012	0.061	2.772	2.115
0.012	0.062	2.760	2.394
0.015	0.060	2.746	4.288
0.015	0.062	2.791	2.212
0.017	0.064	2.781	2.531
0.012	0.065	2.776	3.324
0.011	0.065	2.791	2.863
0.018	0.064	2.800	3.042
0.014	0.061	2.800	0.602
0.018	0.057	2.749	0.964
0.020	0.060	2.710	4.258
0.021	0.062	2.743	3.550
0.026	0.059	2.749	2.001
0.025	0.058	2.725	3.700
0.021	0.064	2.754	2.628
0.017	0.066	2.751	3.196
0.021	0.067	2.763	3.811
0.019	0.070	2.779	3.827
0.014	0.071	2.804	4.608
0.008	0.075	2.848	4.578
0.013	0.072	2.893	2.546
0.015	0.071	2.894	3.088
0.021	0.072	2.898	1.600
0.021	0.070	2.869	3.346
0.021	0.064	2.884	3.545
0.021	0.069	2.898	2.866
0.021	0.068	2.897	3.072
0.019	0.069	2.904	3.298
0.022	0.072	2.917	4.399
0.025	0.071	2.939	2.748
0.023	0.076	2.935	3.502
0.025	0.076	2.942	4.756
0.026	0.073	2.991	2.999
0.030	0.075	2.989	2.762
0.036	0.077	2.978	2.852
0.034	0.079	2.973	2.434
0.033	0.076	2.969	3.213
0.034	0.067	2.967	1.845
0.030	0.067	2.943	1.263
0.029	0.068	2.905	2.919
0.027	0.065	2.900	3.060
0.028	0.075	2.896	3.495
0.030	0.072	2.889	3.085
0.024	0.072	2.903	3.662
0.022	0.075	2.942	3.487
0.024	0.075	2.962	2.922
0.016	0.082	2.974	3.662
0.023	0.084	2.977	4.640
0.026	0.079	3.021	3.211
0.020	0.081	3.032	1.610
0.021	0.085	3.007	1.407
0.020	0.086	2.959	2.652
0.019	0.082	2.947	3.816
0.022	0.080	2.973	2.528
0.016	0.084	2.955	1.357
0.014	0.081	2.913	3.868
0.012	0.084	2.949	2.747
0.018	0.084	2.932	2.684
0.026	0.081	2.924	4.251
0.024	0.083	2.956	2.355
0.021	0.085	2.948	2.056
0.021	0.077	2.933	2.812
0.017	0.083	2.929	4.848
0.018	0.084	2.977	3.269
0.015	0.080	2.988	1.049
0.013	0.082	2.955	1.681
0.014	0.089	2.930	2.664
0.019	0.093	2.925	1.702
0.029	0.090	2.887	4.095
-0.004	0.008	-0.007	-1.984
-0.002	0.006	-0.036	-0.950
-0.001	0.010	-0.056	-1.072
0.003	0.012	-0.080	-0.789
0.005	0.010	-0.100	-1.212
0.006	0.005	-0.132	-1.136
0.003	0.006	-0.198	-0.942
0.007	0.010	-0.225	-2.216
0.016	0.004	-0.253	-0.045
0.010	0.008	-0.243	-0.812
0.010	0.012	-0.246	-1.608
0.012	0.015	-0.243	-0.553
0.010	0.020	-0.219	0.290
0.005	0.030	-0.181	-0.770
0.009	0.034	-0.152	-0.670
0.009	0.027	-0.142	-0.178
0.004	0.032	-0.160	-0.844
0.003	0.026	-0.192	-0.399
0.009	0.025	-0.215	-0.310
0.011	0.026	-0.239	-0.826
0.015	0.017	-0.262	-0.361
0.019	0.016	-0.267	-0.230
0.013	0.017	-0.265	-0.029
0.014	0.016	-0.266	1.320
0.015	0.019	-0.248	-1.237
0.015	0.015	-0.255	0.544
0.010	0.022	-0.246	0.853
0.006	0.023	-0.230	1.500
0.007	0.023	-0.210	1.460
0.002	0.027	-0.203	0.692
0.001	0.028	-0.192	1.199
0.000	0.026	-0.168	1.381
0.000	0.026	-0.143	-0.586
0.007	0.025	-0.143	1.730
0.009	0.030	-0.111	-0.128
0.011	0.028	-0.130	1.310
0.011	0.029	-0.112	-0.158
0.010	0.026	-0.122	-0.658
0.012	0.028	-0.135	-0.269
0.010	0.028	-0.148	-0.795
0.006	0.026	-0.152	-0.314
0.009	0.023	-0.158	0.258
0.012	0.022	-0.151	-0.406
0.014	0.019	-0.153	0.691
0.013	0.021	-0.147	-1.092
0.012	0.015	-0.165	0.118
0.013	0.015	-0.162	-1.539
0.013	0.014	-0.177	-0.298
0.018	0.010	-0.166	0.632
0.015	0.014	-0.159	1.173
0.015	0.016	-0.136	0.435
0.013	0.020	-0.118	-0.908
0.014	0.024	-0.115	-0.615
0.008	0.023	-0.109	-0.750
0.003	0.028	-0.103	0.409
0.000	0.025	-0.095	-0.085
-0.005	0.027	-0.105	-0.469
-0.001	0.026	-0.109	1.706
0.001	0.020	-0.090	0.154
0.002	0.020	-0.097	0.430
0.006	0.023	-0.104	0.377
0.007	0.024	-0.109	-0.047
0.008	0.029	-0.118	0.167
0.011	0.024	-0.127	0.526
0.012	0.027	-0.118	0.495
0.016	0.027	-0.109	0.554
0.018	0.023	-0.089	2.567
0.013	0.024	-0.046	1.236
0.008	0.026	-0.017	0.527
0.004	0.028	0.001	0.438
0.002	0.031	0.023	0.831
0.004	0.032	0.033	-0.444
0.001	0.031	0.040	-1.623
0.001	0.034	0.021	-0.863
0.004	0.035	0.005	-1.689
0.003	0.039	-0.015	-0.580
0.007	0.038	-0.025	0.122
0.004	0.035	-0.022	-0.787
0.001	0.033	-0.031	-0.576
0.002	0.034	-0.031	0.050
-0.003	0.031	-0.034	-0.029
0.003	0.030	-0.042	-0.418
0.001	0.030	-0.045	0.266
0.002	0.031	-0.059	-0.486
0.005	0.028	-0.086	1.672
0.006	0.024	-0.080	-0.683
0.010	0.022	-0.100	-0.868
0.011	0.024	-0.112	-1.642
0.008	0.022	-0.113	-0.426
0.018	0.015	-0.106	0.485
0.010	0.013	-0.071	-1.286
0.023	0.009	-0.099	0.180
0.056	-0.019	-0.101	-0.577
0.103	-0.054	-0.199	0.222
0.184	-0.132	-0.245	-0.578
0.240	-0.044	-0.313	-1.459
0.469	0.081	-0.409	-1.908
0.981	0.037	-0.496	-1.514
1.530	-0.003	-0.538	-1.441
1.936	0.170	-0.674	-1.939
2.314	0.329	-0.834	-3.736
2.894	0.200	-0.994	-4.526
3.502	-0.219	-1.176	-5.985
3.918	-0.841	-1.353	-7.963
4.220	-1.742	-1.566	-9.782
4.630	-3.038	-1.820	-10.076
4.981	-4.607	-2.091	-10.333
5.244	-6.284	-2.390	-10.669
5.311	-7.881	-2.714	-11.679
5.281	-9.443	-3.049	-12.048
5.486	-11.158	-3.344	-12.243
5.905	-12.997	-3.629	-13.646
6.378	-14.827	-3.830	-12.413
7.147	-16.820	-4.050	-12.479
7.058	-18.094	-4.122	-13.890
6.660	-18.917	-4.161	-12.520
6.281	-19.534	-4.276	-12.741
5.900	-20.034	-4.265	-10.901
5.619	-20.424	-4.234	-11.051
5.465	-20.732	-4.189	-12.189
5.347	-20.880	-4.182	-11.966
4.935	-20.768	-4.045	-11.119
4.735	-20.600	-4.038	-11.266
4.036	-20.003	-4.182	-10.784
3.062	-19.267	-3.989	-11.288
2.150	-17.820	-4.113	-8.311
1.881	-16.404	-3.879	-6.533
1.483	-14.811	-4.496	-8.911
-0.486	-12.048	-4.137	-7.298
-0.805	-10.039	-3.609	-3.576
-1.894	-7.372	-4.333	-2.880
-2.442	-4.929	-3.927	0.797
-2.776	-2.449	-3.688	2.026
-3.094	0.292	-3.872	6.670
-3.242	2.885	-3.673	6.432
-3.305	5.341	-3.661	11.765
-3.052	7.442	-3.643	14.009
-2.834	9.395	-3.434	18.410
-2.492	11.068	-3.324	20.902
-2.256	12.481	-3.155	22.499
-1.988	13.526	-2.799	25.256
-1.715	14.283	-2.588	25.829
-1.603	14.790	-2.350	28.668
-1.470	14.940	-1.916	26.430
-1.246	14.702	-1.551	28.452
-1.105	14.095	-1.127	26.572
-0.881	13.161	-0.624	25.359
-0.458	11.875	-0.187	22.826
0.098	10.300	0.274	14.609
0.709	8.621	0.654	13.029
1.210	6.944	0.883	7.811
1.784	5.161	1.115	3.954
2.534	3.290	1.267	0.823
3.180	1.516	1.261	-3.958
3.715	-0.214	1.273	-5.483
4.372	-2.005	1.197	-7.765
4.986	-3.786	1.004	-9.988
5.563	-5.553	0.866	-11.007
6.260	-7.251	0.605	-13.727
7.063	-8.902	0.203	-14.574
7.634	-10.387	-0.103	-16.319
7.992	-11.573	-0.460	-14.619
8.287	-12.589	-0.799	-15.690
8.562	-13.527	-1.095	-16.188
8.867	-14.341	-1.398	-16.904
9.146	-14.982	-1.674	-16.874
9.392	-15.355	-1.948	-17.867
9.526	-15.338	-2.280	-17.440
9.513	-15.035	-2.532	-17.650
9.486	-14.429	-2.849	-18.545
9.356	-13.506	-3.166	-18.214
9.087	-12.221	-3.490	-19.046
8.714	-10.634	-3.833	-18.019
8.206	-8.775	-4.194	-18.403
7.540	-6.716	-4.555	-18.237
6.704	-4.470	-4.859	-15.910
5.873	-2.170	-5.170	-15.660
5.064	0.145	-5.498	-13.299
4.208	2.588	-5.718	-10.089
3.308	5.151	-5.954	-6.910
2.519	7.647	-6.165	-1.576
1.780	10.029	-6.300	3.293
1.158	12.259	-6.311	12.146
0.707	14.247	-6.215	20.213
0.392	15.887	-6.042	25.645
0.197	17.256	-5.765	32.925
0.116	18.296	-5.409	36.178
0.175	19.012	-5.012	40.579
0.284	19.390	-4.543	40.930
0.517	19.399	-4.015	40.815
0.809	18.980	-3.456	37.500
1.091	18.223	-2.888	37.723
1.366	17.139	-2.304	30.934
1.795	15.675	-1.774	28.283
2.197	14.000	-1.283	16.814
2.420	12.293	-0.973	8.976
2.570	10.486	-0.762	7.176
2.933	8.394	-0.564	2.552
3.395	6.138	-0.406	-3.112
3.765	3.912	-0.297	-7.368
4.149	1.682	-0.300	-9.948
4.535	-0.542	-0.321	-10.979
4.999	-2.797	-0.371	-11.570
5.485	-5.005	-0.457	-13.853
5.857	-7.056	-0.582	-13.816
6.085	-8.845	-0.757	-15.820
6.250	-10.424	-0.978	-15.585
6.423	-11.831	-1.210	-15.163
6.592	-12.993	-1.452	-14.861
6.756	-13.931	-1.674	-15.913
6.914	-14.677	-1.884	-16.059
7.060	-15.166	-2.084	-15.460
7.154	-15.343	-2.317	-15.193
7.148	-15.180	-2.513	-16.377
7.021	-14.591	-2.721	-16.324
6.769	-13.617	-2.964	-18.638
6.432	-12.333	-3.262	-15.915
6.088	-10.843	-3.582	-14.776
5.652	-9.145	-3.891	-15.469
5.071	-7.196	-4.221	-14.054
4.422	-5.082	-4.541	-13.279
3.630	-2.836	-4.823	-10.972
2.866	-0.549	-5.082	-7.434
2.267	1.672	-5.313	-6.813
1.673	3.872	-5.493	-4.816
0.969	6.169	-5.653	0.291
0.165	8.478	-5.756	5.237
-0.543	10.641	-5.807	9.442
-1.047	12.523	-5.794	13.730
-1.513	14.222	-5.759	17.664
-2.028	15.757	-5.687	24.830
-2.478	17.046	-5.508	32.865
-2.760	18.025	-5.186	34.646
-2.980	18.732	-4.837	37.466
-3.123	19.191	-4.396	38.449
-3.212	19.328	-3.949	42.191
-3.156	19.087	-3.439	41.141
-2.997	18.468	-2.897	37.043
-2.642	17.450	-2.364	35.707
-2.204	16.063	-1.804	29.001
-1.653	14.390	-1.260	23.286
-1.074	12.516	-0.788	17.194
-0.591	10.582	-0.399	14.063
-0.059	8.547	-0.015	3.789
0.514	6.431	0.241	1.690
1.209	4.162	0.479	-2.835
1.774	1.923	0.614	-3.776
2.211	-0.270	0.718	-6.602
2.669	-2.468	0.749	-8.611
3.201	-4.696	0.782	-9.715
3.896	-6.922	0.819	-11.038
4.645	-9.026	0.743	-13.543
5.296	-10.826	0.612	-13.833
5.820	-12.283	0.478	-13.873
6.325	-13.485	0.303	-15.598
6.852	-14.521	0.112	-16.426
7.362	-15.325	-0.112	-17.054
7.821	-15.888	-0.362	-17.029
8.178	-16.185	-0.627	-16.682
8.530	-16.265	-0.922	-18.182
8.798	-16.061	-1.278	-19.621
8.959	-15.567	-1.669	-19.321
8.854	-14.664	-2.059	-19.776
8.627	-13.457	-2.480	-20.803
8.263	-12.013	-2.912	-19.773
7.815	-10.356	-3.346	-19.436
7.324	-8.526	-3.771	-18.385
6.738	-6.476	-4.199	-18.031
6.001	-4.172	-4.627	-17.384
5.049	-1.587	-5.017	-15.466
4.211	1.037	-5.361	-12.597
3.679	3.453	-5.673	-11.217
3.347	5.758	-5.866	-10.177
2.822	8.207	-6.119	-5.859
2.088	10.703	-6.330	-3.132
1.514	12.995	-6.466	6.911
1.131	15.033	-6.499	11.575
0.602	16.942	-6.496	19.411
-0.028	18.685	-6.407	30.877
-0.525	20.076	-6.178	36.803
-0.885	21.059	-5.823	44.308
-1.189	21.780	-5.344	49.445
-1.443	22.224	-4.801	50.603
-1.612	22.342	-4.210	51.978
-1.546	22.021	-3.560	54.093
-1.378	21.391	-2.884	46.438
-1.124	20.451	-2.226	46.410
-0.746	19.207	-1.550	40.509
-0.228	17.647	-0.883	30.830
0.323	15.844	-0.311	23.531
0.735	13.921	0.165	17.772
1.192	11.818	0.592	9.651
1.733	9.492	0.952	3.281
2.263	7.086	1.184	0.153
2.667	4.735	1.409	-4.062
2.914	2.404	1.546	-8.935
3.156	-0.062	1.619	-8.956
3.363	-2.597	1.703	-8.650
3.589	-5.130	1.799	-11.838
3.877	-7.617	1.864	-11.140
4.177	-9.941	1.874	-12.850
4.363	-11.935	1.840	-12.911
4.556	-13.715	1.757	-11.852
4.739	-15.266	1.633	-13.484
4.833	-16.513	1.465	-14.310
4.860	-17.445	1.314	-13.694
4.949	-18.112	1.123	-13.451
5.044	-18.507	0.915	-13.288
5.084	-18.569	0.710	-14.514
5.103	-18.283	0.467	-14.131
5.111	-17.689	0.234	-13.695
5.061	-16.776	-0.020	-15.417
4.910	-15.557	-0.285	-14.561
4.711	-14.090	-0.543	-14.660
4.439	-12.387	-0.831	-14.080
3.987	-10.387	-1.157	-14.853
3.375	-8.189	-1.520	-13.319
2.618	-5.820	-1.952	-11.379
2.002	-3.539	-2.318	-11.027
1.498	-1.270	-2.645	-8.064
1.037	1.021	-2.982	-7.328
0.420	3.428	-3.302	-3.852
-0.340	5.910	-3.559	-2.294
-1.089	8.336	-3.853	4.521
-1.785	10.568	-4.056	7.713
-2.516	12.636	-4.167	12.491
-3.280	14.524	-4.204	20.582
-3.998	16.170	-4.127	26.415
-4.472	17.440	-3.899	34.432
-4.847	18.358	-3.491	38.768
-5.157	19.013	-3.018	39.245
-5.281	19.226	-2.514	44.464
-5.203	18.947	-1.944	40.716
-4.825	18.106	-1.355	38.591
-4.286	16.838	-0.731	38.950
-3.653	15.224	-0.042	30.728
-2.887	13.277	0.620	25.102
-2.072	11.089	1.308	18.816
-1.333	8.817	1.958	10.918
-0.758	6.588	2.480	7.375
-0.270	4.370	2.965	1.268
0.089	2.078	3.373	-2.132
0.428	-0.418	3.728	-3.197
0.743	-2.978	4.026	-6.209
0.965	-5.506	4.246	-7.034
1.135	-7.945	4.421	-6.512
1.307	-10.215	4.502	-8.598
1.515	-12.282	4.519	-8.781
1.658	-14.057	4.500	-9.661
1.759	-15.540	4.417	-9.552
1.839	-16.680	4.309	-9.844
1.906	-17.457	4.152	-9.588
1.973	-17.870	3.943	-9.415
1.998	-17.841	3.693	-11.476
1.965	-17.331	3.400	-10.872
1.907	-16.399	2.999	-10.415
1.799	-15.080	2.540	-10.814
1.652	-13.470	1.998	-11.100
1.460	-11.639	1.408	-10.269
1.149	-9.612	0.779	-10.053
0.620	-7.378	0.110	-10.635
-0.085	-4.937	-0.613	-9.066
-0.985	-2.271	-1.273	-5.908
-1.547	0.129	-1.828	-2.924
-2.031	2.384	-2.310	-1.562
-2.556	4.508	-2.650	2.618
-3.147	6.517	-2.900	5.289
-3.586	8.183	-3.024	7.539
-3.803	9.485	-3.001	10.141
-3.782	10.382	-2.907	12.958
-3.621	10.939	-2.734	14.997
-3.446	11.197	-2.462	14.803
-3.095	11.038	-2.102	13.677
-2.566	10.429	-1.642	12.806
-2.093	9.585	-1.116	9.179
-1.667	8.573	-0.684	5.854
-1.266	7.405	-0.340	4.583
-1.004	6.232	-0.025	1.453
-1.009	5.146	0.170	-1.333
-1.387	4.277	0.279	-1.742
-1.792	3.437	0.349	-1.642
-2.140	2.634	0.397	-0.196
-2.531	1.996	0.438	-2.040
-2.990	1.584	0.433	-1.060
-3.334	1.281	0.396	-0.702
-3.515	1.030	0.324	0.610
-3.529	0.829	0.244	-0.083
-3.497	0.735	0.149	-0.805
-3.413	0.727	0.021	-1.584
-3.224	0.728	-0.091	-1.529
-2.902	0.743	-0.159	-2.424
-2.576	0.790	-0.246	-2.836
-2.326	0.879	-0.325	-2.758
-2.034	0.915	-0.378	-2.570
-1.728	0.911	-0.400	-4.078
-1.487	0.901	-0.429	-4.409
-1.360	0.917	-0.458	-3.702
-1.238	0.904	-0.476	-4.332
-1.094	0.869	-0.490	-4.638
-0.919	0.907	-0.510	-3.937
-0.784	1.032	-0.541	-6.287
-0.581	1.105	-0.573	-6.530
-0.255	1.088	-0.564	-5.888
0.006	1.115	-0.558	-5.344
0.190	1.185	-0.562	-7.915
0.399	1.215	-0.588	-7.824
0.681	1.194	-0.613	-7.201
0.573	0.452	-0.966	-10.653
0.501	0.138	-0.636	-10.212
0.464	0.049	-0.644	-9.419
0.710	-0.035	-1.334	-8.722
0.324	-0.013	-1.230	-8.883
0.466	-0.140	-1.155	-5.700
0.935	-0.802	-1.508	-7.875
0.275	-0.065	-1.459	-8.979
0.364	-0.278	-1.422	-6.212
0.061	0.202	-1.836	-7.356
0.294	-0.180	-1.581	-7.526
0.509	-0.503	-1.330	-6.415
0.454	-0.253	-1.605	-8.753
-0.150	0.133	-1.648	-6.116
-0.285	0.237	-1.550	-6.489
0.112	-0.041	-1.518	-6.258
0.428	-0.298	-1.480	-7.279
0.368	-0.231	-1.598	-8.290
-0.110	0.191	-1.660	-7.950
-0.126	0.237	-1.695	-7.106
0.181	0.023	-1.675	-6.505
0.507	-0.114	-1.794	-7.305
0.439	0.101	-2.130	-8.086
0.387	0.229	-2.263	-7.988
0.505	0.260	-2.540	-6.908
0.626	0.206	-2.689	-7.434
0.664	0.154	-2.808	-6.492
0.627	0.194	-2.859	-7.616
0.644	0.263	-2.926	-5.981
0.753	0.287	-3.003	-6.892
0.728	0.281	-2.971	-7.067
0.707	0.325	-2.920	-7.231
0.645	0.396	-2.951	-5.829
0.590	0.409	-3.024	-5.089
0.640	0.375	-3.110	-6.396
0.622	0.369	-3.184	-6.839
0.548	0.401	-3.167	-7.389
0.575	0.370	-3.171	-6.108
0.597	0.324	-3.200	-7.078
0.541	0.340	-3.304	-5.805
0.503	0.353	-3.366	-7.458
0.505	0.314	-3.399	-6.043
0.510	0.290	-3.394	-7.634
0.465	0.307	-3.438	-6.768
0.436	0.308	-3.493	-8.667
0.458	0.269	-3.582	-7.546
0.434	0.262	-3.630	-7.339
0.394	0.267	-3.642	-6.479
0.388	0.253	-3.664	-5.956
0.377	0.235	-3.705	-4.200
0.356	0.240	-3.729	-6.481
0.341	0.233	-3.774	-7.885
0.337	0.220	-3.800	-8.108
0.316	0.219	-3.839	-6.036
0.297	0.213	-3.869	-7.007
0.292	0.198	-3.925	-7.861
0.285	0.186	-3.984	-6.728
0.263	0.184	-3.998	-6.750
0.256	0.172	-4.014	-7.593
0.262	0.159	-4.056	-6.467
0.243	0.160	-4.107	-6.290
0.234	0.160	-4.105	-6.002
0.236	0.125	-4.133	-8.247
0.206	0.133	-4.158	-5.211
0.188	0.139	-4.171	-5.655
0.189	0.141	-4.184	-7.733
0.200	0.122	-4.247	-6.489
0.176	0.127	-4.269	-8.019
0.161	0.120	-4.312	-6.110
0.167	0.108	-4.329	-5.648
0.173	0.096	-4.313	-6.788
0.163	0.100	-4.351	-5.899
0.167	0.093	-4.385	-6.284
0.163	0.082	-4.389	-5.970
0.155	0.083	-4.411	-6.944
0.144	0.084	-4.434	-7.074
0.142	0.076	-4.480	-6.272
0.137	0.071	-4.520	-6.221
0.123	0.071	-4.538	-7.206
0.125	0.067	-4.572	-7.656
0.137	0.053	-4.616	-8.316
0.118	0.062	-4.662	-8.210
0.133	0.059	-4.711	-6.811
0.132	0.051	-4.739	-8.027
0.129	0.058	-4.777	-6.398
0.128	0.056	-4.797	-7.071
0.126	0.044	-4.820	-6.451
0.126	0.043	-4.846	-5.880
0.113	0.042	-4.856	-6.447
0.102	0.037	-4.869	-7.629
0.109	0.038	-4.895	-5.477
0.102	0.042	-4.899	-5.996
0.101	0.045	-4.919	-5.940
0.119	0.037	-4.941	-8.203
0.114	0.041	-4.980	-6.648
0.111	0.041	-5.000	-6.590
0.114	0.036	-5.005	-7.715
0.110	0.023	-5.042	-5.267
0.091	0.029	-5.045	-7.873
0.087	0.023	-5.085	-5.502
0.093	0.014	-5.089	-6.123
0.100	0.019	-5.108	-6.235
0.093	0.027	-5.119	-7.837
0.098	0.022	-5.152	-5.949
0.111	0.023	-5.177	-6.308
0.111	0.024	-5.180	-6.010
0.105	0.024	-5.188	-5.901
0.113	0.007	-5.194	-8.254
0.097	0.008	-5.229	-6.587
0.081	0.010	-5.247	-8.676
0.083	0.007	-5.288	-8.760
0.088	-0.000	-5.332	-7.625
0.092	0.007	-5.357	-7.748
0.094	0.007	-5.391	-6.476
0.097	0.002	-5.395	-7.850
0.097	0.007	-5.428	-6.430
0.091	0.005	-5.443	-5.352
0.089	-0.008	-5.446	-5.739
0.093	-0.014	-5.456	-8.502
0.084	-0.012	-5.501	-7.010
0.085	-0.011	-5.519	-7.250
0.090	-0.016	-5.547	-6.463
0.087	-0.008	-5.552	-8.560
0.089	-0.002	-5.595	-7.845
0.097	-0.009	-5.623	-6.444
0.102	-0.012	-5.635	-7.115
0.097	-0.013	-5.650	-6.125
0.089	-0.015	-5.644	-6.595
0.091	-0.021	-5.658	-7.989
0.093	-0.018	-5.695	-7.760
0.095	-0.018	-5.728	-8.439
0.100	-0.021	-5.754	-6.906
0.105	-0.011	-5.768	-7.256
0.106	-0.015	-5.787	-8.103
0.109	-0.014	-5.807	-8.063
0.105	-0.021	-5.840	-6.992
0.102	-0.026	-5.860	-8.729
0.102	-0.028	-5.891	-7.902
0.097	-0.027	-5.923	-8.553
0.093	-0.025	-5.959	-7.616
0.093	-0.023	-5.991	-7.829
0.096	-0.027	-6.012	-9.370
0.099	-0.021	-6.043	-8.244
0.106	-0.019	-6.071	-9.471
0.109	-0.024	-6.123	-8.160
0.113	-0.027	-6.149	-6.200
0.103	-0.031	-6.145	-6.828
0.094	-0.032	-6.158	-7.426
0.094	-0.041	-6.179	-6.977
0.089	-0.036	-6.188	-6.473
0.090	-0.023	-6.167	-6.227
0.096	-0.020	-6.175	-7.626
0.103	-0.016	-6.189	-8.175
0.104	-0.011	-6.208	-5.044
0.102	-0.020	-6.202	-7.785
0.101	-0.030	-6.222	-6.090
0.099	-0.036	-6.226	-7.644
0.092	-0.040	-6.255	-5.797
0.091	-0.043	-6.252	-5.867
0.089	-0.038	-6.246	-7.099
0.090	-0.031	-6.254	-7.048
0.096	-0.028	-6.269	-7.918
0.100	-0.021	-6.293	-7.268
0.096	-0.018	-6.303	-7.286
0.100	-0.023	-6.316	-7.025
0.094	-0.027	-6.323	-8.097
0.092	-0.027	-6.356	-5.784
0.088	-0.031	-6.348	-8.046
0.078	-0.023	-6.363	-6.172
0.084	-0.021	-6.348	-7.104
0.093	-0.020	-6.366	-6.726
0.099	-0.018	-6.378	-6.721
0.108	-0.014	-6.376	-6.994
0.105	-0.015	-6.399	-4.776
0.096	-0.018	-6.366	-5.818
0.095	-0.025	-6.361	-6.567
0.088	-0.029	-6.368	-7.697
0.096	-0.034	-6.377	-6.769
0.093	-0.033	-6.389	-7.468
0.090	-0.030	-6.402	-7.358
0.094	-0.025	-6.422	-6.568
0.094	-0.025	-6.420	-8.046
0.100	-0.026	-6.441	-6.970
0.097	-0.028	-6.449	-5.964
0.099	-0.026	-6.432	-6.949
0.098	-0.023	-6.434	-8.875
0.095	-0.028	-6.460	-8.213
0.089	-0.024	-6.474	-8.103
0.089	-0.018	-6.490	-6.299
0.091	-0.022	-6.489	-7.353
0.094	-0.020	-6.500	-7.848
0.104	-0.018	-6.523	-9.145
0.107	-0.015	-6.547	-8.431
0.107	-0.017	-6.575	-8.143
0.108	-0.018	-6.587	-9.004
0.107	-0.020	-6.611	-7.439
0.109	-0.024	-6.623	-7.604
0.108	-0.027	-6.623	-6.926
0.108	-0.025	-6.619	-7.329
0.104	-0.022	-6.625	-7.423
0.101	-0.019	-6.630	-7.484
0.101	-0.014	-6.634	-7.406
0.101	-0.010	-6.636	-8.454
0.100	-0.009	-6.664	-7.825
0.093	-0.006	-6.688	-8.640
0.090	-0.012	-6.708	-7.175
0.087	-0.019	-6.713	-7.379
0.082	-0.015	-6.718	-7.548
0.080	-0.016	-6.724	-6.382
0.083	-0.016	-6.720	-7.084
0.078	-0.015	-6.722	-7.702
0.075	-0.012	-6.728	-6.625
0.077	-0.007	-6.720	-7.093
0.078	-0.006	-6.719	-6.934
0.076	-0.007	-6.726	-7.291
0.075	-0.010	-6.735	-7.399
0.078	-0.012	-6.754	-7.375
0.068	-0.016	-6.751	-7.859
0.062	-0.017	-6.756	-7.442
0.057	-0.017	-6.773	-6.891
0.064	-0.007	-6.773	-7.366
0.070	-0.010	-6.775	-6.050
0.073	-0.012	-6.759	-6.476
0.076	-0.009	-6.758	-7.248
0.076	-0.013	-6.761	-6.699
0.068	-0.015	-6.767	-7.018
0.068	-0.016	-6.764	-7.849
0.063	-0.022	-6.770	-6.239
0.061	-0.020	-6.765	-7.997
0.062	-0.016	-6.778	-7.999
0.054	-0.006	-6.795	-7.204
0.073	-0.009	-6.812	-8.725
0.072	-0.010	-6.830	-7.719
0.074	-0.009	-6.837	-8.456
0.080	-0.015	-6.861	-6.723
0.080	-0.014	-6.864	-6.198
0.080	-0.013	-6.849	-7.152
0.077	-0.011	-6.844	-7.279
0.080	-0.009	-6.853	-9.164
0.090	-0.009	-6.866	-9.547
0.087	-0.005	-6.892	-7.053
0.089	-0.003	-6.899	-6.754
0.098	-0.002	-6.904	-7.817
0.092	-0.007	-6.915	-9.180
0.093	-0.005	-6.937	-8.137
0.096	-0.016	-6.963	-8.012
0.093	-0.018	-6.989	-6.298
0.095	-0.018	-6.976	-7.489
0.105	-0.019	-6.983	-5.914
0.102	-0.016	-6.960	-7.482
0.109	-0.011	-6.959	-6.997
0.111	-0.013	-7.002	-6.484
0.103	-0.011	-6.996	-7.445
0.098	-0.014	-7.008	-8.086
0.099	-0.024	-7.018	-7.948
0.100	-0.025	-7.024	-6.485
0.137	-0.029	-7.028	-7.071
0.134	-0.032	-7.036	-6.148
0.139	-0.037	-7.017	-6.039
0.136	-0.031	-7.008	-7.203
0.136	-0.030	-7.053	-7.106
0.146	-0.031	-7.057	-6.426
0.143	-0.033	-7.036	-6.648
0.137	-0.032	-7.032	-8.423
0.136	-0.034	-7.050	-6.461
0.134	-0.034	-7.041	-6.812
0.132	-0.031	-7.044	-6.022
0.132	-0.031	-7.051	-6.309
0.137	-0.033	-7.053	-7.602
0.138	-0.031	-7.100	-6.656
0.139	-0.029	-7.089	-7.357
0.137	-0.028	-7.082	-7.235
0.135	-0.031	-7.086	-8.086
0.132	-0.034	-7.097	-7.205
