count	accelx	accely	accelz	roll	pitch	heading
count	accelx	accely	accelz	roll	pitch	heading
1	0.0000	0.0000	0.0000	-0.1030	0.0410	-0.6180
2	0.0080	0.0180	-0.0010	-0.1110	0.0420	-0.5360
3	0.0070	0.0180	-0.0010	-0.1080	0.0360	-0.4700
4	0.0080	0.0200	-0.0010	-0.1210	0.0470	-0.4020
5	0.0090	0.0190	-0.0030	-0.1160	0.0510	-0.2230
6	0.0100	0.0170	-0.0010	-0.1000	0.0540	-0.1800
7	0.0090	0.0160	-0.0010	-0.1060	0.0510	-0.1200
8	0.0110	0.0160	0.0000	-0.1050	0.0620	-0.1300
9	0.0100	0.0160	0.0000	-0.1030	0.0680	-0.2870
10	0.0120	0.0150	0.0000	-0.0990	0.0660	-0.3760
11	0.0120	0.0150	0.0010	-0.0880	0.0670	-0.4880
12	0.0130	0.0130	0.0010	-0.0830	0.0690	-0.6440
13	0.0120	0.0150	0.0000	-0.0900	0.0780	-0.7480
14	0.0130	0.0160	0.0000	-0.0920	0.0830	-0.8240
15	0.0140	0.0170	0.0020	-0.0960	0.0790	-0.8060
16	0.0150	0.0170	0.0020	-0.0960	0.0780	-0.8080
17	0.0160	0.0170	0.0020	-0.1050	0.0880	-0.6810
18	0.0140	0.0180	0.0020	-0.1010	0.0079	-0.6460
19	0.0120	0.0170	-0.0020	-0.0970	0.0820	-0.5800
20	0.0150	0.0160	0.0000	-0.0960	0.0860	-0.6040
21	0.0150	0.0160	-0.0010	-0.0980	0.0930	-0.6040
22	0.0150	0.0180	-0.0010	-0.1070	0.0850	-0.6230
23	0.0170	0.0160	-0.0020	-0.0950	0.0900	-0.5940
24	0.0160	0.0160	-0.0030	-0.0870	0.0960	-0.5840
25	0.0150	0.0130	-0.0020	-0.0770	0.0950	-0.5870
26	0.0140	0.0140	0.0000	-0.0890	0.0970	-0.5510
27	0.0160	0.0150	0.0010	-0.0960	0.0980	-0.5240
28	0.0180	0.0170	-0.0010	-0.0980	0.1010	-0.3990
29	0.0160	0.0170	-0.0020	-0.1070	0.1150	-0.2870
30	0.0180	0.0170	0.0000	-0.1040	0.1290	-0.1170
31	0.0220	0.0180	0.0010	-0.1010	0.1370	0.0590
32	0.0270	0.0160	0.0010	-0.1040	0.1500	0.0770
33	0.0270	0.0180	0.0010	-0.1080	0.1590	0.0520
34	0.0270	0.0180	-0.0020	-0.1070	0.1600	-0.0310
35	0.0270	0.0170	0.0000	-0.1050	0.1600	-0.0610
36	0.0290	0.0160	-0.0010	-0.0930	0.1600	-0.1000
37	0.0260	0.0150	0.0000	-0.0900	0.1500	-0.0720
38	0.0240	0.0150	-0.0010	-0.0800	0.1430	-0.0740
39	0.0250	0.0150	-0.0030	-0.0740	0.1520	-0.1200
40	0.0260	0.0150	0.0000	-0.0840	0.1480	-0.1000
41	0.0260	0.0140	0.0000	-0.0830	0.1580	-0.0270
42	0.0280	0.0140	0.0000	-0.0800	0.1650	-0.0390
43	0.0310	0.0150	-0.0010	-0.0830	0.1760	0.0500
44	0.0310	0.0160	-0.0010	-0.0940	0.1830	0.0650
45	0.0300	0.0150	0.0000	-0.0980	0.1830	-0.0230
46	0.0290	0.0160	0.0000	-0.0930	0.1670	-0.1180
47	0.0280	0.0150	-0.0010	-0.0910	0.1630	-0.2300
48	0.0280	0.0140	-0.0030	-0.0900	0.1610	-0.2350
49	0.0290	0.0160	-0.0020	-0.0940	0.1690	-0.2060
50	0.0300	0.0180	-0.0010	-0.1010	0.1730	-0.2260
51	0.0290	0.0170	-0.0010	-0.1010	0.1730	-0.1080
52	0.0280	0.0170	-0.0010	-0.1050	0.1650	-0.1350
53	0.0270	0.0150	-0.0010	-0.0940	0.1590	-0.1390
54	0.0270	0.0140	-0.0010	-0.0940	0.1580	-0.1140
55	0.0260	0.0160	0.0010	-0.0970	0.1520	-0.0760
56	0.0240	0.0170	-0.0040	-0.1010	0.1470	-0.0600
57	0.0240	0.0180	-0.0040	-0.1060	0.1490	-0.0760
58	0.0270	0.0170	-0.0020	-0.0980	0.1500	-0.0910
59	0.0270	0.0200	0.0000	-0.1080	0.1580	-0.0770
60	0.0270	0.0220	0.0000	-0.1230	0.1650	-0.0620
61	0.0290	0.0210	0.0000	-0.1170	0.1690	-0.0030
62	0.0290	0.0170	0.0020	-0.1100	0.1660	0.0250
63	0.0280	0.0180	-0.0010	-0.0990	0.1600	0.0340
64	0.0280	0.0150	0.0010	-0.0950	0.1610	0.1900
65	0.0290	0.0160	0.0000	-0.1040	0.1550	0.1950
66	0.0290	0.0160	0.0000	-0.1020	0.1500	0.3120
67	0.0250	0.0160	-0.0010	-0.1010	0.1430	0.3160
68	0.0250	0.0170	0.0000	-0.1020	0.1490	0.2710
69	0.0240	0.0180	0.0010	-0.1060	0.1580	0.3180
70	0.0270	0.0100	0.0000	-0.1110	0.1630	0.3370
71	0.0270	0.0170	-0.0010	-0.1030	0.1640	0.3240
72	0.0260	0.0180	-0.0010	-0.1070	0.1660	0.1590
73	0.0270	0.0190	-0.0010	-0.1080	0.1610	0.1270
74	0.0280	0.0180	-0.0010	-0.1030	0.1620	0.1640
75	0.0270	0.0180	-0.0030	-0.0980	0.1580	0.2260
76	0.0270	0.0150	-0.0010	-0.0910	0.1500	0.2430
77	0.0260	0.0140	-0.0010	-0.0890	0.1520	0.2780
78	0.0260	0.0140	-0.0020	-0.0770	0.1530	0.3010
79	0.0230	0.0110	-0.0030	-0.0720	0.1470	0.2620
80	0.0250	0.0100	-0.0010	-0.0760	0.1470	0.1470
81	0.0220	0.0090	-0.0010	-0.0790	0.1400	0.0530
82	0.0210	0.0120	-0.0030	-0.0880	0.1360	-0.0530
83	0.0200	0.0130	-0.0010	-0.0880	0.1310	-0.0830
84	0.0220	0.0140	-0.0010	-0.0940	0.1270	-0.1230
85	0.0220	0.0160	-0.0020	-0.1000	0.1340	-0.1670
86	0.0230	0.0160	-0.0010	-0.0960	0.1370	-0.1120
87	0.0220	0.0150	0.0000	-0.1010	0.1370	-0.1170
88	0.0210	0.0180	0.0000	-0.1020	0.1300	-0.1400
89	0.0210	0.0160	-0.0030	-0.0990	0.1170	-0.1100
90	0.0190	0.0160	0.0000	-0.1050	0.1150	-0.1210
91	0.0200	0.0160	0.0020	-0.1060	0.1230	-0.0920
92	0.0200	0.0170	-0.0010	-0.0970	0.1370	-0.1070
93	0.0240	0.0160	-0.0010	-0.0920	0.1360	-0.0760
94	0.0220	0.0160	-0.0020	-0.0930	0.1220	-0.0560
95	0.0190	0.0140	0.0000	-0.0900	0.1320	-0.1130
96	0.0230	0.0140	0.0020	-0.0910	0.1330	-0.0760
97	0.0230	0.0170	0.0000	-0.1000	0.1340	0.0140
98	0.0210	0.0170	0.0000	-0.0960	0.1270	0.0050
99	0.0220	0.0170	-0.0030	-0.0950	0.1240	-0.0140
100	0.0200	0.0160	0.0010	-0.0960	0.1140	-0.0810
101	0.0180	0.0160	0.0000	-0.0890	0.1120	-0.2340
102	0.0200	0.0130	0.0000	-0.0840	0.1110	-0.3710
103	0.0200	0.0140	0.0000	-0.0820	0.1100	-0.4050
104	0.0170	0.0130	0.0000	-0.0790	0.1060	-0.3960
105	0.0190	0.0130	-0.0010	-0.0800	0.1030	-0.3110
106	0.0170	0.0130	0.0000	-0.0790	0.0920	-0.3360
107	0.0190	0.0130	0.0020	-0.0810	0.0970	-0.3020
108	0.0170	0.0130	0.0000	-0.0940	0.0880	-0.2550
109	0.0150	0.0140	-0.0010	-0.0860	0.0700	-0.1430
110	0.0150	0.0140	0.0000	-0.0800	0.0810	-0.0970
count	accelx	accely	accelz	roll	pitch	heading
1	0.0060	0.0080	-0.0020	-0.0440	0.0520	0.5410
2	0.0080	0.0070	0.0000	-0.0410	0.0480	0.4950
3	0.0110	0.0070	0.0000	-0.0430	0.0500	0.3800
4	0.0070	0.0060	-0.0010	-0.0380	0.0330	0.3600
5	0.0030	0.0050	0.0000	-0.0400	0.0250	0.4040
6	0.0030	0.0050	0.0000	-0.0320	0.0190	0.3780
7	0.0040	0.0060	-0.0010	-0.0340	0.0160	0.3470
8	0.0010	0.0050	0.0020	-0.0270	0.0060	0.3450
9	0.0020	0.0030	-0.0010	-0.0240	0.0070	0.3890
10	0.0010	0.0020	-0.0010	-0.0170	0.0050	0.4330
11	0.0000	0.0020	-0.0010	-0.0080	0.0030	0.5660
12	0.0000	0.0030	0.0000	-0.0160	0.0040	0.6570
13	0.0020	0.0020	0.0000	-0.0140	0.0000	0.7130
14	0.0000	0.0030	-0.0040	-0.0180	-0.0020	0.8510
15	0.0000	0.0050	0.0000	-0.0280	-0.0010	0.8980
16	-0.0090	0.0060	-0.0070	-0.0420	-0.0330	0.8980
17	-0.0130	0.0090	0.0000	-0.0580	-0.0520	1.6470
18	-0.0180	0.0040	-0.0040	-0.0390	-0.0960	0.8530
19	-0.0240	-0.0030	0.0040	-0.0510	-0.1010	0.9110
20	-0.0140	-0.0030	0.0060	-0.0190	-0.0680	0.9840
21	-0.0100	0.0040	-0.0040	0.0180	6.0000	0.3230
22	-0.0130	-0.0060	-0.0040	0.0050	-0.0940	0.9740
23	-0.0270	-0.0100	-0.0030	0.0480	-0.0670	0.9860
24	-0.0160	-0.0090	-0.0010	-0.0030	-0.0620	0.8760
25	-0.0100	-0.0030	-0.0010	0.0600	-0.0480	0.9280
26	-0.0100	-0.0170	-0.0030	0.0190	-0.0220	0.9460
27	-0.0040	0.0020	-0.0170	-0.0390	0.0310	1.0350
28	0.0010	0.0020	-0.0070	-0.0230	0.0210	1.0690
29	0.0080	0.0070	-0.0140	-0.0550	0.1340	1.1120
30	0.0080	0.0070	-0.0030	-0.1300	0.3220	1.1250
31	0.0640	0.0200	-0.0110	-0.1190	0.3730	1.1220
32	0.0590	0.0200	-0.0020	-0.1290	0.4050	1.1710
33	0.0300	0.0150	-0.0070	-0.1260	0.1440	1.1570
34	0.0280	0.0330	-0.0210	-0.2850	0.3700	1.2090
35	0.0470	0.0440	0.0110	-0.2670	0.4020	1.1940
36	0.0570	0.0320	-0.0010	-0.3020	0.3200	1.1060
37	0.0600	0.0450	-0.0020	-0.2280	0.2670	1.0790
38	0.0350	0.0230	-0.0020	-0.1010	0.1570	1.1350
39	0.0290	0.0070	-0.0070	-0.0070	0.1200	1.2690
40	0.0150	-0.0030	0.0060	0.0820	0.0850	1.3320
41	0.0240	-0.0050	-0.0060	-0.0430	0.1680	1.2720
42	0.0060	-0.0030	0.0000	-0.0150	-0.0220	1.3130
43	-0.0060	-0.0010	0.0030	-0.0370	0.0700	1.4410
44	-0.0150	0.0050	-0.0070	-0.0420	-0.0320	1.3890
45	-0.0120	-0.0120	-0.0190	-0.0240	-0.1050	1.2570
46	-0.0040	0.0080	0.0100	-0.1360	0.0240	1.1990
47	-0.0260	0.0190	-0.0130	-0.1340	-0.0580	1.1280
48	-0.0180	0.0220	-0.0050	-0.1530	-0.0900	0.9770
49	-0.0230	0.0220	-0.0060	-0.1060	-0.1850	0.9010
50	-0.0260	0.0210	-0.0090	-0.1040	-0.0740	0.8320
51	-0.0110	0.0110	-0.0130	0.0000	0.0110	0.7820
52	-0.0190	0.0070	0.0080	-0.0837	-0.0900	0.6920
53	-0.0030	0.0190	0.0000	-0.0980	0.0770	0.6740
54	0.0010	0.0160	-0.0060	-0.1080	0.0480	0.6030
55	-0.0080	0.0140	0.0000	-0.0430	-0.0550	0.5530
56	-0.0110	-0.0030	-0.0060	-0.0690	-0.1030	0.5230
57	-0.0290	0.0011	-0.0100	-0.0670	-0.1540	0.3760
58	-0.0250	0.0011	0.0090	-0.0750	-0.1170	0.3760
59	-0.0400	-0.0040	0.0000	-0.0770	-0.2900	0.4660
60	-0.0630	0.0110	0.0040	-0.0410	-0.3510	0.5020
61	-0.0630	-0.0120	-0.0140	-0.0420	-0.4520	0.4200
62	-0.0930	0.0040	-0.0060	-0.0010	-0.4480	0.3960
63	-0.0780	0.0120	-0.0020	-0.1360	-0.4480	0.4660
64	-0.0590	0.0190	0.0010	-0.2110	-0.2050	0.4150
65	-0.0450	0.0460	0.0010	-0.2330	-0.2560	0.3430
66	-0.0690	0.0230	-0.0100	-0.0900	-0.4380	0.4240
67	-0.0630	0.0070	-0.0120	-0.0290	-0.4270	0.4430
68	-0.0630	-0.0070	-0.0120	-0.0130	-0.2470	0.3600
69	-0.0220	-0.0010	-0.0180	-0.0740	-0.1360	0.3880
70	-0.0350	0.0070	0.0010	-0.1260	-0.1950	0.4180
71	-0.0310	0.0160	-0.0120	-0.1080	-0.1070	0.4200
72	0.0150	0.0170	-0.0130	-0.0600	0.0610	0.4470
73	0.0040	0.0006	-0.0090	-0.1760	0.2170	0.4250
74	0.0180	0.0300	-0.0030	-0.2280	0.2660	0.4330
75	-0.0070	0.0250	-0.0060	-0.1240	0.0290	0.4730
76	-0.0010	0.0270	-0.0070	-0.1740	0.0130	0.5470
77	-0.0020	0.0240	0.0050	-0.1270	-0.0600	0.6330
78	-0.0270	0.0180	-0.0100	-0.1070	-0.0970	0.7540
79	-0.0090	0.0150	0.0010	-0.0660	-0.0250	0.7760
80	-0.0090	-0.0120	0.0000	-0.0660	-0.0810	0.8250
81	-0.0080	0.0016	0.0050	-0.0850	0.0560	0.8810
82	-0.0090	0.0320	-0.0090	-0.2060	-0.0960	0.9280
83	-0.0030	0.0280	0.0050	-0.1950	0.0680	0.8050
84	0.0000	0.0180	-0.0020	-0.0820	-0.0080	0.7520
85	0.0070	0.0000	-0.0220	-0.0010	0.0980	0.6990
86	0.0350	-0.0130	-0.0280	0.0610	0.2000	0.6990
87	0.0030	-0.0170	-0.0280	-0.2100	0.0380	0.7440
88	0.0040	0.0040	0.0060	-0.0090	0.1160	0.8240
89	0.0140	-0.0120	-0.0040	0.0350	0.0030	0.8510
90	-0.0120	0.0100	0.0070	-0.0860	0.1580	0.7100
91	0.0070	-0.0030	0.0020	-0.1260	0.0000	0.7080
92	0.0050	0.0020	-0.0100	-0.0060	0.0000	0.7230
93	0.0150	-0.0110	-0.0110	-0.0210	0.0760	0.6380
94	0.0030	-0.0010	-0.0080	-0.0540	0.1470	0.5180
95	0.0090	0.0000	0.0070	-156.0000	0.0560	0.4950
96	-0.0090	0.0330	0.0000	-0.1920	-0.0820	0.5840
97	-0.0060	0.0040	0.0000	-0.0420	-0.0550	0.6510
98	-0.0600	-0.0200	-0.0090	-0.0430	-0.2120	0.6820
99	-0.0210	-0.0100	-0.0070	0.1360	-0.2140	0.7460
100	-0.0320	-0.0090	-0.0080	0.0710	-0.1120	0.6500
101	-0.0270	-0.0090	-0.0030	0.0110	-0.0890	0.4900
102	-0.0100	0.0030	-0.0020	-0.0270	0.2600	0.4120
103	-0.0250	0.0180	-0.0190	-0.0840	-0.1690	0.5020
104	0.0110	0.0040	0.0050	-0.0850	0.1060	0.5000
105	-0.0150	0.0040	-0.0080	33.0000	0.0070	0.5210
106	0.0030	-0.0120	0.0000	-0.0170	0.0220	0.4530
107	-0.0050	-0.0080	0.0000	0.0310	-0.0430	0.4190
108	-0.0270	-0.0010	0.0680	-0.0210	0.2930	0.4060
109	-0.0090	-0.0160	-0.0040	0.0800	0.1170	0.3280
110	0.0000	-0.0230	0.0040	0.1360	-0.0250	0.3060
111	-0.0020	-0.0130	0.0020	0.0960	-0.0030	0.2850
112	0.0210	0.0010	-0.0110	0.0100	0.1150	0.1640
113	-0.0170	0.0070	-0.0110	-0.1310	0.0450	0.1380
114	0.0310	0.0040	-0.0160	-0.0620	0.2330	0.0130
115	0.0400	0.0170	0.0150	-0.0410	0.1320	0.0040
116	0.0340	0.0010	-0.0200	-0.1920	0.2000	-0.0430
117	0.0460	0.0260	0.0090	-0.2380	0.2400	0.1020
118	-0.0010	0.0240	-0.0050	-0.1270	-0.0280	0.2280
119	0.0040	0.0370	-0.0160	-0.2650	0.0240	0.3150
120	-0.0480	0.0300	0.0000	-0.1220	-0.1630	0.3600
121	-0.0190	0.0170	-0.0190	-0.1800	-0.0570	0.3640
122	-0.0020	0.0190	0.0190	-0.0420	-0.0870	0.4450
123	-0.0670	0.0200	0.0000	-0.1290	-0.2560	0.6010
124	-0.0450	0.0250	-0.0030	-0.1230	-0.2430	0.5330
125	-0.0320	0.0340	0.0180	-0.0340	-0.1900	0.3700
126	-0.0690	0.0000	-0.0250	-0.1590	-0.0870	0.3110
127	-0.0190	0.0410	-0.0060	-0.2490	-0.1280	0.3600
128	-0.0600	0.0320	0.0090	-0.1260	0.0000	0.3360
129	-0.0980	0.0200	-0.0040	-0.2050	-0.4900	0.3490
130	-0.0670	0.0220	-0.0020	-0.1830	-0.3430	0.5000
131	-0.0760	0.0210	-0.0150	-0.1160	-0.5650	0.4470
132	-0.1270	-0.0050	0.0080	0.0780	-0.6510	0.4990
133	-0.1250	0.0020	-0.0050	-0.0550	-0.7440	0.4150
134	-0.1140	0.0080	-0.0160	-0.1680	-0.4680	0.4450
135	-0.0930	0.0330	-0.0030	-0.1720	-0.4930	0.3460
136	-0.1090	0.0210	-0.0110	-0.0630	-0.6290	0.2220
137	-0.0970	0.0220	-0.0050	-0.1690	-0.5120	-0.0140
138	-0.0930	0.0160	0.0050	-0.1850	-0.5320	-0.0450
139	-0.0520	0.0260	-0.0120	-0.1790	-0.2490	-0.1430
140	-0.0270	0.0260	-0.0100	-0.2010	-0.1680	-0.1290
141	-0.0220	0.0300	-0.0080	-0.3580	0.1120	-0.0530
142	0.0050	0.0710	-0.0160	-0.5100	0.2070	0.0230
143	0.0160	0.0840	-0.0180	-0.4640	0.2300	-0.1169
144	0.0280	0.0700	0.0050	-0.3540	0.0810	-0.2460
145	-0.0100	0.0410	-0.0150	-0.2030	-0.2230	-0.2680
146	-0.0560	0.0310	-0.0060	-0.1780	-0.2150	-0.2750
147	-0.0580	0.0280	0.0000	-0.0630	-0.4430	-0.1830
148	-0.0830	0.0080	-0.0010	-0.0250	-0.5920	-0.1410
149	-0.1040	0.0080	-0.0040	-0.0770	-0.5080	-0.2450
150	-0.0860	0.0090	0.0040	-0.0280	-0.5530	-0.1690
151	-0.0920	0.0030	-0.0030	-0.0080	-0.5720	-0.1830
152	-0.0970	0.0050	-0.0050	-0.0560	-0.5780	-0.1650
153	-0.0900	0.0080	-0.0060	-0.0090	-0.5080	-0.2330
154	-0.0930	-0.0030	0.0000	0.0160	-0.5140	-0.2930
155	-0.0880	-0.0010	-0.0030	0.0100	-0.5210	-0.2330
156	-0.0870	0.0030	0.0000	0.0060	-0.4660	-0.2490
157	-0.0880	-0.0030	0.0010	0.0290	-0.5080	-0.3400
158	-0.0970	-0.0080	-0.0010	0.0820	-0.5430	-0.4090
159	-0.0940	-0.0150	-0.0040	0.1340	-0.5600	-0.4180
160	-0.0910	-0.0110	-0.0050	0.0540	-0.5220	-0.3090
161	-0.0930	-0.0090	-0.0020	0.0800	-0.2330	-0.2550
162	-0.0890	-0.0190	0.0030	0.0830	-0.4140	-0.3270
163	-0.0830	-0.0120	-0.0040	0.0730	-0.4710	-0.2930
164	-0.0860	-0.0160	-0.0050	0.0770	-0.4650	-0.2390
165	-0.0770	-0.0080	0.0040	0.0970	-0.4670	-0.1820
166	-0.0810	-0.0200	-0.0010	0.1120	-0.4140	-0.0750
167	-0.0670	-0.0170	-0.0020	0.0610	-0.3620	0.0600
168	-0.0610	-0.0140	0.0000	0.0520	-0.3680	0.1510
169	-0.0630	-0.0050	0.0000	0.0370	-0.3500	0.1740
170	-0.0610	-0.0060	-0.0030	0.0170	-0.3460	0.2000
count	accelx	accely	accelz	roll	pitch	heading
1	0.0000	0.0000	-0.0010	-0.0790	0.0190	-1.0210
2	0.0040	0.0140	-0.0010	-0.0870	0.0170	-1.0160
3	0.0040	0.0140	0.0000	-0.0950	0.0130	-1.0630
4	0.0040	0.0170	0.0010	-0.1010	0.0200	-0.9910
5	0.0060	0.0160	0.0000	-0.1130	0.0260	-0.9910
6	0.0060	0.0170	-0.0010	-0.1120	0.0270	-0.9550
7	0.0030	0.0170	-0.0030	-0.1030	0.0220	-0.9070
8	0.0050	0.0160	0.0010	-0.1020	0.0320	-0.9250
9	0.0080	0.0150	0.0020	-0.1110	0.0490	-0.8950
10	0.0100	0.0180	-0.0030	-0.1090	0.0440	-0.8990
11	0.0090	0.0180	-0.0020	-0.1210	0.0450	-0.8740
12	0.0090	0.0190	0.0000	-0.1220	0.0480	-0.9200
13	0.0100	0.0190	0.0000	-0.1121	0.0540	-0.8520
14	0.0110	0.0210	-0.0010	-0.1400	0.0670	-0.9150
15	0.0120	0.0230	0.0020	-0.1530	0.0640	-0.9280
16	0.0120	0.0250	0.0000	-0.1500	0.0670	-0.8960
17	0.0080	0.0270	-0.0090	-0.1440	0.0190	-0.9410
18	0.0120	0.0220	-0.0050	-0.2190	0.0960	-0.8460
19	0.0200	0.0400	-0.0020	-0.3000	0.1600	-0.8980
20	0.0220	0.0520	0.0000	-0.2920	0.1660	-0.8490
21	0.0270	0.0510	-0.0030	0.2870	0.1640	-0.8820
22	0.0240	0.0490	0.0000	-0.3040	0.1670	-0.8420
23	0.0320	0.0450	0.0000	-0.2970	0.1580	-0.7910
24	0.0230	0.0490	-0.0060	-0.2810	0.1340	-0.7460
25	0.0160	0.0490	-0.0080	-0.3090	0.0800	-0.7810
26	0.0200	0.0500	-0.0030	-0.2950	0.0470	-0.7700
27	0.0340	0.0450	0.0040	-0.2670	0.0650	-0.7730
28	0.0330	0.0470	0.0030	-0.1490	0.6700	-0.8530
29	-0.0220	0.0280	0.0000	-0.1840	0.0790	-0.7720
30	0.0110	0.0270	0.0030	-0.1780	-0.0220	-0.7120
31	-0.0120	0.0390	0.0000	-0.1540	-0.0850	-0.7800
32	-0.0260	0.0050	-0.0070	-0.0600	0.0090	-0.7260
33	-0.0010	0.0050	0.0100	-0.0750	0.1680	-0.6680
34	0.0040	0.0060	-0.0100	-0.0970	0.0310	-0.6330
35	0.0430	0.0000	0.0130	-0.1120	0.3210	-0.6610
36	0.0580	0.0170	-0.0160	-0.0900	0.2860	-0.7040
37	0.0500	0.0320	-0.0380	-0.0380	0.3030	-0.5900
38	0.0600	-0.0040	-0.0090	0.0050	0.2720	-0.6970
39	0.0340	-0.0010	-0.0140	-0.0840	0.2160	-0.6710
40	0.0080	-0.0060	0.0530	0.5940	0.5660	-0.7590
41	0.1970	-0.1430	-0.0290	0.2630	1.4620	-0.8680
42	0.3050	-11.0000	-0.0180	-0.1700	1.7000	-1.2030
43	0.2360	-0.0310	0.0650	0.4870	1.4710	-1.4060
44	0.2400	-0.1900	0.0480	0.7670	1.0540	-1.0400
45	0.0960	-0.1620	0.0200	0.5670	0.9660	-1.0320
46	0.2380	-0.1820	-0.0010	0.5730	1.4120	-0.9760
47	0.1550	-0.1770	-0.0530	0.1110	1.6900	-0.7090
48	0.3270	-0.0470	-0.0850	0.5130	2.2170	-1.3000
49	0.2860	-0.0500	-0.0200	0.7340	1.5590	-1.3310
50	0.2270	-0.2020	-0.0340	0.2180	1.3220	-1.0670
51	0.2190	-0.1260	0.0310	1.1110	1.1070	-1.2690
52	0.0790	-0.2570	-0.0370	0.9670	0.7190	-1.2190
53	0.1420	-0.3000	-0.0440	1.0970	0.8280	-1.6390
54	0.1160	-0.2740	-0.0500	1.2850	0.8350	-1.7210
55	0.1380	-0.3020	-0.1180	1.2120	0.7390	-1.7490
56	0.2580	-0.3460	-0.0740	1.5700	1.8240	-1.5700
57	0.2760	-0.0960	0.0090	0.0480	1.4950	-1.4590
58	0.2680	0.0150	-0.0130	-0.4320	1.6030	-1.3270
59	0.3440	0.1020	-0.0300	-1.0870	2234.0000	-1.2470
60	0.4070	0.2510	-0.0210	-1.4340	2.1130	-1.1600
61	0.3120	0.2170	-0.0610	-1.2930	1.7250	-0.9450
62	0.1040	0.0480	-0.0260	-0.5500	0.8560	-0.7670
63	0.1420	0.0000	-0.0130	-0.2010	-0.4200	-0.6230
64	0.2330	-0.1920	-0.0670	0.8290	1.0280	-0.5740
65	0.1630	-0.2220	-0.3900	0.3683	0.7460	-0.5490
66	0.1160	-0.0980	-0.0300	0.5120	1.4040	-1.0180
67	0.1420	-0.0450	0.0160	0.0810	1.3220	-0.7480
68	0.2290	-0.1220	-0.0440	0.3260	0.5950	-0.5950
69	0.1110	-0.2270	0.2120	0.5930	0.6690	-0.3910
70	0.1770	-0.2690	0.2100	0.5170	0.4610	-0.0540
71	-0.1660	-0.3590	-0.0990	1.7410	-0.7290	0.2240
72	-0.0590	-0.2750	0.0220	2.3220	-0.4480	-0.1910
73	0.0420	-0.3910	-0.0610	2.2920	-0.5420	-0.4040
74	0.1060	-0.2410	-0.0840	2.2040	0.0630	-1.1880
75	0.0290	0.1280	-0.2410	1.3030	-0.7830	-1.3680
76	-0.1020	0.2440	-0.2890	-0.1690	-0.2270	-0.6930
77	0.0750	-0.1840	0.2450	-0.5760	-1.5170	-0.0500
78	-0.0050	-0.1250	0.0040	-1.2400	2.7650	0.5390
79	0.7000	-0.1960	-0.0290	2.1480	0.5740	0.5390
80	-0.1420	-0.3450	0.0250	3.2790	-1.6610	4.7490
81	-0.4490	-0.5910	-0.0350	1.5210	-5.9290	8.1680
82	-1.0270	-0.5680	-0.1910	2.4160	-7.7350	10.2400
83	-1.6930	-0.5810	-0.2880	1.5190	-8.6870	9.5240
84	-1.2700	0.1000	-0.3300	0.1020	-3.6270	7.4280
85	-1.1690	-0.6840	-0.3640	1.7610	-4.9150	6.7330
86	-1.3930	-0.3390	-0.1020	3.7480	-5.4930	4.7460
87	-1.5400	-0.8640	0.0400	3.1620	-5.7090	3.1880
88	-0.7490	-0.8290	-0.0480	3.9080	-4.3400	1.8770
89	-0.5870	-0.6350	-0.1150	2.1400	-4.4620	1.5910
90	-0.0110	-0.5610	0.0330	2.4660	-0.8970	-0.2120
91	0.4770	-0.5280	-0.1470	5.0930	2.7220	-0.4730
92	1.2180	-1.0060	-0.4340	4.6300	5.7790	-0.2820
93	0.7630	-1.1700	-0.2590	5.0120	8.4550	0.0480
94	1.0000	-0.7110	-0.2380	5.9160	8.2910	-1.2480
95	0.6270	-0.7200	-0.1150	4.4500	5.3430	0.1930
96	-0.6170	-1.0520	-0.2960	6.3290	-0.5260	-0.1350
97	-0.1770	-0.6350	5.3560	-1.8710	-0.0700	-0.2070
98	-0.2380	-0.8310	-0.1830	4.1370	-2.4390	0.0340
99	-0.1860	-1.1460	-0.3200	5.6970	-0.3820	-0.3030
100	-0.1910	-0.6790	-0.3380	4.3160	0.5410	-0.8670
101	-1.0150	-0.8760	-0.1730	6.2770	-4.6300	-1.4460
102	-2.0020	-1.2770	-0.3520	7.1630	-8.1800	-1.6920
103	-0.7890	-1.0530	-0.2860	6.1900	-6.8720	-2.7830
104	-1.2330	-1.4800	-0.4280	7.6820	-4.7630	-3.1710
105	-1.4090	-1.0890	-0.3430	6.6930	-4.4030	-4.9030
106	-1.6900	-0.9930	-0.0200	5.6550	-5.6660	-5.9090
107	-1.3460	-0.9080	-0.0560	4.6420	-6.3380	-6.5210
108	-1.6300	-0.8110	-0.1470	4.2430	-6.0490	-8.2130
109	-1.5160	-0.6920	-0.1600	3.7880	-6.3150	-8.3940
110	-1.5210	-1.0320	-0.1780	4.5230	-7.7970	-8.9900
111	-1.4480	-0.8480	-0.6080	3.8770	-6.2060	-9.3560
112	-1.4610	-0.2510	-0.4280	4.1850	-6.1030	-9.3360
113	-1.3430	-0.5040	-0.1220	3.4810	-5.6800	-9.3240
114	-0.8930	-0.6710	-0.1310	2.7650	-4.5470	-9.2060
115	-0.9690	-0.6670	-0.1680	2.7110	-4.3370	-8.3380
116	-1.1330	-0.7470	-0.0430	4.8640	-5.2220	-6.7870
117	-0.3060	-0.6360	0.1190	4.4760	-3.2670	-4.9320
118	-0.2720	-1.1400	0.2200	5.2660	-2.4060	-3.4410
119	-0.2150	-1.0060	0.2550	6.7380	-1.2910	-1.6680
120	-0.5550	-0.3990	0.2460	3.6440	-2.8570	1.0120
121	-0.9800	-1.1100	-0.0530	4207.0000	-5.2800	2.1010
122	-1.6670	-0.9450	-0.1210	4.6150	-10.2060	5.2630
123	-1.5100	-0.2250	-0.1360	4.4980	-9.0570	5.0590
124	-1.1940	-0.3810	-0.3240	-0.0550	-8.1120	3.1280
125	-1.4970	0.1800	-0.1150	-3.7070	-6.0340	3.7830
126	-0.5120	0.2960	-0.0330	-4.4580	-4.9940	3.8820
127	-1.7060	0.3120	-0.4530	-7.2590	-6.7750	6.4250
128	-0.9160	1.4620	-0.0220	-9.0040	-5.0800	4.6610
129	-1.3690	0.9110	0.0830	-7.9410	-5.7170	5.2180
130	-1.6800	0.5610	0.0520	-7.1090	-5.9060	4.3530
131	-1.2200	1.4630	-0.5080	-9.8400	-3.8580	3.9100
132	-1.2630	1.2440	-0.4540	-10.7870	-6.2340	4.2070
133	-0.8180	0.6790	-0.1000	-7.0280	-5.4980	2.5140
134	-0.7380	1.0580	-0.4270	-6.5640	-3.8150	1.0760
135	-0.5920	1.0750	-0.7120	-8.0020	-1.1170	1.0350
136	-0.8750	0.9010	-1.2310	-7.4010	-3.4470	0.7180
137	-0.4220	1.4080	-1.2620	-8.0220	-2.9640	0.2820
138	-0.5570	1.1480	-1.1470	-9.2460	-1.4940	-0.5240
139	-0.7130	1.3080	-0.6880	-7.3700	-3.1980	-0.2270
140	-0.5610	1.4530	-0.2420	-7.8260	-2.2080	-0.4640
141	-0.5150	1.6080	0.1370	-8.1230	-2.1460	0.2100
142	-0.5800	1.6000	0.1590	-8.3080	-1.5400	0.4250
143	-1.2400	1.8070	0.0260	-8.6550	-4.1730	-0.0410
144	-0.7500	1.9280	0.0460	-9.8210	-5.4470	2.0470
145	-0.6230	1.6350	-0.0860	-11.0020	-3.9730	2.1720
146	-0.4910	1.2390	-0.4510	-7.9400	-2.1720	1.9730
147	-0.4700	1.7090	-0.7800	-9.5500	-2.1570	3.6120
148	-0.2200	1.4960	-0.9600	-8.6540	-2.3480	4.9260
149	-0.1420	1.1890	-0.3710	-7.7820	-0.6410	5.6130
150	-0.3970	1.4390	-0.0530	-8.0750	1.1000	6.2660
151	0.1530	1.7610	0.2350	-12.0110	3.1320	6.9260
152	-1.1080	2.3430	-0.3150	-16.2910	-1.2200	7.6320
153	-1.4490	2.2410	-0.3410	-14.5140	-5.3070	10.8730
154	-0.9820	1.5610	0.1470	-10.2620	-6.7920	11.4510
155	-1.8640	1.0380	-0.1060	-11.0740	-9.1700	10.7520
156	-1.6480	1.3590	-0.0590	-9.9020	-8.3350	11.3760
157	-1.8560	0.9330	-0.3600	-8.8990	-8.0440	10.6430
158	-1.3220	0.7840	-0.1460	-8.8130	-6.5880	7.3860
159	-1.1350	0.8430	-0.6080	-7.7640	-5.5110	5.6300
160	-1.0460	0.6620	-0.7230	-5.3000	-3.5160	2.9750
161	-1.0270	0.7780	-1.0140	-5.6670	-3.4010	2.5570
162	-0.9950	0.8000	-1.2970	-6.3880	-5.4900	1.8650
163	-1.0510	1.2530	-1.1730	-8.7380	-4.0810	1.4220
164	-1.7910	1.5030	-1.3660	-9.4820	-7.7930	2.1360
165	-1.2700	1.7380	-0.9110	-12.0570	-8.1640	2.0460
166	-1.5190	1.4300	-0.3390	-11.3750	-7.8220	2.3560
167	-1.6700	1.5550	-0.2240	-8.8960	-8.2880	1.8370
168	-1.3980	1.8410	0.2270	-9.8760	-7.1820	1.8910
169	-1.4350	1.1440	0.3660	-8.6920	-8.7560	2.3390
170	-1.5730	1.2500	-0.3360	-6.6900	-7.9750	3.0800
171	-1.6700	1.5290	-0.2240	-6.9960	-8.8070	2.9740
172	-1.5770	1.0970	0.2430	-7.5480	-9.0920	2.9800
173	-0.9610	0.7740	0.0950	-7.2980	-6.8030	3.0520
174	-1.5690	1.0440	-0.0120	-7.0240	-7.2970	3.8340
175	-1.3680	1.2880	0.1760	-9.5020	-6.9270	3.9350
176	-1.1550	0.9830	0.0860	-9.0380	-8.1860	4.8580
177	-1.9140	1.2140	0.0690	-9.0300	-10.0350	6.0830
178	-1.9760	0.9070	0.0890	-9.8240	-13.3090	7.5650
179	-2.3020	0.8290	-0.2890	-7.6680	-13.2010	10.1150
180	-2.6200	0.7540	-0.5140	-11.9130	-12.0280	11.6550
181	-2.3840	1.4320	-0.4520	-12.5680	-11.1540	10.3190
182	-2.0290	1.3430	-0.5730	-13.0180	-10.0440	10.5200
183	-1.9240	0.8260	-0.6670	-11.6040	-8.7910	8.3920
184	-1.7850	1.6550	-0.5270	-13.2200	-8.0270	7.1300
185	-2.1020	2.0680	-0.2660	-14.2140	-8.2030	6.9520
186	-1.4270	1.7240	-0.2230	-14.5060	-6.8030	6.2620
187	-2.3980	2.1290	-0.4720	-13.5250	-9.3440	6.7420
188	-2.5540	2.3340	-0.5570	-14.1130	-11.8670	6.1510
189	-2.2180	2.5000	-0.2830	-15.1860	-13.1550	6.6120
190	-2.4100	2.2000	-0.1850	-14.9350	-11.6600	5.2070
191	-2.1680	2.1620	-0.4040	-13.8020	-11.1060	4.7420
192	-2.2610	2.1110	-0.5790	-13.4720	-10.5070	4.1370
193	-2.1810	2.0060	-0.6670	-13.7190	-9.7550	3.2990
194	-1.9060	1.9900	-0.6500	-13.0330	-9.4470	3.5940
195	-2.1230	1.9220	-0.4520	-13.2650	-9.1830	3.4100
196	-2.0310	1.8210	-1.0170	-12.5610	-9.8260	4.2480
197	-1.6550	2.4010	-1.1360	-14.4730	-8.2580	4.0210
198	-1.6980	2.0810	-0.9620	-14.7420	-8.9830	3.8800
199	-2.0420	2.2900	-1.0150	-13.8380	-9.5840	4.9450
200	-2.0600	2.4980	-0.8700	-15.2210	-9.7880	4.8580
201	-2.5450	2.1880	-0.2730	-15.8360	-11.2130	6.9860
202	-2.3350	2.2600	-0.0900	-15.0570	-10.9260	7.1280
203	-2.3950	2.0210	-0.2720	-14.7190	-9.5460	7.5870
204	-2.4150	1.7880	-0.2980	-13.6170	-10.7450	6.4410
205	-2.3290	1.5600	-0.0020	-12.1290	-10.3990	5.8440
206	-2.1880	1.3750	0.1130	-9.6250	-11.6550	4.0770
207	-2.2560	1.2480	-0.1310	-8.6010	-10.2810	2.5610
208	-1.9700	1.7900	-0.2650	-10.5090	-9.5130	2.0120
209	-1.8730	1.8360	-0.0270	-9.8350	-9.6980	1.8690
210	-1.8570	1.4730	-0.0200	-7.9780	-9.9460	1.1880
211	-1.8270	1.6990	-0.3330	-10.1580	-8.8400	1.2350
212	-1.8870	1.9100	-0.2860	-11.2890	-8.7570	1.8750
213	-1.8500	1.6360	-0.2600	-9.8590	-8.5490	2.7320
214	-1.5060	1.6500	-0.5060	-10.2060	-6.9980	3.1340
215	-1.5710	1.3290	-0.5330	-8.7730	-8.2770	4.8480
216	-1.3250	1.1290	-0.3040	-7.8490	-7.3950	4.1820
217	-1.5000	0.6840	-0.6370	-4.1700	-7.9340	5.1800
218	-1.3160	0.6520	-0.5050	-2.1230	-7.8960	4.9500
219	-1.2990	0.8460	-0.1230	-4.2630	-6.5510	5.3800
220	-1.7250	0.4380	-0.3930	-1.9680	-7.7380	6.5180
221	-1.0260	0.8560	-0.3950	-3.7500	-5.4730	6.6750
222	-1.7000	0.5400	-0.4040	-3.3650	-8.0580	8.4850
223	-1.8260	0.3720	-0.2690	-3.0100	-8.4700	8.2490
224	-1.2670	0.6160	-0.3790	-4.4550	-7.3790	6.8530
225	-1.3320	0.9520	-0.4190	-6.6270	-7.9650	8.0370
226	-1.0850	0.5060	-0.5670	-5.0020	-5.1000	6.7820
227	-0.8840	0.4420	-0.3720	-2.0720	-5.6870	6.7430
228	-0.6340	0.2060	0.0020	-1.3860	-2.5330	6.5340
229	-0.5840	-0.1170	-0.0230	-0.3140	-4.8900	7.2660
230	-0.8990	-0.0990	-0.0400	-0.6610	-3.8280	6.2550
231	-0.3650	-0.1780	0.4170	-2.4600	-3.3050	6.3340
232	-1.1830	-0.8170	0.8100	-0.9680	-4.4490	7.3100
233	-0.9070	-0.0320	-0.0690	-1.1420	-5.2030	6.8850
234	-0.7480	-0.8170	-0.3280	0.7850	-6.6150	7.9520
235	-0.7690	-0.8640	-0.3750	1.5820	-7.6830	8.3550
236	-1.9520	-1.2950	0.0200	2.7540	-10.7080	9.0160
237	-1.6670	-0.9680	-0.1640	1.8840	-9.9190	9.4610
238	-1.6190	-0.7220	-0.0270	1.9790	-9.3160	9.0780
239	-1.7030	-0.6640	-0.1090	1.2870	-9.4840	8.8080
240	-1.4600	-0.5420	-0.1470	2.4010	-9.2480	8.7470
241	-1.5940	-0.7550	-0.2410	2.5670	-9.4220	8.3650
242	-1.4660	-0.6180	-0.1600	2.4250	-9.0230	7.7410
243	-1.4850	-0.6400	-0.1290	2.4450	-8.8790	7.4720
244	-1.4600	-0.6490	-0.1340	2.8370	-8.7110	7.0160
245	-1.4080	-0.6210	-0.1210	2.7810	-8.6050	6.7350
246	-1.3740	-0.5980	-0.1200	2.5870	-8.2850	6.4400
247	-1.3500	-0.5770	-0.1190	2.6050	-8.2670	6.1470
248	-1.3120	-0.5630	-0.1040	2.5510	-8.0120	5.6710
249	-1.2960	-0.5540	-0.1000	2.5920	-7.7980	5.4800
250	-1.2720	-0.5590	-0.0930	2.6050	-7.6560	5.3360
251	-1.2500	-0.5470	-0.0950	2.5940	-7.4830	5.1750
252	-1.2180	-0.5430	-0.0970	2.5480	-7.3480	5.0840
253	-1.1950	-0.5240	-0.0880	2.4720	-7.1420	4.9060
254	-1.1770	-0.5240	-0.0870	2.5250	-7.0660	4.8080
255	-1.1610	-0.5090	-0.0860	2.4520	-6.9180	4.8180
256	-1.1390	-0.4930	-0.0800	2.3790	-6.8520	4.8280
257	-1.1360	-0.5020	-0.0740	2.3250	-6.7120	4.7950
258	-1.1100	-0.4730	-0.0800	2.2550	-6.6470	4.7870
259	-1.0950	-0.4730	-0.0780	2.2720	-6.5590	4.7930
260	-1.0770	-0.4670	-0.0700	2.2300	-6.4310	4.7380
261	-1.0600	-0.4530	-0.0750	2.1600	-6.3770	4.6100
262	-1.0420	-0.4480	-0.0660	2.1330	-6.1930	4.5270
263	-1.0250	-0.4320	-0.0630	2.1010	-6.1450	4.5310
264	-1.0050	-0.4280	-0.0620	2.0070	-5.9240	4.5730
265	-0.9730	-0.4050	-0.0530	1.9170	-5.7890	4.6120
266	-0.9540	-0.3930	-0.0560	1.8810	-5.6480	4.6000
267	-0.9320	-0.3820	-0.0530	1.8280	-5.5470	4.6050
268	-0.9150	-0.3710	-0.0530	1.7790	-5.4370	4.4830
269	-0.8960	-0.3580	-0.0460	1.7380	-5.3220	4.3390
270	-0.8800	-0.3540	-0.0470	1.7130	-5.2240	4.3680
count	accelx	accely	accelz	roll	pitch	heading
count	accelx	accely	accelz	roll	pitch	heading
1	0.0150	-0.0220	-0.0010	0.1180	0.0810	1.2950
2	0.0140	-0.0220	-0.0010	0.1170	0.0800	1.2910
3	0.0140	-0.0210	0.0020	0.1110	0.0770	1.2580
4	0.0140	-0.0200	0.0020	0.1120	0.0850	1.2370
5	0.0130	-0.0200	0.0030	0.1090	0.0710	1.1540
6	0.0130	-0.0180	0.0040	0.0980	0.0660	0.9570
7	0.0110	-0.0180	-0.0010	0.0990	0.0600	0.8750
8	0.0100	-0.0170	0.0020	0.1020	0.0500	0.8230
9	0.0090	-0.0200	0.0010	0.0990	0.0470	0.7230
10	0.0070	-0.0200	0.0020	0.1020	0.0410	0.7530
11	0.0070	-0.0190	0.0000	0.1010	0.0370	0.7100
12	0.0040	-0.0210	-0.0010	0.1150	0.0280	0.6590
13	0.0070	-0.0210	0.0000	0.1120	0.0290	0.6660
14	0.0050	-0.0200	0.0000	0.1060	0.0360	0.6040
15	0.0060	-0.0200	0.0020	0.1040	0.0380	0.5500
16	0.0070	-0.0170	0.0000	0.0880	0.0370	0.4400
17	0.0050	-0.0160	0.0000	0.0920	0.0290	0.5570
18	0.0050	-0.0170	-0.0010	99.0000	0.0480	0.5650
19	0.0020	-0.0200	0.0060	0.1199	0.0560	0.4690
20	0.0070	-0.0380	0.0020	0.1260	0.0520	0.4560
21	0.1480	-0.0560	0.2710	0.1710	0.3040	0.2930
22	0.0910	-0.3240	1.4700	-0.0690	0.6330	0.2760
23	-1.0590	-0.2450	1.6650	0.4910	-2.5560	-0.4730
24	0.3610	-0.1900	0.7480	0.5770	-5.0000	-1.4680
25	0.4010	-0.0370	-0.6270	-0.7920	-4.5700	-2.0520
26	-0.2770	0.4450	-0.9840	-2.7190	-4.1260	-2.0840
27	-0.1220	0.8660	-1.0000	-7.4430	-3.3880	-1.7360
28	-0.2160	1.2260	-0.7930	-11.4120	-2.9610	-1.0290
29	-0.1820	1.3060	-0.5670	-15.0440	-2.2820	-0.3330
30	-0.4460	0.9010	-0.2550	-17.8190	-1.8930	0.6250
31	-0.5400	0.4280	-0.1660	-18.6550	-2.1490	1.7870
32	-0.1690	0.1850	-0.2830	-18.6840	-2.1800	4.2040
33	0.1520	-0.3210	-0.2120	-17.9290	-1.7090	5.9940
34	0.3970	-0.7670	-0.1110	-16.4670	-1.0110	7.8250
35	0.3370	-1.3290	0.0030	-13.6930	-0.6030	8.5330
36	0.5410	-2.0570	-0.1600	-8.8870	-0.1870	8.7230
37	0.4810	-2.0250	-0.4910	-4.3590	0.4090	8.1510
38	0.3670	-1.5750	-0.4210	1.8100	1.6920	7.0680
39	0.1730	-1.2280	-0.1220	4.9410	2.2850	5.9610
40	0.1390	-1.0540	-0.0860	7.2710	2.1990	3.7850
41	0.1470	-0.7380	-0.0410	9.7660	1.7170	0.8200
42	0.0470	-0.1770	-0.0120	10.2990	1.3460	-1.4030
43	0.1490	0.0210	0.1200	10.4150	1.4030	-3.8950
44	-0.0480	0.2500	0.1920	10.4520	1.5930	-6.5350
45	0.0430	0.5410	0.2280	10.2230	1.8290	-8.2220
46	0.0340	0.7650	0.2160	9.4910	1.5990	-8.2220
47	0.0880	1.3110	0.0290	7.1140	1.1960	-11.8970
48	0.2150	1.4420	0.0430	4.7790	0.7210	-12.3710
49	0.2170	1.5050	-0.0410	1.2400	-0.0260	-12.1100
50	-0.0970	1.4050	-3.1290	-0.5660	-9.6840	-10.9070
51	-0.0130	1.3850	-0.0660	-6.5430	-0.9050	-8.7640
52	-0.1580	1.1990	0.0230	-10.9140	-1.3390	-5.6820
53	-0.2150	0.9130	-0.0420	-13.5000	-1.8600	-3.1850
54	-0.1290	0.6510	-0.1010	-15.1680	-2.0730	-0.6880
55	-0.2180	0.2490	-0.1330	-15.8720	-2.1080	1.3410
56	-0.0960	-0.1930	-0.0950	-15.3560	-1.6690	2.9530
57	0.2040	-0.7160	-0.0420	-13.7520	-0.5250	3.8060
58	0.0400	-1.0200	-0.0030	-11.7220	0.4090	3.9470
59	0.5370	-1.6420	-0.1140	-9.3960	2.2690	4.0610
60	1.7640	-1.7120	-0.4050	-7.4090	6.7610	3.6750
61	1.1590	-1.4110	-0.3340	-6.1520	10.3110	2.4350
62	1.2110	-0.6510	-0.3330	-5.3650	11.6330	1.3940
63	1.0940	0.2510	-0.2720	-5.2310	12.7800	1.1800
64	0.1050	0.5970	0.0740	-5.0780	12.8890	1.9520
65	-0.5400	0.6210	0.3860	-4.6390	11.7850	3.7120
66	-1.1530	0.0690	0.5990	-3.5240	8.7680	5.4370
67	-1.8280	-0.1790	0.3130	-2.0660	4.0640	6.3900
68	-2.0560	-0.2390	0.0400	-1.5370	0.1470	6.6420
69	-2.1960	-0.3720	-0.0930	-1.0550	-4.8950	6.2160
70	-2.1570	-0.5000	-0.0820	-0.4310	-9.4780	4.8380
71	-1.5520	-0.2500	-0.1580	0.7400	-15.1210	2.8640
72	-1.1830	0.0530	-0.4010	1.2260	-18.2950	2.0730
73	-0.1410	0.1860	-0.3870	0.9400	-20.6690	1.7788
74	0.3830	0.0570	-0.3630	0.7690	-20.5090	1.7190
75	0.4980	0.0180	-0.3740	0.6210	-19.7270	1.0000
76	1.0310	0.2020	-0.5030	-0.2800	-18.1520	1.3660
77	1.3810	-0.0510	-0.6410	-0.4640	-14.7110	0.6480
78	1.3740	0.1180	-0.5860	-0.6120	-11.0820	0.3280
79	1.3190	0.1170	-0.5280	-1.0680	-4.7790	0.2510
80	2.3610	0.3170	-0.8090	-2.0860	2.0810	0.7110
81	2.0200	0.2470	-0.6590	-2.7400	7.5410	1.4470
82	1.3330	0.1250	0.0000	-3.1810	12.4920	2.3380
83	0.8790	0.0930	0.2740	-3.1100	12.8320	3.4870
84	0.4840	0.0870	0.4090	-3.3990	11.8040	4.4500
85	-0.9600	-0.3420	0.8150	-3.3730	8.5840	5.0450
86	-1.5750	-0.4600	0.6160	-2.8930	3.7810	5.0180
87	-1.9360	-0.5960	0.5880	-2.7790	-0.1320	4.5250
88	-2.2040	-0.7070	0.2100	-2.0040	-3.6310	3.8250
89	-1.9550	-0.4200	-0.6520	-1.3450	-5.9200	3.4310
90	-0.9720	-0.5820	-1.0120	-1.8590	-4.6880	3.3140
91	-0.5540	-0.7920	-0.8440	-2.5040	-2.6860	3.2530
92	0.5770	0.2110	-0.2480	-4.7410	-1.1520	2.5120
93	0.8460	1.2120	0.3220	-6.4430	0.4130	1.5460
94	0.4420	1.4670	0.5460	-6.3730	0.6260	1.1530
95	-0.0490	2.0020	0.4770	-5.3200	0.4480	0.9810
96	-0.1350	0.9810	0.1520	-2.5090	0.4840	0.9800
97	0.0620	-0.7270	-0.2410	1.2480	1.4010	0.9760
98	0.4200	-3.0610	-0.5380	3.2010	2.4910	1.2120
99	0.6010	-3.4800	-0.4370	2.4860	2.7880	1.6560
100	0.3990	-3.2470	0.1920	-0.5580	2.1210	2.0230
101	-0.1910	-2.1520	0.3660	-4.8170	0.7970	1.1640
102	-0.2940	0.2820	0.0800	-7.9870	0.2090	0.0000
103	-0.5990	2.2860	0.0500	-8.7530	0.3660	-0.7290
104	-0.6380	3.5610	0.0920	-6.6950	0.3870	-1.7760
105	-0.5010	2.2050	0.2190	-3.2310	1.1820	-1.9100
106	-0.3130	0.5210	0.0030	-0.8330	2.9990	-1.7160
107	1.6900	-1.2430	-0.3290	0.2680	3.7570	-0.0920
108	3.2410	-1.6060	0.0320	-0.0590	1.4170	1.6510
109	2.0640	-0.9570	0.3340	-0.6350	-1.4040	2.6620
110	-2.2150	-0.3630	-0.0390	-1.3930	-3.1770	2.7460
111	-4.3760	-0.6070	0.0300	-1.2920	-3.4470	2.3440
112	-5.0290	-0.7770	0.2420	-0.6180	-2.0190	1.4100
113	-3.8580	-0.4120	0.0770	-0.9810	0.7340	0.6760
114	-0.1840	0.0930	-0.2480	-2.2990	6.2210	0.5580
115	3.1470	0.5570	-0.2130	-2.9090	9.6630	1.4060
116	4.8960	0.9840	0.0650	-2.2140	7.7410	2.8640
117	5.2800	1.4840	0.0110	-2.2280	2.2890	4.0220
118	1.4250	-0.0050	0.5850	-1.2920	-2.1500	4.3710
119	-2.6790	0.0500	0.2530	-1.0660	-4.7570	2.6670
120	-3.6990	-2.1710	-0.1580	1.3570	-4.8810	0.1430
121	-3.9360	-2.7510	-0.3140	2.1120	-2.7140	-2.0710
122	-3.2710	-2.1480	-0.0860	0.4210	-1.2880	-2.2440
123	-0.3350	-0.5310	-0.0250	-4.0190	2.4670	-2.0930
124	2.0510	2.1180	-0.2970	-7.5360	6.9380	-2.4190
125	2.7760	3.4030	-0.4750	-7.6200	7.4180	-2.1470
126	2.9390	2.7120	-1.2380	-5.0340	5.2760	-0.5300
127	1.2330	0.6320	-1.0570	-1.9420	3.2460	0.7860
128	-0.2760	-0.9600	-0.0280	0.5500	1.0150	1.6020
129	-1.1150	-1.3460	0.5480	1.4220	-0.3200	2.0910
130	-1.0930	-1.1440	0.4230	1.3470	-0.4920	2.6060
131	-0.6070	-0.5660	0.4500	0.8120	-0.3530	3.3930
132	-0.4060	-0.4860	0.5470	0.4010	-1.1020	4.2870
133	-0.0970	-0.4410	0.4170	-0.1620	-1.5060	4.5280
134	-0.0370	-0.2570	0.3460	-0.8550	-1.3280	3.8230
135	0.0920	0.1090	0.5140	0.1020	-0.7950	2.0000
136	-0.1420	-0.0450	0.1450	0.1260	0.0000	2.1420
137	-0.1110	-0.0050	-0.0110	-0.0510	-0.1060	1.9880
138	-0.0230	-0.0250	-0.0090	-0.1150	0.0690	1.7950
139	0.0020	0.0090	0.0060	-0.1320	0.0000	1.7590
140	0.0000	-0.0440	0.0070	-0.0990	-0.0342	1.6110
141	0.0080	-0.0260	-0.0060	-0.1160	-0.0390	1.5010
142	0.0120	-0.0140	-0.0080	-0.1110	-0.0450	1.3250
143	0.0300	-0.0110	-0.0110	-0.1380	-0.0230	1.1830
144	0.0080	-0.0240	-0.0010	-0.1180	-0.0420	1.1180
145	0.0160	-0.0230	-0.0070	-0.1410	-0.0410	1.0760
146	0.0270	-0.0070	-0.0050	-0.1560	-0.0300	1.0240
147	0.0170	-0.0110	-0.0040	-0.1470	-0.0320	1.0590
148	0.0230	-0.0080	-0.0070	-0.1630	-0.0310	0.9820
149	0.0210	-0.0070	-0.0050	-0.1570	-0.0300	1.0120
150	0.0240	-0.0060	-0.0080	-0.1690	-0.0260	1.0470
151	0.0220	-0.0070	-0.0040	-0.1700	-0.0430	1.1120
152	0.0220	-0.0030	-0.0050	-0.1790	-0.0350	1.0750
153	0.0210	-0.0030	-0.0020	-0.1800	-0.0400	1.0940
154	0.0190	-0.0050	-0.0030	-0.1740	-0.0440	1.0900
155	0.0200	-0.0030	-0.0010	-0.1770	-0.0390	1.1250
156	0.0220	-0.0020	-0.0030	-0.1840	-0.0310	1.0420
157	0.0210	-0.0100	-0.0040	-0.1950	-0.0280	0.9070
158	0.0210	0.0000	-0.0050	-0.1980	-0.0380	0.8030
159	0.0230	0.0000	-0.0060	-0.2000	-0.0430	0.6770
160	0.0190	0.0000	-0.0050	-0.2010	-0.0590	0.5990
