accelx	accely	accelz
0.8602	0.6317	9.5868
0.8602	0.6317	9.5868
0.8596	0.6317	9.5868
0.8590	0.6317	9.5868
0.8590	0.6323	9.5874
0.8596	0.6329	9.5880
0.8584	0.6329	9.5856
0.8596	0.6329	9.5856
0.8590	0.6329	9.5862
0.8590	0.6329	9.5874
0.8596	0.6335	9.5874
0.8602	0.6335	9.5874
0.8596	0.6335	9.5892
0.8602	0.6335	9.5898
0.8602	0.6335	9.5898
0.8602	0.6329	9.5892
0.8602	0.6329	9.5892
0.8602	0.6323	9.5886
0.8602	0.6323	9.5880
0.8602	0.6323	9.5880
0.8590	0.6329	9.5874
0.8584	0.6329	9.5874
0.8578	0.6329	9.5880
0.8584	0.6329	9.5880
0.8584	0.6341	9.5880
0.8584	0.6329	9.5874
0.8584	0.6329	9.5874
0.8578	0.6329	9.5880
0.8578	0.6335	9.5874
0.8578	0.6335	9.5874
0.8584	0.6335	9.5874
0.8584	0.6341	9.5868
0.8590	0.6341	9.5874
0.8590	0.6341	9.5886
0.8590	0.6347	9.5892
0.8602	0.6341	9.5904
0.8590	0.6347	9.5898
0.8590	0.6347	9.5904
0.8596	0.6341	9.5904
0.8590	0.6335	9.5898
0.8578	0.6329	9.5898
0.8584	0.6335	9.5892
0.8584	0.6341	9.5892
0.8590	0.6335	9.5892
0.8590	0.6335	9.5892
0.8590	0.6329	9.5898
0.8590	0.6329	9.5892
0.8584	0.6329	9.5886
0.8584	0.6329	9.5898
0.8590	0.6341	9.5904
0.8596	0.6335	9.5910
0.8590	0.6341	9.5916
0.8596	0.6347	9.5910
0.8584	0.6341	9.5910
0.8590	0.6341	9.5898
0.8602	0.6341	9.5898
0.8608	0.6347	9.5898
0.8602	0.6347	9.5886
0.8608	0.6341	9.5880
0.8602	0.6335	9.5886
0.8602	0.6335	9.5892
0.8590	0.6335	9.5898
0.8602	0.6329	9.5904
0.8602	0.6335	9.5910
0.8602	0.6335	9.5904
0.8602	0.6329	9.5910
0.8608	0.6329	9.5910
0.8602	0.6329	9.5910
0.8602	0.6335	9.5904
0.8602	0.6335	9.5904
0.8602	0.6329	9.5904
0.8596	0.6335	9.5892
0.8596	0.6335	9.5892
0.8596	0.6341	9.5910
0.8602	0.6341	9.5904
0.8602	0.6335	9.5904
0.8608	0.6341	9.5916
0.8614	0.6347	9.5916
0.8620	0.6353	9.5916
0.8614	0.6347	9.5910
0.8614	0.6347	9.5910
0.8608	0.6335	9.5916
0.8620	0.6335	9.5910
0.8620	0.6329	9.5892
0.8614	0.6335	9.5892
0.8608	0.6323	9.5886
0.8608	0.6323	9.5886
0.8608	0.6329	9.5886
0.8614	0.6323	9.5886
0.8614	0.6323	9.5898
0.8614	0.6323	9.5898
0.8602	0.6323	9.5898
0.8608	0.6323	9.5886
0.8596	0.6323	9.5892
0.8596	0.6317	9.5886
0.8602	0.6323	9.5886
0.8608	0.6317	9.5898
0.8602	0.6317	9.5904
0.8608	0.6305	9.5904
0.8608	0.6305	9.5898
0.8602	0.6305	9.5898
0.8602	0.6311	9.5892
0.8608	0.6311	9.5898
0.8614	0.6311	9.5904
0.8614	0.6311	9.5904
0.8614	0.6317	9.5898
0.8602	0.6317	9.5898
0.8608	0.6317	9.5898
0.8608	0.6317	9.5892
0.8602	0.6311	9.5904
0.8602	0.6311	9.5916
0.8590	0.6317	9.5916
0.8584	0.6323	9.5916
0.8590	0.6323	9.5904
0.8596	0.6329	9.5898
0.8596	0.6323	9.5904
0.8596	0.6317	9.5892
0.8602	0.6323	9.5886
0.8602	0.6323	9.5886
0.8596	0.6323	9.5892
0.8590	0.6329	9.5886
0.8590	0.6329	9.5892
0.8590	0.6317	9.5904
0.8584	0.6323	9.5910
0.8590	0.6323	9.5910
0.8584	0.6323	9.5916
0.8584	0.6317	9.5916
0.8590	0.6323	9.5910
0.8596	0.6323	9.5910
0.8596	0.6323	9.5916
0.8602	0.6317	9.5910
0.8602	0.6323	9.5898
0.8608	0.6329	9.5892
0.8602	0.6329	9.5898
0.8602	0.6329	9.5904
0.8602	0.6329	9.5904
0.8608	0.6329	9.5898
0.8608	0.6335	9.5898
0.8602	0.6341	9.5898
0.8596	0.6341	9.5898
0.8596	0.6347	9.5886
0.8596	0.6347	9.5880
0.8596	0.6341	9.5874
0.8596	0.6335	9.5880
0.8590	0.6329	9.5880
0.8596	0.6329	9.5880
0.8596	0.6329	9.5874
0.8596	0.6323	9.5874
0.8590	0.6329	9.5868
0.8584	0.6335	9.5874
0.8590	0.6329	9.5880
0.8590	0.6329	9.5880
0.8590	0.6329	9.5880
0.8590	0.6329	9.5874
0.8590	0.6323	9.5874
0.8584	0.6329	9.5880
0.8584	0.6329	9.5886
0.8584	0.6323	9.5892
0.8584	0.6329	9.5892
0.8578	0.6329	9.5892
0.8578	0.6329	9.5904
0.8584	0.6335	9.5898
0.8578	0.6335	9.5892
0.8578	0.6335	9.5886
0.8584	0.6335	9.5886
0.8590	0.6329	9.5892
0.8590	0.6329	9.5886
0.8590	0.6335	9.5892
0.8578	0.6335	9.5898
0.8572	0.6329	9.5892
0.8572	0.6329	9.5892
0.8572	0.6329	9.5904
0.8572	0.6329	9.5904
0.8578	0.6317	9.5910
0.8572	0.6323	9.5910
0.8572	0.6323	9.5904
0.8566	0.6323	9.5916
0.8578	0.6317	9.5916
0.8572	0.6317	9.5928
0.8572	0.6323	9.5910
0.8578	0.6323	9.5892
0.8578	0.6329	9.5898
0.8596	0.6329	9.5904
0.8590	0.6329	9.5916
0.8590	0.6329	9.5898
0.8578	0.6329	9.5898
0.8584	0.6329	9.5910
0.8584	0.6335	9.5916
0.8590	0.6335	9.5910
0.8584	0.6329	9.5916
0.8584	0.6329	9.5904
0.8584	0.6335	9.5904
0.8590	0.6335	9.5904
0.8596	0.6335	9.5910
0.8596	0.6335	9.5916
0.8590	0.6341	9.5910
0.8590	0.6341	9.5904
0.8590	0.6335	9.5904
0.8590	0.6335	9.5910
0.8602	0.6341	9.5904
0.8602	0.6335	9.5910
0.8602	0.6335	9.5916
0.8590	0.6335	9.5916
0.8590	0.6335	9.5916
0.8590	0.6335	9.5928
0.8584	0.6335	9.5928
0.8584	0.6341	9.5916
0.8584	0.6329	9.5910
0.8584	0.6329	9.5904
0.8584	0.6329	9.5916
0.8590	0.6329	9.5922
0.8578	0.6323	9.5922
0.8578	0.6323	9.5910
0.8578	0.6329	9.5910
0.8584	0.6323	9.5910
0.8578	0.6323	9.5904
0.8578	0.6329	9.5898
0.8584	0.6323	9.5898
0.8590	0.6317	9.5892
0.8596	0.6323	9.5904
0.8590	0.6323	9.5910
0.8590	0.6323	9.5904
0.8584	0.6323	9.5910
0.8572	0.6317	9.5916
0.8578	0.6317	9.5910
0.8578	0.6323	9.5910
0.8578	0.6323	9.5916
0.8572	0.6329	9.5916
0.8572	0.6329	9.5910
0.8566	0.6329	9.5910
0.8572	0.6329	9.5904
0.8572	0.6329	9.5904
0.8572	0.6323	9.5898
0.8584	0.6329	9.5892
0.8590	0.6323	9.5904
0.8596	0.6323	9.5898
0.8602	0.6329	9.5892
0.8596	0.6323	9.5886
0.8596	0.6323	9.5880
0.8596	0.6329	9.5880
0.8596	0.6329	9.5886
0.8602	0.6329	9.5886
0.8602	0.6329	9.5898
0.8602	0.6329	9.5886
0.8596	0.6335	9.5886
0.8602	0.6335	9.5892
0.8596	0.6335	9.5886
0.8602	0.6335	9.5880
0.8608	0.6335	9.5886
0.8608	0.6335	9.5880
0.8596	0.6335	9.5886
0.8602	0.6329	9.5886
0.8608	0.6329	9.5898
0.8602	0.6335	9.5904
0.8608	0.6329	9.5892
0.8614	0.6329	9.5904
0.8614	0.6335	9.5910
0.8608	0.6329	9.5910
0.8614	0.6329	9.5922
0.8614	0.6329	9.5922
0.8614	0.6329	9.5922
0.8608	0.6323	9.5916
0.8602	0.6323	9.5910
0.8596	0.6329	9.5916
0.8596	0.6329	9.5916
0.8596	0.6323	9.5922
0.8596	0.6323	9.5916
0.8596	0.6323	9.5910
0.8596	0.6329	9.5916
0.8596	0.6329	9.5916
0.8602	0.6329	9.5916
0.8590	0.6329	9.5910
0.8584	0.6323	9.5904
0.8578	0.6323	9.5898
0.8578	0.6329	9.5898
0.8572	0.6329	9.5904
0.8566	0.6335	9.5892
0.8566	0.6329	9.5904
0.8560	0.6323	9.5904
0.8566	0.6323	9.5922
0.8566	0.6323	9.5928
0.8566	0.6329	9.5928
0.8566	0.6335	9.5916
0.8572	0.6335	9.5904
0.8572	0.6341	9.5904
0.8572	0.6341	9.5898
0.8566	0.6341	9.5898
0.8566	0.6335	9.5904
0.8560	0.6341	9.5892
0.8560	0.6341	9.5892
0.8566	0.6341	9.5892
0.8566	0.6329	9.5892
0.8560	0.6329	9.5904
0.8566	0.6335	9.5898
0.8566	0.6329	9.5898
0.8578	0.6341	9.5898
0.8578	0.6341	9.5892
0.8578	0.6335	9.5904
0.8584	0.6341	9.5898
0.8584	0.6335	9.5880
0.8578	0.6329	9.5886
0.8584	0.6329	9.5892
0.8578	0.6329	9.5898
0.8572	0.6329	9.5886
0.8578	0.6335	9.5886
0.8566	0.6335	9.5886
0.8566	0.6329	9.5892
0.8560	0.6335	9.5886
0.8554	0.6335	9.5886
0.8554	0.6341	9.5886
0.8554	0.6335	9.5886
0.8560	0.6329	9.5892
0.8566	0.6323	9.5904
0.8584	0.6323	9.5910
0.8584	0.6329	9.5904
0.8584	0.6335	9.5904
0.8572	0.6329	9.5910
0.8578	0.6323	9.5916
0.8578	0.6329	9.5916
0.8590	0.6317	9.5922
0.8590	0.6323	9.5910
0.8596	0.6329	9.5904
0.8596	0.6323	9.5904
0.8596	0.6329	9.5898
0.8590	0.6317	9.5892
0.8590	0.6323	9.5886
0.8590	0.6323	9.5892
0.8596	0.6329	9.5898
0.8596	0.6329	9.5904
0.8596	0.6317	9.5910
0.8602	0.6323	9.5904
0.8602	0.6329	9.5904
0.8614	0.6317	9.5910
0.8620	0.6311	9.5910
0.8626	0.6317	9.5904
0.8620	0.6323	9.5904
0.8620	0.6317	9.5898
0.8620	0.6317	9.5904
0.8626	0.6317	9.5898
0.8626	0.6317	9.5892
0.8626	0.6323	9.5904
0.8626	0.6317	9.5910
0.8626	0.6323	9.5904
0.8626	0.6323	9.5910
0.8626	0.6323	9.5910
0.8620	0.6329	9.5910
0.8626	0.6335	9.5904
0.8620	0.6335	9.5910
0.8620	0.6329	9.5910
0.8620	0.6329	9.5910
0.8614	0.6329	9.5904
0.8614	0.6323	9.5916
0.8620	0.6323	9.5904
0.8608	0.6317	9.5904
0.8602	0.6323	9.5910
0.8602	0.6317	9.5910
0.8590	0.6317	9.5910
0.8578	0.6317	9.5898
0.8584	0.6311	9.5898
0.8578	0.6317	9.5898
0.8590	0.6317	9.5910
0.8590	0.6317	9.5904
0.8590	0.6311	9.5904
0.8584	0.6311	9.5898
0.8578	0.6311	9.5910
0.8572	0.6317	9.5910
0.8578	0.6323	9.5916
0.8578	0.6323	9.5916
0.8578	0.6323	9.5904
0.8578	0.6329	9.5910
0.8584	0.6329	9.5916
0.8578	0.6329	9.5910
0.8578	0.6329	9.5910
0.8584	0.6335	9.5916
0.8578	0.6329	9.5904
0.8572	0.6329	9.5898
0.8566	0.6329	9.5898
0.8572	0.6323	9.5898
0.8566	0.6323	9.5892
0.8566	0.6323	9.5892
0.8572	0.6323	9.5892
0.8578	0.6323	9.5892
0.8584	0.6317	9.5898
0.8590	0.6329	9.5898
0.8584	0.6329	9.5892
0.8584	0.6329	9.5898
0.8578	0.6335	9.5898
0.8584	0.6335	9.5898
0.8584	0.6335	9.5916
0.8578	0.6335	9.5910
0.8572	0.6335	9.5916
0.8572	0.6335	9.5916
0.8566	0.6329	9.5910
0.8572	0.6335	9.5916
0.8578	0.6335	9.5916
0.8572	0.6335	9.5910
0.8572	0.6335	9.5910
0.8566	0.6329	9.5916
0.8572	0.6335	9.5916
0.8566	0.6335	9.5910
0.8572	0.6335	9.5910
0.8566	0.6335	9.5916
0.8578	0.6329	9.5922
0.8572	0.6329	9.5922
0.8578	0.6335	9.5922
0.8572	0.6329	9.5916
0.8566	0.6323	9.5922
0.8560	0.6323	9.5916
0.8566	0.6317	9.5922
0.8566	0.6323	9.5928
0.8566	0.6329	9.5916
0.8566	0.6323	9.5922
0.8554	0.6305	9.5898
0.8560	0.6317	9.5904
0.8566	0.6347	9.5886
0.8560	0.6317	9.5928
0.8584	0.6311	9.5928
0.8560	0.6311	9.5916
0.8578	0.6323	9.5916
0.8566	0.6323	9.5916
0.8566	0.6329	9.5922
0.8572	0.6323	9.5916
0.8572	0.6329	9.5910
0.8572	0.6323	9.5910
0.8566	0.6323	9.5898
0.8566	0.6323	9.5910
0.8566	0.6329	9.5916
0.8584	0.6335	9.5928
0.8584	0.6329	9.5916
0.8590	0.6335	9.5916
0.8578	0.6335	9.5922
0.8578	0.6335	9.5916
0.8566	0.6335	9.5916
0.8578	0.6329	9.5928
0.8578	0.6329	9.5928
0.8584	0.6329	9.5916
0.8590	0.6329	9.5910
0.8578	0.6329	9.5904
0.8584	0.6329	9.5910
0.8584	0.6323	9.5910
0.8590	0.6317	9.5904
0.8590	0.6323	9.5910
0.8578	0.6323	9.5916
0.8572	0.6323	9.5916
0.8578	0.6323	9.5910
0.8578	0.6311	9.5910
0.8578	0.6311	9.5910
0.8578	0.6317	9.5910
0.8572	0.6317	9.5916
0.8566	0.6311	9.5916
0.8572	0.6311	9.5916
0.8578	0.6323	9.5922
0.8578	0.6329	9.5916
0.8584	0.6323	9.5916
0.8584	0.6317	9.5916
0.8578	0.6329	9.5916
0.8578	0.6329	9.5916
0.8590	0.6323	9.5910
0.8590	0.6323	9.5922
0.8590	0.6317	9.5928
0.8584	0.6323	9.5916
0.8590	0.6317	9.5916
0.8596	0.6311	9.5916
0.8584	0.6323	9.5910
0.8584	0.6323	9.5910
0.8578	0.6323	9.5916
0.8572	0.6323	9.5922
0.8566	0.6323	9.5928
0.8566	0.6323	9.5916
0.8560	0.6317	9.5922
0.8554	0.6323	9.5916
0.8560	0.6329	9.5916
0.8560	0.6329	9.5916
0.8560	0.6329	9.5916
0.8560	0.6323	9.5922
0.8566	0.6317	9.5916
0.8572	0.6311	9.5928
0.8572	0.6317	9.5928
0.8572	0.6317	9.5934
0.8566	0.6311	9.5934
0.8572	0.6317	9.5928
0.8566	0.6311	9.5928
0.8572	0.6311	9.5922
0.8578	0.6311	9.5922
0.8572	0.6311	9.5916
0.8572	0.6305	9.5922
0.8566	0.6317	9.5922
0.8566	0.6317	9.5922
0.8578	0.6311	9.5904
0.8584	0.6305	9.5916
0.8590	0.6311	9.5922
0.8584	0.6323	9.5904
0.8572	0.6347	9.5922
0.8566	0.6365	9.5928
0.8560	0.6377	9.5910
0.8572	0.6353	9.5904
0.8614	0.6299	9.5892
0.8632	0.6263	9.5910
0.8614	0.6263	9.5904
0.8584	0.6299	9.5892
0.8542	0.6341	9.5910
0.8584	0.6335	9.5886
0.8614	0.6317	9.5898
0.8650	0.6263	9.5886
0.8632	0.6275	9.5892
0.8572	0.6335	9.5916
0.8518	0.6401	9.5898
0.8524	0.6383	9.5916
0.8536	0.6389	9.5952
0.8530	0.6467	9.5898
0.8518	0.6419	9.5976
0.8512	0.6443	9.5982
0.8435	0.6323	9.5874
0.8506	0.6401	9.5916
0.8572	0.6227	9.5940
0.8644	0.6179	9.5856
0.8686	0.6179	9.5856
0.8674	0.6263	9.5904
0.8704	0.6347	9.5904
0.8800	0.6257	9.5904
0.8794	0.6209	9.5868
0.8788	0.6203	9.5826
0.8698	0.6287	9.5868
0.8566	0.6275	9.5874
0.8518	0.6269	9.5874
0.8465	0.6299	9.5970
0.8453	0.6377	9.5910
0.8435	0.6341	9.5940
0.8429	0.6377	9.5916
0.8453	0.6413	9.5898
0.8471	0.6479	9.5898
0.8488	0.6473	9.5904
0.8536	0.6419	9.5904
0.8512	0.6377	9.5892
0.8494	0.6299	9.5928
0.8477	0.6341	9.5898
0.8536	0.6329	9.5940
0.8596	0.6317	9.5892
0.8614	0.6269	9.5856
0.8614	0.6305	9.5844
0.8614	0.6293	9.5916
0.8584	0.6305	9.5958
0.8542	0.6311	9.5916
0.8536	0.6371	9.5880
0.8548	0.6395	9.5904
0.8542	0.6383	9.5904
0.8560	0.6341	9.5874
0.8530	0.6347	9.5874
0.8566	0.6359	9.5934
0.8608	0.6383	9.5982
0.8632	0.6389	9.5922
0.8680	0.6383	9.5874
0.8698	0.6359	9.5922
0.8728	0.6263	9.5940
0.8746	0.6233	9.5910
0.8710	0.6179	9.5838
0.8692	0.6167	9.5856
0.8668	0.6245	9.5898
0.8716	0.6263	9.5892
0.8716	0.6293	9.5880
0.8734	0.6305	9.5904
0.8770	0.6383	9.5952
0.8794	0.6078	9.6299
0.8447	0.6233	9.6083
0.8309	0.5880	9.6131
0.8207	0.5725	9.6167
0.8351	0.5886	9.6155
0.8578	0.6030	9.6125
0.8776	0.6090	9.6065
0.8847	0.6030	9.6173
0.8620	0.5934	9.6466
0.8309	0.5868	9.6801
0.8094	0.5432	9.7130
0.7789	0.5061	9.7579
0.7848	0.4845	9.7818
0.7878	0.4738	9.7950
0.8022	0.4385	9.8183
0.8435	0.4140	9.8368
0.9045	0.4223	9.8590
0.9817	0.4367	9.9074
1.0851	0.4756	9.8721
1.2299	0.4995	9.8901
1.3214	0.5288	9.8183
1.3807	0.5342	9.7310
1.3998	0.5109	9.6957
1.4112	0.4804	9.7256
1.3914	0.4857	9.8021
1.3789	0.5324	9.8745
1.4147	0.5551	9.9565
1.4668	0.5898	10.0420
1.5613	0.6299	10.1030
1.6678	0.6538	10.1844
1.7497	0.6586	10.2358
1.8664	0.6323	10.2759
1.9962	0.5791	10.3477
2.1529	0.5372	10.3974
2.3408	0.5121	10.4380
2.4694	0.3135	10.4757
2.6147	0.3541	10.5302
2.7212	0.2465	10.5379
2.7362	0.2076	10.5349
2.7595	0.1663	10.5403
2.7260	0.1747	10.5224
2.7099	0.1884	10.4943
2.6991	0.2381	10.4452
2.6841	0.3063	10.4344
2.6788	0.3828	10.4249
2.5944	0.5139	10.4470
2.4030	0.6161	10.4356
2.0686	0.6825	10.4386
1.7904	0.6808	10.4542
1.3406	0.7005	10.4650
1.0618	0.6981	10.5140
0.6706	0.7274	10.5912
0.3428	0.7950	10.6396
0.0933	0.8710	10.7162
-0.2165	0.9769	10.7922
-0.5145	1.0624	10.9142
-0.7681	1.1372	11.1708
-1.0546	1.2203	11.1296
-1.2628	1.2712	11.2271
-1.4806	1.3166	11.2899
-1.6474	1.3160	11.3796
-1.7581	1.3137	11.4322
-1.9190	1.2957	11.5124
-2.0058	1.2377	11.6021
-2.1458	1.2173	11.6632
-2.2480	1.1982	11.6937
-2.3079	1.1838	11.7319
-2.3473	1.1659	11.7786
-2.3629	1.1677	11.8139
-2.3892	1.1886	11.8241
-2.4221	1.1898	11.8426
-2.4383	1.1755	11.8701
-2.4694	1.1850	11.8815
-2.4628	1.1850	11.8534
-2.4383	1.1988	11.8283
-2.3605	1.1940	11.7966
-2.2780	1.1970	11.7643
-2.1661	1.1988	11.7308
-2.0482	1.1946	11.6763
-1.9549	1.1713	11.6255
-1.8323	1.1330	11.5543
-1.7252	1.0887	11.4765
-1.5840	1.0522	11.3952
-1.4351	1.0074	11.2815
-1.3143	0.9828	11.1415
-1.1761	0.9523	11.0267
-0.9284	0.9266	10.8897
-0.9864	0.9135	10.7700
-0.9141	0.8919	10.6091
-0.8566	0.8746	10.4434
-0.7974	0.8626	10.3022
-0.7651	0.8578	10.1090
-0.7316	0.8626	9.9553
-0.7274	0.8698	9.7459
-0.7232	0.8853	9.5479
-0.7137	0.9051	9.3942
-0.6957	0.9440	9.1974
-0.6568	0.9655	8.8911
-0.5844	0.9745	8.8737
-0.4935	0.9685	8.7062
-0.3942	0.9553	8.5848
-0.2835	0.9182	8.4341
-0.1932	0.8674	8.3198
-0.0790	0.8004	8.1858
0.0150	0.7819	8.0542
0.1591	0.7460	7.9328
0.2955	0.7053	7.8131
0.4265	0.6508	7.6881
0.5761	0.5928	7.5930
0.6927	0.5551	7.4907
0.8231	0.5276	7.4093
0.9398	0.4869	7.3190
1.0163	0.4546	7.2377
1.0845	0.4313	7.1742
1.1378	0.4259	7.1126
1.1653	0.4169	7.0702
1.2006	0.3990	7.0283
1.2239	0.3942	6.9828
1.2544	0.4056	6.9439
1.2778	0.4343	6.9128
1.3035	0.4528	6.8955
1.3274	0.4630	6.8907
1.3424	0.4714	6.8925
1.3573	0.4750	6.9009
1.3735	0.4786	6.9278
1.3920	0.4732	6.9631
1.4165	0.4678	6.9894
1.4351	0.4702	7.0247
1.4572	0.4732	7.0624
1.4752	0.4762	7.1246
1.4853	0.4827	7.1970
1.4877	0.4977	7.2550
1.4835	0.5121	7.3238
1.4764	0.5222	7.3782
1.4650	0.5330	7.4536
1.4530	0.5444	7.5338
1.4351	0.5635	7.6002
1.4171	0.5803	7.6815
1.4004	0.5856	7.7491
1.3741	0.5868	7.8287
1.3483	0.5874	7.9029
1.3196	0.5850	7.9639
1.2921	0.5797	8.0434
1.2778	0.5797	8.1158
1.2640	0.5874	8.1738
1.2586	0.5952	8.2516
1.2550	0.6066	8.3156
1.2467	0.6203	8.3964
1.2395	0.6281	8.4771
1.2299	0.6353	8.5381
1.0726	0.6389	8.6039
1.2251	0.6389	8.6512
1.2317	0.6359	8.7104
1.2401	0.6341	8.7726
1.2526	0.6371	8.8181
1.2694	0.6407	8.8707
1.2873	0.6461	8.9114
1.3184	0.6580	8.9611
1.3495	0.6760	9.0059
1.3926	0.6909	9.0388
1.4381	0.7077	9.0747
1.4728	0.7196	9.1022
1.5146	0.7346	9.1375
1.5452	0.7501	9.1692
1.5846	0.7597	9.1938
1.6259	0.7687	9.2189
1.6612	0.7759	9.2345
1.7043	0.7789	9.2446
1.7348	0.7753	9.2560
1.7659	0.7687	9.2644
1.7898	0.7591	9.2721
1.8078	0.7531	9.2781
1.8299	0.7460	9.2805
1.8550	0.7394	9.2787
1.8742	0.7382	9.2751
1.8975	0.7388	9.2727
1.9131	0.7430	9.2739
1.9316	0.7495	9.2733
1.9501	0.7567	9.2721
1.9663	0.7621	9.2697
1.9848	0.7669	9.2703
1.9968	0.7645	9.2709
2.0106	0.7579	9.2709
2.0201	0.7484	9.2721
2.0273	0.7400	9.2662
2.0339	0.7262	9.2632
2.0351	0.7131	9.2638
2.0381	0.7053	9.2650
2.0411	0.6951	9.2638
2.0399	0.6867	9.2644
2.0363	0.6772	9.2662
2.0285	0.6640	9.2680
2.0183	0.6574	9.2709
2.0040	0.6413	9.2745
1.9896	0.6263	9.2769
1.9705	0.6060	9.2793
1.9483	0.5797	9.2847
1.9322	0.5605	9.2889
1.9131	0.5276	9.2997
1.9011	0.4899	9.3116
1.8867	0.4576	9.3218
1.8748	0.4086	9.3350
1.8646	0.3655	9.3475
1.8574	0.3033	9.3571
1.8484	0.2357	9.3708
1.8383	0.1765	9.3804
1.8197	0.0999	9.3912
1.8042	0.0323	9.4073
1.7868	-0.0514	9.4235
1.7713	-0.1292	9.4444
1.7545	-0.1902	9.4564
1.7354	-0.2650	9.4684
1.7180	-0.3272	9.4827
1.6923	-0.4044	9.4947
1.6588	-0.4822	9.5054
1.6277	-0.5468	9.5090
1.5858	-0.6281	9.5096
1.5529	-0.7143	9.5108
1.5105	-0.7813	9.5126
1.4692	-0.8644	9.5114
1.4375	-0.9302	9.5072
1.4022	-1.0068	9.5036
1.3765	-1.0780	9.5007
1.3525	-1.1270	9.4983
1.3352	-1.1850	9.4941
1.3262	-1.2275	9.4869
1.3160	-1.2730	9.4791
1.3053	-1.3143	9.4695
1.2903	-1.3400	9.4636
1.2730	-1.3639	9.4618
1.2640	-1.3723	9.4606
1.2574	-1.3681	9.4600
1.2616	-1.3495	9.4594
1.2718	-1.3268	9.4576
1.2802	-1.2933	9.4606
1.2999	-1.2580	9.4534
1.3143	-1.2287	9.4522
1.3376	-1.1916	9.4480
1.3466	-1.1647	9.4432
1.3573	-1.1246	9.4325
1.3615	-1.0935	9.4259
1.3693	-1.0642	9.4223
1.3771	-1.0235	9.4151
1.3854	-0.9918	9.4061
1.3974	-0.9404	9.3918
1.4064	-0.8835	9.3780
1.4201	-0.8261	9.3708
1.4291	-0.7472	9.3589
1.4315	-0.6766	9.3481
1.4243	-0.5821	9.3433
1.4112	-0.4839	9.3409
1.3902	-0.3954	9.1884
1.3633	-0.2847	9.3391
1.3340	-0.1896	9.3445
1.3029	-0.0724	9.3517
1.2694	0.0449	9.3643
1.2455	0.1364	9.3744
1.2132	0.2459	9.3900
1.1910	0.3452	9.4055
1.1701	0.4169	9.4133
1.1593	0.5013	9.4229
1.1593	0.5671	9.4283
1.1659	0.6383	9.4343
1.1749	0.7143	9.4390
1.1874	0.7705	9.4438
1.1988	0.8411	9.4582
1.2078	0.8979	9.4761
1.2203	0.9685	9.4923
1.2293	1.0409	9.5102
1.2443	1.0977	9.5240
1.2640	1.1695	9.5401
1.2831	1.3771	9.5557
1.3089	1.2921	9.5677
1.3364	1.3609	9.5820
1.3609	1.4136	9.5916
1.3926	1.4788	9.6053
1.4183	1.5428	9.6149
1.4482	1.5906	9.6221
1.4674	1.6486	9.6263
1.4734	1.6959	9.6317
1.4776	1.7545	9.6346
1.4740	1.8173	9.6418
1.4746	1.8706	9.6478
1.4829	1.9334	9.6753
1.4889	1.9735	9.6861
1.4997	2.0183	9.6825
1.5051	2.0375	9.6903
1.5152	2.0429	9.6999
1.5314	2.0375	9.7124
1.5493	2.0243	9.7100
1.5799	2.0052	9.7028
1.6098	1.9765	9.6993
1.6385	1.9585	9.6975
1.6630	1.9364	9.6933
1.6756	1.9172	9.6801
1.6845	1.9041	9.6711
1.6881	1.8897	9.6622
1.6911	1.8873	9.6544
1.6899	1.8813	9.6478
1.6917	1.8658	9.6376
1.6911	1.8520	9.6311
1.6935	1.8257	9.6305
1.7007	1.8072	9.6299
1.7162	1.7731	9.6257
1.7372	1.7360	9.6083
1.7647	1.7055	9.5892
1.7958	1.6654	9.5671
1.8149	1.6355	9.5485
1.8323	1.5972	9.5347
1.8395	1.5637	9.5186
1.8419	1.5416	9.5042
1.8449	1.5236	9.4893
1.8478	1.5146	9.4773
1.8544	1.5129	9.4654
1.8664	1.5158	9.4534
1.8796	1.5266	9.4444
1.9035	1.5452	9.4372
1.9280	1.5679	9.4349
1.9621	1.5846	9.4331
1.9944	1.6056	9.4271
2.0237	1.6187	9.4229
2.0536	1.6313	9.4229
2.0800	1.6510	9.4229
2.1111	1.6726	9.4247
2.1416	1.7085	9.4295
2.1619	1.7432	9.4313
2.1840	1.7922	9.4372
2.1990	1.8407	9.4438
2.2068	1.8778	9.4510
2.2110	1.9238	9.4582
2.2110	1.9609	9.4600
2.2122	2.0094	9.4624
2.2151	2.0596	9.4689
2.2187	2.0991	9.4719
2.2211	2.1481	9.4743
2.2229	2.1960	9.4719
2.2253	2.2301	9.4719
2.2295	2.2738	9.4713
2.2319	2.3067	9.4701
2.2373	2.3450	9.4689
2.2409	2.3832	9.4701
2.2433	2.4143	9.4761
2.2397	2.4520	9.4869
2.2373	2.4861	9.4977
2.2373	2.5286	9.5030
2.2295	2.5693	9.5114
2.2223	2.6040	9.5150
2.2104	2.6423	9.5246
2.1990	2.6764	9.5330
2.1864	2.7123	9.5395
2.1703	2.7481	9.5467
2.1631	2.7715	9.5497
2.1517	2.7984	9.5575
2.1475	2.8211	9.5647
2.1464	2.8373	9.5700
2.1529	2.8612	9.5742
2.1601	2.8833	9.5772
2.1667	2.9097	9.5772
2.1661	2.9390	9.5784
2.1601	2.9635	9.5730
2.1422	2.9952	9.5748
2.1242	3.0239	9.5665
2.1045	3.0658	9.5593
2.0901	3.1107	9.5521
2.0758	3.1483	9.5503
2.0674	3.2028	9.5551
2.0650	3.2476	9.5545
2.0680	3.3081	9.5527
2.0758	3.3709	9.5503
2.0865	3.4193	9.5485
2.0979	3.4750	9.5467
2.1087	3.5204	9.5455
2.1182	3.5491	9.5431
2.1218	3.5719	9.5473
2.1254	3.5802	9.5497
2.1308	3.5838	9.5509
2.1356	3.5719	9.5503
2.1452	3.5593	9.5473
2.1619	3.5312	9.5461
2.1769	3.5085	9.5413
2.1972	3.4726	9.5383
2.2139	3.4355	9.5377
2.2331	3.4014	9.5383
2.2391	3.3559	9.5443
2.2391	3.3194	9.5437
2.2283	3.2698	9.5425
2.2074	3.2147	9.5431
2.1828	3.1669	9.5395
2.1434	3.0999	9.5377
2.1093	3.0263	9.5383
2.0626	2.9545	9.5431
2.0159	2.8528	9.5485
1.9759	2.7601	9.5467
1.9238	2.6321	9.5389
1.8784	2.4885	9.5228
1.8245	2.3635	9.5120
1.7701	2.2008	9.5060
1.7288	2.0752	9.4917
1.6833	1.9280	9.4899
1.6451	1.7826	9.4797
1.6044	1.6666	9.4761
1.5667	1.5290	9.4815
1.5446	1.4237	9.4863
1.5164	1.3029	9.4899
1.5015	1.1856	9.4941
1.4829	1.0995	9.4929
1.4632	0.9972	9.5024
1.4518	0.9164	9.5180
1.4255	0.8106	9.5174
1.4046	0.7029	9.5120
1.3741	0.6072	9.5234
1.3585	0.4953	9.5342
1.3262	0.3787	9.5527
1.3077	0.2841	9.5527
1.2778	0.1651	9.5581
1.2616	0.0646	9.5653
1.2395	-0.0634	9.5736
1.2149	-0.1974	9.5748
1.1946	-0.3057	9.5677
1.1659	-0.4397	9.5623
1.1480	-0.5384	9.5593
1.1216	-0.6514	9.5629
1.1001	-0.7561	9.5677
1.0768	-0.8315	9.5688
1.0546	-0.9129	9.5724
1.0439	-0.9667	9.5754
1.0319	-1.0175	9.5778
1.0253	-1.0546	9.5766
1.0199	-1.0720	9.5730
1.0098	-1.0851	9.5718
0.9996	-1.0869	9.5772
0.9870	-1.0881	9.5832
0.9745	-1.0863	9.5880
0.9649	-1.0816	9.5874
0.9553	-1.0714	9.5826
0.9559	-1.0588	9.5790
0.9649	-1.0475	9.5784
0.9828	-1.0289	9.5724
1.0032	-1.0157	9.5653
1.0403	-1.0056	9.5593
1.0726	-1.0080	9.5527
1.1156	-1.0140	9.5413
1.1503	-1.0301	9.5288
1.1707	-1.0421	9.5120
1.1862	-1.0618	9.4989
1.1970	-1.0810	9.4839
1.2084	-1.0959	9.4767
1.2287	-1.1091	9.4660
1.2508	-1.1156	9.4552
1.2813	-1.1216	9.4468
1.3077	-1.1228	9.4372
1.3244	-1.1210	9.4313
1.3436	-1.1139	9.4229
1.3543	-1.1025	9.4085
1.3681	-1.0977	9.4008
1.3836	-1.0899	9.3906
1.3950	-1.0875	9.3852
1.4106	-1.0816	9.3792
1.4219	-1.0816	9.3684
1.4309	-1.0827	9.3577
1.4363	-1.0798	9.3439
1.4417	-1.0798	9.3308
1.4506	-1.0726	9.3206
1.4644	-1.0660	9.3080
1.4752	-1.0564	9.2985
1.4871	-1.0421	9.2889
1.4961	-1.0295	9.2805
1.5027	-1.0134	9.2757
1.5105	-0.9954	9.2691
1.5176	-0.9763	9.2638
1.5284	-0.9464	9.2554
1.5404	-0.9129	9.2464
1.5571	-0.8853	9.2422
1.5751	-0.8483	9.2404
1.5900	-0.8171	9.2374
1.6092	-0.7807	9.2351
1.6211	-0.7472	9.2303
1.6361	-0.7238	9.2279
1.6451	-0.6957	9.2237
1.6516	-0.6784	9.2255
1.6546	-0.6622	9.2231
1.6582	-0.6443	9.2261
1.6612	-0.6323	9.2243
1.6600	-0.6156	9.2249
1.6642	-0.6042	9.2255
1.6684	-0.5886	9.2273
1.6732	-0.5761	9.2297
1.6815	-0.5671	9.2345
1.6899	-0.5587	9.2416
1.7001	-0.5539	9.2506
1.7139	-0.5515	9.2602
1.7306	-0.5515	9.2733
1.7456	-0.5515	9.2835
1.7635	-0.5515	9.2961
1.7803	-0.5539	9.3098
1.8024	-0.5563	9.3212
1.8227	-0.5599	9.3344
1.8365	-0.5635	9.3499
1.8514	-0.5707	9.3625
1.8610	-0.5803	9.3810
1.8712	-0.5874	9.3960
1.8790	-0.5958	9.4121
1.8849	-0.6042	9.4301
1.8915	-0.6156	9.4450
1.8963	-0.6299	9.4654
1.8993	-0.6419	9.4815
1.9023	-0.6592	9.5036
1.9047	-0.6748	9.5246
1.9077	-0.6957	9.5395
1.9119	-0.7172	9.5587
1.9131	-0.7352	9.5748
1.9148	-0.7561	9.5958
1.9172	-0.7777	9.6137
1.9196	-0.7926	9.6269
1.9220	-0.8106	9.6436
1.9238	-0.8249	9.6604
1.9256	-0.8417	9.6747
1.9262	-0.8590	9.6903
1.9274	-0.8734	9.7022
1.9292	-0.8943	9.7142
1.9316	-0.9135	9.7262
1.9352	-0.9398	9.7357
1.9394	-0.9709	9.7489
1.9448	-0.9978	9.7573
1.9495	-1.0343	9.7669
1.9537	-1.2191	9.7746
1.9585	-1.1055	9.7818
1.9633	-1.1450	9.7890
1.9687	-1.1785	9.7956
1.9771	-1.2203	9.8021
1.9860	-1.2616	9.8081
1.9998	-1.2909	9.8129
2.0130	-1.3250	9.8183
2.0213	-1.3483	9.8219
2.0279	-1.3747	9.8255
2.0297	-1.3956	9.8279
2.0261	-1.4076	9.8309
2.0165	-1.4195	9.8327
2.0058	-1.4273	9.8350
1.9908	-1.4333	9.8362
1.9777	-1.4345	9.8404
1.9645	-1.4327	9.8434
1.9501	-1.4273	9.8470
1.9412	-1.4213	9.8494
1.9292	-1.4118	9.8500
1.9214	-1.3986	9.8530
1.9178	-1.3866	9.8536
1.9178	-1.3675	9.8548
1.9184	-1.3483	9.8524
1.9196	-1.3184	9.8512
1.9190	-1.2808	9.8530
1.9172	-1.2473	9.8506
1.9148	-1.1994	9.8458
1.9131	-1.1456	9.8362
1.9107	-1.0971	9.8303
1.9125	-1.0349	9.8237
1.9148	-0.9822	9.8171
1.9131	-0.9069	9.8075
1.9071	-0.8249	9.7974
1.8909	-0.7585	9.7956
1.8778	-0.6742	9.7842
1.8688	-0.6120	9.7812
1.8622	-0.5204	9.7716
1.8562	-0.4277	9.7615
1.8520	-0.3499	9.7513
1.8395	-0.2572	9.7381
1.8257	-0.1771	9.7322
1.8042	-0.0706	9.7250
1.7814	0.0425	9.7154
1.7617	0.1358	9.7052
1.7324	0.2566	9.6945
1.7061	0.3763	9.6867
1.6642	0.4827	9.6771
1.6181	0.6084	9.6634
1.5751	0.7089	9.6544
1.5188	0.8309	9.6454
1.4758	0.9541	9.6364
1.4255	1.0564	9.6281
1.3848	1.1749	9.6197
1.3531	1.2742	9.6095
1.3119	1.3926	9.6012
1.2760	1.5081	9.5946
1.2293	1.5984	9.5886
1.1838	1.7025	9.5850
1.1521	1.7838	9.5808
1.1139	1.8819	9.5760
1.0821	1.9711	9.5730
1.0540	2.0381	9.5742
1.0247	2.1123	9.5754
0.9984	2.1799	9.5742
0.9673	2.2253	9.5706
0.9398	2.2756	9.5647
0.9194	2.3115	9.5605
0.8997	2.3545	9.5563
0.8847	2.3964	9.5533
0.8716	2.4293	9.5527
0.8560	2.4700	9.5551
0.8417	2.4999	9.5533
0.8195	2.5358	9.5563
0.8016	2.5633	9.5533
0.7824	2.5806	9.5527
0.7633	2.6034	9.5515
0.7579	2.6129	9.5521
0.7531	2.6309	9.5491
0.7525	2.6333	9.5437
0.7513	2.6333	9.5383
0.7489	2.6261	9.5288
0.7495	2.6153	9.5162
0.7531	2.6010	9.5036
0.7651	2.5842	9.4851
0.7777	2.5729	9.4719
0.7992	2.5591	9.4534
0.8159	2.5489	9.4378
0.8387	2.5322	9.4271
0.8620	2.5130	9.4103
0.8871	2.4933	9.3912
0.9272	2.4658	9.3732
0.9685	2.4383	9.3493
1.0235	2.4126	9.3314
1.0881	2.3808	9.3062
1.1432	2.3551	9.2829
1.2203	2.3228	9.2656
1.2813	2.2959	9.2458
1.3633	2.2774	9.2297
1.4554	2.2504	9.2051
1.5284	2.2349	9.1770
1.6235	2.2110	9.1549
1.7133	2.1900	9.1328
1.7803	2.1727	9.1160
1.8586	2.1481	9.0957
1.9160	2.1230	9.0741
1.9860	2.1039	9.0592
2.0536	2.0817	9.0418
2.1051	2.0644	9.0227
2.1691	2.0405	9.0065
2.2157	2.0153	8.9892
2.2720	1.9974	8.9748
2.3216	1.9729	8.9605
2.3617	1.9519	8.9485
2.4042	1.9238	8.9389
2.4365	1.8927	8.9246
2.4676	1.8664	8.9132
2.4945	1.8287	8.8983
2.5095	1.7994	8.8893
2.5268	1.7605	8.8833
2.5436	1.7258	8.8755
2.5591	1.7001	8.8701
2.5812	1.6702	8.8660
2.5998	1.6403	8.8624
2.6225	1.6145	8.8582
2.6411	1.5799	8.8492
2.6548	1.5511	8.8414
2.6722	1.5123	8.8331
2.6877	1.4740	8.8229
2.7128	1.4435	8.8121
2.7422	1.4076	8.8002
2.7697	1.3789	8.7882
2.8050	1.3442	8.7786
2.8367	1.3095	8.7649
2.8815	1.2802	8.7553
2.9336	1.2407	8.7481
2.9862	1.2048	8.7415
3.0604	1.1563	8.7338
3.1459	1.1073	8.7188
3.2135	1.0630	8.7074
3.3003	1.0074	8.6955
3.3697	0.9601	8.6847
3.4582	0.9021	8.6787
3.5533	0.8477	8.6709
3.6275	0.8094	8.6650
3.7208	0.7585	8.6668
3.7896	0.7113	8.6745
3.8638	0.6694	8.6835
3.9266	0.6203	8.6997
3.9667	0.5862	8.7146
4.0145	0.5456	8.7302
4.0486	0.5139	8.7523
4.0899	0.4941	8.7696
4.1234	0.4738	8.7936
4.1420	0.4624	8.8163
4.1491	0.4487	8.8337
4.1437	0.4361	8.8582
4.1264	0.4241	8.8785
4.0983	0.4068	8.9030
4.0720	0.3846	8.9312
4.0289	0.3482	8.9521
3.9709	0.3033	8.9772
3.9128	0.2620	8.9946
3.8297	0.2010	9.0125
3.7495	0.1328	9.0323
3.6413	0.0766	9.0436
3.5198	0.0090	9.0622
3.4151	-0.0407	9.0771
3.2823	-0.0987	9.1040
3.1729	-0.1513	9.1363
3.0359	-0.1813	9.1669
2.9037	-0.2058	9.2105
2.8074	-0.2154	9.2518
2.6949	-0.2100	9.2781
2.4532	-0.1741	9.2973
2.4915	-0.1310	9.3128
2.3671	-0.0676	9.3367
2.2618	-0.0203	9.3679
2.1224	0.0395	9.3894
1.9735	0.1113	9.4157
1.8538	0.1687	9.4384
1.7109	0.2399	9.4660
1.6026	0.4498	9.4923
1.4770	0.3757	9.5078
1.3609	0.4636	9.5222
1.2772	0.5330	9.5318
1.1826	0.6120	9.5491
1.1127	0.6820	9.5718
1.0313	0.7370	9.5880
0.9589	0.7968	9.6053
0.9045	0.8339	9.6209
0.8506	0.8698	9.6335
0.8130	0.9009	9.6520
0.7771	0.9308	9.6640
0.7489	0.9673	9.6783
0.7358	0.9936	9.6897
0.7256	1.0217	9.7011
0.7214	1.0469	9.7172
0.7178	1.0618	9.7292
0.7155	1.0720	9.7459
0.7137	1.0762	9.7639
0.7119	1.0792	9.7794
0.7160	1.0792	9.7968
0.7208	1.0750	9.8123
0.7340	1.0636	9.8309
0.7466	1.0451	9.8488
0.7645	1.0259	9.8614
0.7848	0.9960	9.8757
0.8022	0.9691	9.8871
0.8255	0.9344	9.9020
0.8441	0.9003	9.9176
0.8680	0.8758	9.9284
0.8901	0.8500	9.9409
0.9075	0.8327	9.9505
0.9260	0.8142	9.9571
0.9386	0.8010	9.9655
0.9493	0.7938	9.9708
0.9541	0.7878	9.9768
0.9541	0.7884	9.9798
0.9529	0.7902	9.9816
0.9517	0.8004	9.9816
0.9523	0.8088	9.9810
0.9577	0.8195	9.9798
0.9667	0.8315	9.9750
0.9852	0.8399	9.9678
1.0098	0.8477	9.9571
1.0313	0.8494	9.9481
1.0630	0.8471	9.9355
1.0893	0.8405	9.9194
1.1276	0.8321	9.9038
1.1695	0.8219	9.8817
1.2060	0.8142	9.8554
1.2532	0.8016	9.8333
1.2885	0.7902	9.8045
1.3322	0.7807	9.7806
1.3759	0.7681	9.7501
1.4106	0.7579	9.7190
1.4560	0.7460	9.6927
1.5015	0.7346	9.6592
1.5374	0.7250	9.6299
1.5846	0.7131	9.5958
1.6229	0.7035	9.5635
1.6720	0.6873	9.5371
1.7252	0.6676	9.5024
1.7701	0.6473	9.4725
1.8251	0.6191	9.4354
1.8658	0.5856	9.4014
1.9172	0.5593	9.3744
1.9675	0.5246	9.3415
2.0064	0.4971	9.3098
2.0494	0.4690	9.2865
2.0782	0.4427	9.2614
2.1063	0.4217	9.2428
2.1200	0.3978	9.2249
2.1236	0.3828	9.2081
2.1194	0.3691	9.1962
2.1134	0.3583	9.1836
2.1015	0.3547	9.1764
2.0865	0.3517	9.1728
2.0710	0.3547	9.1716
2.0476	0.3589	9.1716
2.0237	0.3613	9.1746
2.0022	0.3613	9.1776
1.9741	0.3607	9.1818
1.9477	0.3601	9.1926
1.9136	0.3589	9.2039
1.8748	0.3589	9.2225
1.8413	0.3619	9.2446
1.7982	0.3685	9.2650
1.7629	0.3763	9.2949
1.7156	0.3823	9.3212
1.6654	0.3888	9.3571
1.6217	0.3924	9.3978
1.5637	0.3930	9.4325
1.5146	0.3906	9.4809
1.4453	0.3852	9.5228
1.3687	0.3721	9.5808
1.3011	0.3559	9.6454
1.2090	0.3314	9.6999
1.1079	0.3051	9.7722
1.0199	0.2853	9.8327
0.9015	0.2656	9.9074
0.7926	0.2596	9.9864
0.6461	0.2584	10.0492
0.4786	0.2722	10.1288
0.3344	0.2949	10.1874
0.1454	0.3344	10.2556
-0.0138	0.3924	10.3178
-0.2148	0.4493	10.3603
-0.4146	0.5240	10.4039
-0.5749	0.5958	10.4338
-0.7663	0.6921	10.4476
-1.0648	0.7908	10.4703
-1.0558	0.8578	10.4925
-1.1623	0.9332	10.5158
-1.2191	0.9900	10.5349
-1.2819	1.0881	10.5314
-1.3328	1.1653	10.5290
-1.3573	1.1976	10.5379
-1.3807	1.2293	10.5445
-1.3753	1.2473	10.5493
-1.3519	1.2754	10.5421
-1.3005	1.2933	10.5236
-1.2479	1.3005	10.5092
-1.1826	1.3232	10.4967
-1.1306	1.3466	10.4775
-1.0732	1.3705	10.4536
-1.0151	1.3902	10.4201
-0.9655	1.4040	10.3914
-0.8991	1.4237	10.3698
-0.8435	1.4357	10.3339
-0.7783	1.4327	10.2981
-0.7149	1.4177	10.2442
-0.6658	1.3992	10.1838
-0.5994	1.3759	10.1377
-0.5384	1.3460	10.0791
-0.4469	1.3196	10.0289
-0.3410	1.2825	9.9684
-0.2506	1.2550	9.9098
-0.1328	1.2179	9.8608
-0.0144	1.1719	9.8015
0.0796	1.1288	9.7405
0.1980	1.0600	9.6646
0.2979	1.0002	9.5820
0.4301	0.9470	9.5096
0.5575	0.9039	9.4271
0.6820	0.8488	9.3565
0.8363	0.7777	9.3152
0.9763	0.7029	9.2626
1.1581	0.6383	9.2111
1.3436	0.5647	9.1495
1.4919	0.5067	9.0969
1.6833	0.4104	9.0640
1.9818	0.3230	9.0215
2.0112	0.2459	8.9856
2.1834	0.1651	8.9479
2.3049	0.1113	8.9096
2.4437	0.0401	8.8809
2.5555	-0.0221	8.8558
2.6351	-0.0694	8.8390
2.7260	-0.1107	8.8241
2.7846	-0.1214	8.8073
2.8546	-0.1394	8.8002
2.9109	-0.1543	8.8091
2.9467	-0.1621	8.8157
2.9826	-0.1555	8.8360
2.9898	-0.1382	8.8390
2.9898	-0.1202	8.8402
2.9767	-0.1155	8.8558
2.9761	-0.1161	8.8827
2.9767	-0.1011	8.9078
2.9880	-0.0981	8.9288
3.0108	-0.0939	8.9359
3.0191	-0.0909	8.9533
3.0293	-0.1029	8.9772
3.0275	-0.1029	8.9994
3.0293	-0.1143	9.0227
3.0293	-0.1220	9.0448
3.0371	-0.1262	9.0723
3.0341	-0.1274	9.1052
3.0269	-0.1238	9.1316
2.9934	-0.1149	9.1633
2.9647	-0.1077	9.1884
2.9150	-0.0927	9.2255
2.8762	-0.0736	9.2572
2.8259	-0.0556	9.2811
2.7727	-0.0287	9.3110
2.7290	-0.0096	9.3439
2.6656	0.0191	9.3708
2.4544	0.0514	9.4019
2.5364	0.0778	9.4235
2.4610	0.1131	9.4444
2.4042	0.1418	9.4582
2.3276	0.1795	9.4701
2.2534	0.2136	9.4857
2.1900	0.2536	9.5060
2.1117	0.2883	9.5270
2.0548	0.3123	9.5479
1.9693	0.3422	9.5629
1.9065	0.3595	9.5772
1.8467	0.3834	9.5946
1.7844	0.3948	9.6125
1.7384	0.4146	9.6305
1.6809	0.4325	9.6394
1.6373	0.4487	9.6538
1.5966	0.4750	9.6699
1.5589	0.4911	9.6819
1.5272	0.5216	9.6987
1.4853	0.5426	9.7058
1.4506	0.5647	9.7160
1.4189	0.5898	9.7286
1.3836	0.6018	9.7346
1.3543	0.6275	9.7417
1.3190	0.6347	9.7459
1.2921	0.6437	9.7537
1.2748	0.6514	9.7615
1.2676	0.6550	9.7657
1.2622	0.6616	9.7704
1.2652	0.6604	9.7710
1.2706	0.6544	9.7722
1.2718	0.6473	9.7722
1.2754	0.6407	9.7692
1.2748	0.6335	9.7633
1.2766	0.6257	9.7561
1.2784	0.6215	9.7495
1.2784	0.6191	9.7393
1.2748	0.6185	9.7304
1.2676	0.6167	9.7196
1.2634	0.6161	9.7082
1.2586	0.6179	9.6981
1.2610	0.6191	9.6795
1.2706	0.6167	9.6681
1.2855	0.6120	9.6538
1.3005	0.6072	9.6388
1.3172	0.6024	9.6269
1.3316	0.5952	9.6077
1.3418	0.5898	9.5928
1.3537	0.5862	9.5766
1.3633	0.5886	9.5617
1.3753	0.5946	9.5509
1.3854	0.6030	9.5371
1.3914	0.6120	9.5288
1.3980	0.6239	9.5204
1.4046	0.6359	9.5162
1.4189	0.6443	9.5132
1.4423	0.6490	9.5102
1.4680	0.6502	9.5084
1.5057	0.6485	9.5096
1.5380	0.6425	9.5090
1.5822	0.6347	9.5072
1.6253	0.6239	9.5054
1.6636	0.6161	9.5036
1.7162	0.6072	9.5054
1.7617	0.6024	9.5096
1.8155	0.6018	9.5150
1.8736	0.6036	9.5168
1.9154	0.6042	9.5198
1.9621	0.6048	9.5234
2.0153	0.6006	9.5312
2.0596	0.5976	9.5347
2.1212	0.5904	9.5353
2.1799	0.5856	9.5306
2.2510	0.5749	9.5288
2.3264	0.5575	9.5252
2.3904	0.5384	9.5222
2.4694	0.5097	9.5168
2.5382	0.4768	9.5090
2.6285	0.4481	9.5048
2.7254	0.4104	9.4953
2.8044	0.3817	9.4851
2.9001	0.3464	9.4731
2.9725	0.3123	9.4582
3.0574	0.2871	9.4468
3.1382	0.2602	9.4325
3.1980	0.2453	9.4193
3.2787	0.2369	9.4115
3.3553	0.2381	9.4002
3.4151	0.2405	9.3924
3.4815	0.2429	9.3816
3.5306	0.2411	9.3732
3.5874	0.2345	9.3625
3.6448	0.2225	9.3427
3.6939	0.2136	9.3248
3.7615	0.1986	9.3056
3.9745	0.1842	9.2901
3.8961	0.1741	9.2751
3.9697	0.1627	9.2512
4.0235	0.1537	9.2243
4.0839	0.1400	9.2004
4.2813	0.1310	9.1710
4.1778	0.1268	9.1507
4.2215	0.1238	9.1262
4.2484	0.1250	9.0987
4.2664	0.1244	9.0735
4.2604	0.1214	9.0466
4.2431	0.1184	9.0269
4.2101	0.1244	9.0041
4.1796	0.1322	8.9838
4.1372	0.1490	8.9671
4.0857	0.1621	8.9461
4.0319	0.1693	8.9282
3.9422	0.1729	8.9066
3.8554	0.1627	8.8935
3.7340	0.1501	8.8875
3.6024	0.1340	8.8815
3.4911	0.1190	8.8737
3.3374	0.1095	8.8701
3.2100	0.0993	8.8767
3.0377	0.0951	8.8941
2.8576	0.0915	8.9210
2.7111	0.0981	8.9473
2.5202	0.1208	8.9677
2.3228	0.1436	8.9934
2.1601	0.1621	9.0143
1.9436	0.1783	9.0382
1.7665	0.1908	9.0610
1.5422	0.2046	9.0819
1.3328	0.2148	9.1136
1.1725	0.2213	9.1352
0.9834	0.2333	9.1573
0.8381	0.2518	9.1681
0.6634	0.2704	9.1752
0.4959	0.3033	9.1908
0.3697	0.3374	9.2123
0.2261	0.3930	9.2356
0.1238	0.4606	9.2638
0.0102	0.5186	9.2889
-0.0927	0.5910	9.3230
-0.1729	0.6455	9.3577
-0.2716	0.7089	9.3876
-0.3422	0.7627	9.4235
-0.4163	0.8010	9.4558
-0.4642	0.8411	9.4971
-0.4822	0.8692	9.5413
-0.4792	0.8967	9.5838
-0.4624	0.9194	9.6430
-0.4445	0.9308	9.6873
-0.4181	0.9350	9.7357
-0.3990	0.9278	9.7812
-0.3769	0.9188	9.8135
-0.3559	0.9105	9.8482
-0.3440	0.9015	9.8787
-0.3398	0.8985	9.9224
-0.3476	0.9003	9.9720
-0.3721	0.9069	10.0067
-0.4140	0.9152	10.0462
-0.4516	0.9194	10.0833
-0.5037	0.9284	10.1108
-0.5462	0.9416	10.1419
-0.6006	0.9517	10.1623
-0.6562	0.9625	10.1868
-0.7023	0.9709	10.2125
-0.7579	0.9828	10.2329
-0.8106	0.9996	10.2550
-0.8500	1.0098	10.2711
-0.8907	1.0229	10.2891
-0.9147	1.0355	10.3022
-0.9362	1.0540	10.3106
-0.9470	1.0726	10.3232
-0.9487	1.0857	10.3357
-0.9392	1.1001	10.3495
-0.9242	1.1061	10.3591
-0.8979	1.1037	10.3621
-0.8650	1.0875	10.3603
-0.8381	1.0696	10.3525
-0.8016	1.0433	10.3423
-0.6167	1.0199	10.3274
-0.7274	1.0074	10.3142
-0.6820	0.9990	10.2933
-0.6449	0.9978	10.2735
-0.5994	0.9960	10.2580
-0.5563	0.9960	10.2358
-0.5210	0.9978	10.2149
-0.4744	0.9984	10.1850
-0.4325	0.9966	10.1545
-0.3703	0.9882	10.1282
-0.2961	0.9727	10.0923
-0.2309	0.9523	10.0642
-0.1424	0.9218	10.0265
-0.0664	0.8871	9.9816
0.0305	0.8614	9.9427
0.1388	0.8207	9.8925
0.2291	0.7830	9.8434
0.3476	0.7346	9.8039
0.5976	0.6879	9.7537
0.5629	0.6538	9.7124
0.6724	0.6132	9.6634
0.7549	0.5826	9.6167
0.8500	0.5515	9.5814
0.9206	0.5288	9.5365
1.0050	0.5133	9.5018
1.0863	0.4923	9.4612
1.1480	0.4738	9.4229
1.2203	0.4522	9.3936
1.2831	0.4277	9.3607
1.3274	0.4074	9.3361
1.3812	0.3805	9.3056
1.4231	0.3541	9.2763
1.4740	0.3344	9.2554
1.5242	0.3093	9.2321
1.5601	0.2919	9.2099
1.5984	0.2710	9.1950
1.6199	0.2512	9.1800
1.6361	0.2375	9.1675
1.6409	0.2213	9.1513
1.6379	0.2088	9.1411
1.6289	0.1944	9.1375
1.6181	0.1813	9.1357
1.5996	0.1729	9.1357
1.5787	0.1609	9.1375
1.5625	0.1496	9.1447
1.5440	0.1328	9.1513
1.5314	0.1143	9.1615
1.5278	0.0981	9.1704
1.5314	0.0796	9.1836
1.5392	0.0676	9.2004
1.5517	0.0610	9.2177
1.5625	0.0550	9.2422
1.5679	0.0508	9.2644
1.5685	0.0443	9.2937
1.5631	0.0371	9.3236
1.5523	0.0281	9.3517
1.5374	0.0126	9.3906
1.5242	-0.0018	9.4301
1.5105	-0.0245	9.4612
1.5015	-0.0532	9.5013
1.4961	-0.0790	9.5294
1.4967	-0.1113	9.5605
1.5021	-0.1352	9.5868
1.5129	-0.1627	9.6035
1.5242	-0.1830	9.6215
1.5320	-0.1944	9.6358
1.5350	-0.1950	9.6580
1.5314	-0.1872	9.6807
1.5188	-0.1633	9.6981
1.4967	-0.1244	9.7148
1.4716	-0.0837	9.7292
1.4309	-0.0191	9.7447
1.3914	0.0598	9.7621
1.3346	0.1316	9.7806
1.2730	0.2261	9.8081
1.2221	0.2973	9.8458
1.1581	0.3793	9.8787
1.1061	0.4469	9.9206
1.0439	0.4923	9.9499
0.9906	0.5342	9.9816
0.9577	0.5581	10.0097
0.9320	0.5803	10.0289
0.9224	0.5892	10.0528
0.9182	0.5886	10.0689
0.9152	0.5815	10.0869
0.9087	0.5731	10.1006
0.8943	0.5641	10.1084
0.8776	0.5599	10.1174
0.8644	0.5641	10.1234
0.8471	0.5779	10.1318
0.8339	0.6048	10.1401
0.8058	0.6257	10.1491
0.7729	0.6479	10.1629
0.7430	0.6640	10.1718
0.7047	0.6790	10.1718
0.6825	0.6861	10.1593
0.6658	0.6879	10.1401
0.6664	0.6903	10.1138
0.6760	0.6951	10.0911
0.6999	0.7053	10.0749
0.7262	0.7220	10.0516
0.7639	0.7382	10.0301
0.8010	0.7567	9.9978
0.8315	0.7741	9.9583
0.8662	0.7890	9.9278
0.9045	0.8034	9.8865
0.9338	0.8195	9.8536
0.9751	0.8423	9.8135
1.0092	0.8740	9.7722
1.0463	0.9045	9.7375
1.0732	0.9511	9.6897
1.0851	0.9978	9.4959
1.0953	1.0654	9.6023
1.1061	1.1497	9.5635
1.1198	1.2275	9.5365
1.1318	1.3256	9.5090
1.1390	1.4046	9.4809
1.1354	1.5027	9.4576
1.1330	1.5894	9.4271
1.1348	1.6570	9.3996
1.1605	1.7402	9.3625
1.1994	1.8090	9.3236
1.2634	1.8939	9.2931
1.3388	1.9717	9.2476
1.3986	2.0291	9.2249
1.4734	2.1039	9.1932
1.5446	2.1667	9.1800
1.6199	2.2313	9.1501
1.7192	2.2965	9.1046
1.7725	2.3587	9.0622
1.8514	2.4269	9.0287
1.8843	2.4969	9.0101
1.9178	2.5471	8.9832
1.9280	2.6129	8.9383
1.9334	2.6488	8.9054
1.9256	2.6997	8.8851
1.9220	2.7446	8.8624
1.9071	2.7810	8.8414
1.8897	2.8217	8.8355
1.8790	2.8630	8.8085
1.8455	2.9061	8.8043
1.8275	2.9629	8.7978
1.7922	2.9886	8.8037
1.7432	3.0401	8.7960
1.6971	3.0640	8.7840
1.6379	3.1005	8.7852
1.5649	3.1316	8.7990
1.5129	3.1489	8.8211
1.4333	3.1812	8.8366
1.3729	3.2058	8.8456
1.2909	3.2249	8.8630
1.2120	3.2429	8.8875
1.1527	3.2632	8.9138
1.0899	3.2793	8.9270
1.0498	3.2919	8.9354
1.0122	3.2979	8.9497
0.9834	3.3093	8.9760
0.9679	3.3170	9.0071
0.9571	3.3284	9.0215
0.9559	3.3362	9.0227
0.9559	3.3374	9.0329
0.9637	3.3416	9.0454
0.9673	3.3463	9.0532
0.9709	3.3475	9.0538
0.9661	3.3499	9.0508
0.9631	3.3547	9.0478
0.9613	3.3739	9.0580
0.9625	3.4020	9.0658
0.9745	3.4325	9.0699
0.9972	3.4726	9.0747
1.0253	3.5055	9.0765
1.0642	3.5503	9.0759
1.0947	3.5868	9.0711
1.1270	3.6012	9.0628
1.1527	3.6042	9.0502
1.1677	3.5964	9.0376
1.1826	3.5838	9.0275
1.1982	3.5683	9.0119
1.2203	3.5569	8.9952
1.2496	3.5515	8.9700
1.2748	3.5611	8.9479
1.3089	3.5838	8.9348
1.3394	3.6084	8.9216
1.3621	3.6287	8.9096
1.3908	3.6538	8.8917
1.4142	3.6807	8.8773
1.4488	3.7029	8.8684
1.4806	3.7358	8.8564
1.5069	3.7639	8.8438
1.5350	3.8058	8.8265
1.5601	3.8500	8.8073
1.5930	3.8859	8.7936
1.6241	3.9326	8.7774
1.6480	3.9715	8.7577
1.6726	4.0175	8.7415
1.6875	4.0594	8.7212
1.6935	4.0899	8.7038
1.6971	4.1276	8.6805
1.6983	4.1575	8.6608
1.7049	4.1970	8.6458
1.7180	4.2407	8.6273
1.7354	4.2754	8.6147
1.7653	4.3208	8.6069
1.7922	4.3549	8.6039
1.8269	4.3926	8.6039
1.8658	4.4201	8.6057
1.8933	4.4321	8.6105
1.9202	4.4321	8.6231
1.9394	4.4219	8.6249
1.9567	4.4028	8.6261
1.9753	4.3687	8.6345
1.9902	4.3394	8.6458
2.0130	4.3059	8.6548
2.0279	4.2712	8.6620
2.0453	4.2413	8.6739
2.0578	4.2024	8.6973
2.0632	4.1731	8.7218
2.0632	4.1372	8.7373
2.0578	4.0959	8.7595
2.0465	4.0618	8.7744
2.0231	4.0205	8.7924
1.9986	3.8303	8.8097
1.9495	3.9302	8.8229
1.8915	3.8740	8.8384
1.8431	3.8213	8.8570
1.7844	3.7603	8.8821
1.7378	3.6981	8.9126
1.6869	3.6437	8.9330
1.6343	3.5743	8.9605
1.5906	3.5132	8.9862
1.5338	3.4373	9.0221
1.4865	3.3559	9.0592
1.4309	3.2883	9.0909
1.3812	3.2058	9.1346
1.3442	3.1400	9.1716
1.3023	3.0610	9.2004
1.2664	2.9761	9.2345
1.2161	2.9013	9.2608
1.1617	2.8062	9.2997
1.1162	2.7284	9.3385
1.0600	2.6309	9.3643
1.0062	2.5334	9.3930
0.9703	2.4532	9.4091
0.9296	2.3599	9.4259
0.8991	2.2893	9.4480
0.8650	2.2074	9.4672
0.8375	2.1356	9.4917
0.8189	2.0829	9.5120
0.8052	2.0225	9.5330
0.7992	1.9609	9.5497
0.7944	1.9065	9.5611
0.7902	1.8335	9.5742
0.7848	1.7665	9.5892
0.7807	1.6786	9.6023
0.7801	1.5942	9.6161
0.7896	1.5308	9.6257
0.8112	1.4554	9.6341
0.8363	1.3974	9.6370
0.8698	1.3226	9.6370
0.8961	1.2455	9.6329
0.9278	1.1814	9.6263
0.9589	1.0989	9.6167
0.9870	1.0337	9.6065
1.0283	0.9493	9.5970
1.0744	0.8662	9.5826
1.1162	0.7968	9.5700
1.1671	0.7059	9.5533
1.2054	0.6114	9.5336
1.2586	0.5318	9.5162
1.3166	0.4373	9.4911
1.3663	0.3721	9.4636
1.4357	0.3021	9.4390
1.4889	0.2399	9.4109
1.5523	0.1926	9.3948
1.6068	0.1358	9.3756
1.6385	0.0987	9.3433
1.6678	0.0520	9.3158
1.8365	0.0102	9.2883
1.6881	-0.0150	9.2686
1.6929	-0.0479	9.2518
1.6845	-0.0664	9.2398
1.6708	-0.0963	9.2309
1.6451	-0.1232	9.2249
1.6169	-0.1513	9.2207
1.5894	-0.1950	9.2159
1.5697	-0.2453	9.2147
1.5619	-0.2847	9.2123
1.5655	-0.3356	9.2195
1.5733	-0.3739	9.2249
1.5882	-0.4223	9.2291
1.5948	-0.4720	9.2309
1.5972	-0.5121	9.2267
1.5846	-0.5665	9.2231
1.5691	-0.6120	9.2219
1.5487	-0.6694	9.2279
1.5284	-0.7160	9.2374
1.5051	-0.7424	9.2428
1.4776	-0.7669	9.2530
1.4572	-0.7807	9.2691
1.4399	-0.8004	9.2889
1.4177	-0.8106	9.3056
1.4028	-0.8094	9.3074
1.3777	-0.8064	9.3122
1.3585	-0.8112	9.3260
1.3298	-0.8261	9.3391
1.2945	-0.8459	9.3517
1.2628	-0.8704	9.3589
1.2233	-0.9135	9.3714
1.1952	-0.9673	9.3840
1.1623	-1.0068	9.3906
1.1306	-1.0504	9.3966
1.1103	-1.0821	9.3996
1.0893	-1.1228	9.4043
1.0756	-1.1677	9.4157
1.0594	-1.2036	9.4211
1.0427	-1.2479	9.4235
1.0271	-1.2843	9.4253
1.0092	-1.3298	9.4283
0.9918	-1.3747	9.4354
0.9709	-1.4040	9.4372
0.9517	-1.4369	9.4396
0.9380	-1.4620	9.4474
0.9278	-1.4967	9.4564
0.9194	-1.5320	9.4678
0.9182	-1.5643	9.4678
0.9069	-1.6002	9.4701
0.9003	-1.6355	9.4701
0.8823	-1.6636	9.4701
0.8596	-1.6923	9.4701
0.8441	-1.7091	9.4719
0.8285	-1.7264	9.4767
0.8231	-1.7342	9.4839
0.8273	-1.7372	9.4893
0.8393	-1.7378	9.4977
0.8518	-1.7354	9.5078
0.8680	-1.7252	9.5066
0.8794	-1.7204	9.5048
0.8943	-1.7162	9.5024
0.9147	-1.7186	9.5024
0.9338	-1.7204	9.5066
0.9535	-1.7294	9.5018
0.9799	-1.7491	9.4917
0.9936	-1.7635	9.4857
1.0134	-1.7892	9.4839
1.0265	-1.8078	9.4809
1.0421	-1.8269	9.4719
1.0552	-1.8550	9.4558
1.0666	-1.8802	9.4456
1.0744	-1.9226	9.4366
1.0821	-1.9765	9.4235
1.0810	-2.0243	9.4085
1.0810	-2.0859	9.3870
1.0708	-2.1344	9.3637
1.0642	-2.1924	9.3385
1.0522	-2.2480	9.3158
1.0504	-2.2905	9.2997
1.0516	-2.3402	9.2769
1.0576	-2.3737	9.2524
1.0726	-2.4203	9.2315
1.0816	-2.4562	9.2087
1.0953	-2.4927	9.0382
1.1061	-2.5352	9.1651
1.1121	-2.5681	9.1411
1.1240	-2.6094	9.1262
1.1330	-2.6482	9.1094
1.1438	-2.6776	9.0975
1.1599	-2.7188	9.0831
1.1719	-2.7499	9.0682
1.1910	-2.7673	9.0586
1.2102	-2.7804	9.0418
1.2329	-2.7894	9.0233
1.2628	-2.7954	9.0113
1.2867	-2.8026	9.0006
1.3208	-2.8032	8.9940
1.3460	-2.8074	8.9898
1.3621	-2.8122	8.9856
1.3771	-2.8247	8.9820
1.3824	-2.8462	8.9802
1.3860	-2.8600	8.9766
1.3824	-2.8815	8.9718
1.3812	-2.8971	8.9671
1.3741	-2.9192	8.9689
1.3735	-2.9378	8.9772
1.3717	-2.9503	8.9766
1.3705	-2.9749	8.9862
1.3651	-2.9988	9.0012
1.3567	-3.0317	9.0155
1.3394	-3.0754	9.0263
1.3262	-3.1232	9.0347
1.3035	-3.1860	9.0430
1.2891	-3.2584	9.0550
1.2670	-3.3146	9.0688
1.2479	-3.3870	9.0825
1.2305	-3.4397	9.1022
1.2167	-3.5043	9.1190
1.2084	-3.5605	9.1423
1.2102	-3.6054	9.1591
1.2209	-3.6550	9.1740
1.2335	-3.6873	9.1824
1.2532	-3.7208	9.1866
1.2676	-3.7418	9.1956
1.2730	-3.7471	9.2016
1.2754	-3.7477	9.2165
1.2736	-3.7441	9.2404
1.2736	-3.7280	9.2560
1.2736	-3.7095	9.2715
1.2700	-3.6945	9.2871
1.2670	-3.6819	9.2967
1.2616	-3.6676	9.3122
1.2526	-3.6556	9.3224
1.2431	-3.6389	9.3290
1.2353	-3.6287	9.3320
1.2269	-3.6054	9.3326
1.2203	-3.5767	9.3379
1.2072	-3.5414	9.3451
1.1952	-3.4768	9.3487
1.1862	-3.4175	9.3595
1.1832	-3.3302	9.3661
1.1832	-3.2321	9.3864
1.1982	-3.1639	9.3966
1.2060	-3.0526	9.4079
1.2197	-2.9515	9.4121
1.2311	-2.8756	9.4133
1.2467	-2.8086	9.4235
1.2616	-2.7775	9.4360
1.2808	-2.7487	9.4438
1.2957	-2.7302	9.4354
1.3113	-2.7176	9.4223
1.3334	-2.7284	9.4008
1.3507	-2.7499	9.3900
1.3884	-2.7792	9.3804
1.4243	-2.7948	9.3613
1.4710	-2.7924	9.3361
1.5081	-2.7763	9.3068
1.5236	-2.7559	9.2961
1.5314	-2.7230	9.2901
1.5182	-2.6584	9.2775
1.5045	-2.5866	9.2632
1.4943	-2.5184	9.2590
1.4716	-2.4347	9.2680
1.4560	-2.3378	9.2686
1.4327	-2.2211	9.2769
1.4213	-2.1248	9.2895
1.4387	-2.0321	9.2973
1.4482	-1.9226	9.3146
1.4692	-1.8209	9.3038
1.4806	-1.6833	9.2913
1.4907	-1.5852	9.2859
1.5009	-1.4871	9.2835
1.5081	-1.3950	9.2907
1.5200	-1.3208	9.2895
1.5344	-1.2221	9.2769
1.5464	-1.1480	9.2578
1.5440	-1.0594	9.2524
1.5218	-0.9565	9.2524
1.4979	-0.8626	9.2566
1.4608	-0.7352	9.2674
1.4249	-0.4822	9.2859
1.3753	-0.5157	9.3026
1.3166	-0.4014	9.3158
1.2580	-0.3176	9.3266
1.1797	-0.2243	9.3361
1.1210	-0.1448	9.3397
1.0720	-0.0867	9.3421
1.0528	-0.0191	9.3433
1.0534	0.0257	9.3457
1.0654	0.0718	9.3463
1.0810	0.1083	9.3451
1.0983	0.1376	9.3463
1.1210	0.1693	9.3499
1.1420	0.1932	9.3493
1.1737	0.2285	9.3451
1.1940	0.2788	9.3409
1.2072	0.3290	9.3415
1.2066	0.3954	9.3481
1.1964	0.6096	9.3577
1.1856	0.5354	9.3684
1.1767	0.6203	9.3840
1.1755	0.6879	9.3966
1.1785	0.7687	9.4055
1.1850	0.8417	9.4121
1.1922	0.8925	9.4145
1.2012	0.9470	9.4127
1.2114	0.9822	9.4145
1.2281	1.0235	9.4109
1.2413	1.0606	9.4002
1.2592	1.0875	9.3924
1.2742	1.1228	9.3864
1.2819	1.1509	9.3882
1.2921	1.1970	9.3852
1.2993	1.2413	9.3792
1.3137	1.2754	9.3720
1.3298	1.3143	9.3649
1.3406	1.3406	9.3553
1.3495	1.3693	9.3469
1.3531	1.3896	9.3373
1.3597	1.4082	9.3266
1.3681	1.4333	9.3170
1.3812	1.4632	9.3056
1.3980	1.4859	9.2997
1.4142	1.5170	9.2913
1.4189	1.5440	9.2823
1.4219	1.5781	9.2727
1.4255	1.6151	9.2656
1.4309	1.6439	9.2584
1.4405	1.6839	9.2476
1.4453	1.7144	9.2446
1.4542	1.7539	9.2440
1.4602	1.7958	9.2452
1.4662	1.8275	9.2440
1.4746	1.8742	9.2422
1.4823	1.9077	9.2374
1.4967	1.9555	9.2351
1.5105	1.9998	9.2374
1.5218	2.0339	9.2398
1.5344	2.0734	9.2422
1.5416	2.1087	9.2440
1.5475	2.1332	9.2488
1.5470	2.1631	9.2446
1.5505	2.1828	9.2410
1.5529	2.2110	9.2356
1.5601	2.2421	9.2327
1.5709	2.2696	9.2351
1.5822	2.3103	9.2380
1.5882	2.3408	9.2434
1.5888	2.3785	9.2452
1.5840	2.4108	9.2470
1.5709	2.4335	9.2440
1.5559	2.4610	9.2356
1.5446	2.4819	9.2303
1.5344	2.5119	9.2279
1.5254	2.5436	9.2285
1.5176	2.5705	9.2279
1.5051	2.6010	9.2267
1.4931	2.6243	9.2267
1.4817	2.6518	9.2279
1.4668	2.6793	9.2225
1.4596	2.6997	9.2159
1.4506	2.7260	9.2105
1.4423	2.7535	9.2016
1.4267	2.7745	9.2004
1.4076	2.8014	9.1968
1.3920	2.8205	9.1944
1.3723	2.8421	9.1878
1.3603	2.8630	9.1818
1.3472	2.8797	9.1728
1.3394	2.9037	9.1627
1.3358	2.9216	9.1525
1.3316	2.9503	9.1477
1.3304	2.9820	9.1423
1.3310	3.0084	9.1363
1.3334	3.0413	9.1292
1.3382	3.0682	9.1238
1.3472	3.1029	9.1214
1.3603	3.1352	9.1190
1.3735	3.1591	9.1154
1.3938	3.1830	9.1106
1.4130	3.2046	9.1094
1.4423	3.2147	9.1112
1.4770	3.2237	9.1112
1.5057	3.2279	9.1052
1.5434	3.2267	9.0999
1.5715	3.2237	9.0927
1.6008	3.2207	9.0867
1.6205	3.2219	9.0807
1.6283	3.2279	9.0753
1.6343	3.2423	9.0682
1.6325	3.2710	9.0622
1.6247	3.3003	9.0574
1.6163	3.3451	9.0502
1.6056	3.3846	9.0430
1.5966	3.4337	9.0388
1.5858	3.4869	9.0382
1.5846	3.5324	9.0376
1.5840	3.5928	9.0400
1.5894	3.6538	9.0376
1.5960	3.6987	9.0394
1.6062	3.7513	9.0412
1.6140	3.7884	9.0448
1.6289	3.8279	9.0514
1.6445	3.8500	9.0598
1.6666	3.8578	9.0646
1.6929	3.8554	9.0693
1.7156	3.8387	9.0705
1.7432	3.8052	9.0688
1.7665	3.7609	9.0658
1.7982	3.7202	9.0646
1.8341	3.6652	9.0891
1.8443	3.6173	9.0777
1.8760	3.5898	9.0825
1.8903	3.5384	9.0861
1.8987	3.5204	9.0885
1.8939	3.5007	9.0999
1.8873	3.4887	9.0975
1.8718	3.4779	9.0939
1.8431	3.4642	9.1005
1.8263	3.4570	9.1011
1.7940	3.4343	9.1082
1.7743	3.4014	9.1064
1.7533	3.3649	9.1046
1.7420	3.3140	9.0999
1.7402	3.2692	9.1011
1.7420	3.2123	9.1011
1.7503	3.1513	9.0921
1.7503	3.1059	9.0861
1.7497	3.0586	9.0843
1.7438	3.0263	9.0885
1.7342	2.9940	9.0933
1.7234	2.9749	9.0945
1.7025	2.9677	9.0957
1.6774	2.9677	9.1017
1.6552	2.9719	9.1172
1.6307	2.9802	9.1322
1.6080	2.9940	9.1447
1.5930	3.0018	9.1471
1.5763	3.0054	9.1549
1.5583	2.9946	9.1698
1.5338	2.9856	9.1812
1.5027	2.9719	9.1956
1.4800	2.9563	9.2105
1.4542	2.9336	9.2231
1.4363	2.9097	9.2374
1.4082	2.8911	9.2518
1.3795	2.8612	9.2715
1.3561	2.8295	9.2925
1.3262	2.7834	9.3080
1.3047	2.7302	9.3260
1.2808	2.6829	9.3361
1.2562	2.6147	9.3499
1.2341	2.5531	9.3679
1.2030	2.4718	9.3876
1.1695	2.3934	9.4187
1.1474	2.3324	9.4432
1.1210	2.2582	9.4713
1.1013	2.1876	9.4965
1.0726	2.1362	9.5174
1.0355	2.0800	9.5467
1.0008	2.0405	9.5724
0.9553	1.9980	9.6047
0.7675	1.9645	9.6388
0.8823	1.9424	9.6681
0.8441	1.9160	9.7082
0.8124	1.8939	9.7465
0.7675	1.8688	9.7746
0.7316	1.8461	9.8075
0.6903	1.8329	9.8333
0.6586	1.8227	9.8626
0.6419	1.8185	9.8883
0.6287	1.8126	9.9086
0.6179	1.8012	9.9379
0.6066	1.7844	9.9613
0.5868	1.7533	9.9834
0.5689	1.7168	10.0013
0.5557	1.6564	10.0091
0.5533	1.5858	10.0205
0.5647	1.5278	10.0307
0.5910	1.4554	10.0426
0.6167	1.3866	10.0456
0.6443	1.3280	10.0354
0.6592	1.2479	10.0187
0.6586	1.1761	10.0025
0.6532	1.0774	9.9900
0.6449	0.9715	9.9744
0.6455	0.8865	9.9553
0.6449	0.7878	9.9260
0.6532	0.7065	9.9080
0.6658	0.6060	9.8949
0.6748	0.5103	9.8817
0.6957	0.4361	9.8626
0.7178	0.3577	9.8344
0.7531	0.2931	9.8039
0.8004	0.2231	9.7812
0.8518	0.1597	9.7513
0.8901	0.1113	9.7310
0.9272	0.0556	9.7112
0.9553	0.0006	9.6981
0.9864	-0.0395	9.6909
1.0307	-0.0879	9.6789
1.0768	-0.1250	9.6610
1.1468	-0.1699	9.6532
1.3705	-0.2148	9.6532
1.3160	-0.2459	9.6562
1.4195	-0.2800	9.6388
1.4931	-0.3063	9.6047
1.5673	-0.3565	9.5718
1.5990	-0.4152	9.5282
1.6074	-0.4600	9.4953
1.5864	-0.5013	9.4582
1.5577	-0.5180	9.4283
1.5111	-0.5121	9.4025
1.4494	-0.4774	9.3936
1.4261	-0.4666	9.4223
1.3621	-0.4427	9.4504
1.3101	-0.3685	9.4265
1.2138	-0.2758	9.3990
1.1061	-0.1765	9.3834
1.0361	-0.1280	9.3954
0.9553	-0.0778	9.4199
0.9057	-0.0126	9.4217
0.8548	0.0305	9.4229
0.8165	0.0592	9.4223
0.7920	0.0568	9.4133
0.7495	0.0652	9.4115
0.7160	0.0879	9.4079
0.6843	0.1137	9.4067
0.6622	0.1412	9.4223
0.6425	0.1657	9.4396
0.6078	0.1998	9.4522
0.5629	0.2243	9.4648
0.5228	0.2291	9.4755
0.4810	0.2255	9.4881
0.4564	0.2339	9.4929
0.4445	0.2417	9.4917
0.4469	0.2465	9.4881
0.4504	0.2459	9.4863
0.4504	0.2405	9.4839
0.4409	0.2363	9.4905
0.4247	0.2249	9.5007
0.4146	0.2046	9.5102
0.4140	0.1908	9.5114
0.4259	0.1795	9.5084
0.4379	0.1675	9.5054
0.4463	0.1501	9.5054
0.4391	0.1274	9.5090
0.4271	0.1095	9.5066
0.4110	0.0891	9.5048
0.4068	0.0712	9.5036
0.4098	0.0610	9.5036
0.4146	0.0532	9.5007
0.4116	0.0502	9.4965
0.3924	0.0431	9.4953
0.3625	0.0347	9.4923
0.3392	0.0239	9.4875
0.3242	0.0114	9.4755
0.3278	-0.0102	9.4594
0.3452	-0.0311	9.4450
0.3685	-0.0658	9.4301
0.3817	-0.0999	9.4157
0.3858	-0.1400	9.4043
0.3918	-0.1884	9.3864
0.4020	-0.2267	9.3744
0.4307	-0.2698	9.3559
0.4618	-0.2949	9.3350
0.5043	-0.3147	9.3188
0.5348	-0.3254	9.3009
0.5581	-0.3278	9.2913
0.5701	-0.3200	9.2787
0.5767	-0.1543	9.2632
0.5874	-0.2883	9.2476
0.6072	-0.2644	9.2249
0.6269	-0.2447	9.2087
0.6508	-0.2189	9.1962
0.6646	-0.1968	9.1866
0.6700	-0.1866	9.1776
0.6628	-0.1836	9.1651
0.6538	-0.1842	9.1525
0.6449	-0.1878	9.1459
0.6443	-0.1830	9.1429
0.6496	-0.1759	9.1411
0.6532	-0.1609	9.1393
0.6467	-0.1496	9.1381
0.6245	-0.1364	9.1381
0.5946	-0.1310	9.1381
0.5503	-0.1328	9.1387
0.5055	-0.1406	9.1369
0.4726	-0.3045	9.1387
0.4367	-0.1639	9.1417
0.4026	-0.1729	9.1501
0.3787	-0.1777	9.1573
0.3565	-0.1807	9.1681
0.3428	-0.1825	9.1770
0.3320	-0.1836	9.1788
0.3236	-0.1854	9.1794
0.3153	-0.1884	9.1818
0.2955	-0.1920	9.1872
0.2734	-0.1944	9.1974
0.2387	-0.1920	9.2087
0.1980	-0.1878	9.2261
0.1621	-0.1789	9.2470
0.1155	-0.1687	9.2566
0.0772	-0.1555	9.2715
0.0227	-0.1436	9.2865
-0.0275	-0.1298	9.3032
-0.0664	-0.1178	9.3188
-0.1113	-0.0951	9.3326
-0.1448	-0.0730	9.3529
-0.1813	-0.0514	9.3673
-0.2148	-0.0239	9.3864
-0.2399	0.0012	9.4085
-0.2680	0.0359	9.4277
-0.2943	0.0694	9.4486
-0.3153	0.0963	9.4624
-0.3458	0.1250	9.4821
-0.3727	0.1525	9.5048
-0.4098	0.1735	9.5234
-0.4510	0.1986	9.5467
-0.4839	0.2177	9.5712
-0.5198	0.2411	9.5916
-0.5480	0.2680	9.6095
-0.5844	0.2889	9.6221
-0.6239	0.3099	9.6388
-0.6598	0.3242	9.6598
-0.7041	0.3356	9.6777
-0.7430	0.3458	9.6975
-0.7836	0.3505	9.7100
-0.8237	0.3541	9.7244
-0.8512	0.3571	9.7334
-0.8883	0.3607	9.7381
-0.9230	0.3685	9.7417
-0.9505	0.3757	9.7459
-0.9828	0.3912	9.7543
-1.0056	0.4146	9.7657
-1.0307	0.4367	9.7764
-1.0492	0.4648	9.7902
-1.0582	0.4863	9.8027
-1.0588	0.5127	9.8189
-1.0528	0.5396	9.8327
-1.0391	0.5569	9.8386
-1.0217	0.5677	9.8458
-1.0104	0.5695	9.8512
-0.9984	0.5695	9.8554
-0.9924	0.5695	9.8632
-0.9846	0.5719	9.8703
-0.9733	0.5821	9.8805
-0.9655	0.6006	9.8877
-0.9643	0.6311	9.8937
-0.9763	0.6652	9.9020
-0.9966	0.6939	9.9098
-1.0319	0.7268	9.9170
-1.0678	0.7555	9.9176
-1.1156	0.7920	9.9194
-1.1635	0.8249	9.9248
-1.2036	0.8536	9.9355
-1.2586	0.8943	9.9535
-1.3047	0.9320	9.9756
-1.3669	0.9607	10.0002
-1.4219	0.9948	10.0283
-1.4638	1.0163	10.0510
-1.5105	1.0469	10.0654
-1.5410	1.0660	10.0827
-1.5703	1.0750	10.0971
-1.5882	1.0869	10.1114
-1.5930	1.0923	10.1270
-1.5828	1.0983	10.1377
-1.5661	1.1013	10.1497
-1.5302	1.0995	10.1575
-1.4835	1.0911	10.1659
-1.4393	1.0780	10.1736
-1.3801	1.0558	10.1790
-1.3220	1.0271	10.1814
-1.2790	1.0020	10.1802
-1.2335	0.9715	10.1784
-1.2006	0.9416	10.1844
-1.1581	0.9182	10.1934
-1.1115	0.8985	10.2077
-1.0696	0.8859	10.2329
-1.0217	0.8662	10.2394
-0.9822	0.8608	10.2430
-0.9511	0.8459	10.2418
-0.9517	0.8333	10.2460
-0.9565	0.8219	10.2586
-0.9715	0.8195	10.2705
-0.9876	0.8201	10.2807
-1.0098	0.8321	10.2873
-1.0546	0.8542	10.3010
-1.0953	0.8746	10.3154
-1.1551	0.8997	10.3292
-1.1988	0.9248	10.3399
-1.2126	0.9464	10.3357
-1.1952	0.9739	10.3244
-1.1533	0.9918	10.3082
-1.0720	0.9954	10.3016
-0.9709	0.9858	10.2999
-0.8668	0.9787	10.2825
-0.7244	0.9751	10.2592
-0.5832	0.9709	10.2239
-0.3870	0.9577	10.1994
-0.1872	0.9487	10.1736
-0.0245	0.9386	10.1383
0.1669	0.9284	10.0989
0.4576	0.9105	10.0504
0.4564	0.8865	10.0199
0.5844	0.8518	9.9912
0.6736	0.8279	9.9619
0.7842	0.7980	9.9296
0.8895	0.7639	9.8901
0.9709	0.7334	9.8458
1.0564	0.6969	9.7980
1.1139	0.6640	9.7537
1.1737	0.6407	9.7196
1.2203	0.6114	9.6759
1.2562	0.5922	9.6412
1.2927	0.5701	9.6053
1.3208	0.5474	9.5754
1.3436	0.5294	9.5533
1.3615	0.5055	9.5330
1.3783	0.4971	9.5132
1.4100	0.4977	9.5013
1.4524	0.5121	9.4839
1.5129	0.5282	9.4672
1.5769	0.5468	9.4384
1.6223	0.5605	9.4073
1.6636	0.5779	9.3852
1.6953	0.5940	9.3601
1.7133	0.6126	9.3385
1.7360	0.6347	9.3146
1.7545	0.6604	9.2913
1.7850	0.6915	9.2811
1.8114	0.7190	9.2697
1.8311	0.7364	9.2614
1.8634	0.7513	9.2506
1.8945	0.7555	9.2315
1.9436	0.7513	9.2177
1.9968	0.7388	9.1962
2.0423	0.7202	9.1794
2.0991	0.6831	9.1669
2.2941	0.6479	9.1447
2.1900	0.6173	9.1286
2.2319	0.5862	9.1046
2.2618	0.5659	9.0819
2.2953	0.5402	9.0652
2.3150	0.5192	9.0418
2.3306	0.5025	9.0263
2.3396	0.4750	9.0101
2.3426	0.4546	8.9946
2.3414	0.4301	8.9814
2.3390	0.4086	8.9700
2.3444	0.4020	8.9623
2.3581	0.3936	8.9533
2.3802	0.3930	8.9473
2.4137	0.3882	8.9437
2.4544	0.3858	8.9401
2.4831	0.3745	8.9389
2.5172	0.3571	8.9401
2.5388	0.3290	8.9491
2.5627	0.3057	8.9533
2.5878	0.2758	8.9557
2.6094	0.2548	8.9551
2.6369	0.2381	8.9587
2.6560	0.2279	8.9659
2.6776	0.2321	8.9796
2.6931	0.2435	8.9934
2.7021	0.2668	8.9982
2.7039	0.3051	8.9994
2.6973	0.3476	9.0023
2.6889	0.3834	9.0083
2.6746	0.4325	9.0203
2.6650	0.4792	9.0311
2.6536	0.5384	9.0406
2.6500	0.5892	9.0532
2.6512	0.6197	9.0616
2.6584	0.6455	9.0705
2.6698	0.6538	9.0855
2.6913	0.6538	9.0957
2.7218	0.6461	9.1058
2.7523	0.6371	9.1118
2.7960	0.6233	9.1172
2.8325	0.6102	9.1292
2.8750	0.6018	9.1399
2.9132	0.5952	9.1537
2.9372	0.6000	9.1615
2.9641	0.6144	9.1669
2.9838	0.6371	9.1782
3.0066	0.6610	9.1896
3.0269	0.6933	9.2027
3.0413	0.7238	9.2033
3.0514	0.7507	9.2075
3.0592	0.7669	9.2189
3.0652	0.7759	9.2261
3.0795	0.7753	9.2351
3.0975	0.7645	9.2380
3.1196	0.7478	9.2374
3.1436	0.7196	9.2392
3.1579	0.6975	9.2476
3.1794	0.6646	9.2506
3.1944	0.6419	9.2518
3.2135	0.6251	9.2542
3.2345	0.6150	9.2566
3.2447	0.6120	9.2626
3.2500	0.6197	9.2614
3.2429	0.6323	9.2614
3.2297	0.6407	9.2632
3.2129	0.6562	9.2656
3.2040	0.6640	9.2650
3.1974	0.6688	9.2602
3.1962	0.6664	9.2530
3.2058	0.6574	9.2422
3.2225	0.6353	9.2327
3.2447	0.6030	9.2207
3.2823	0.5725	9.2105
3.3296	0.5288	9.1926
3.3775	0.4923	9.1800
3.4361	0.4487	9.1681
3.4857	0.4098	9.1537
3.5378	0.3817	9.1411
3.5790	0.3607	9.1232
3.6006	0.3535	9.1052
3.6251	0.3571	9.0909
3.6377	0.3709	9.0759
3.6532	0.3930	9.0717
3.6724	0.4140	9.0652
3.6855	0.4313	9.0634
3.7005	0.4516	9.0634
3.7160	0.4726	9.0646
3.7322	0.4792	9.0640
3.7657	0.4774	9.0628
3.8004	0.4726	9.0556
3.8500	0.4666	9.0430
3.8961	0.4558	9.0197
3.9248	0.4403	8.9994
3.9445	0.4140	8.9760
3.9469	0.3876	8.9533
3.9416	0.3709	8.9330
3.9386	0.3494	8.9013
3.9457	0.3350	8.8660
3.9727	0.3141	8.8372
4.0074	0.2895	8.7978
4.0648	0.2644	8.7702
4.1473	0.2160	8.7487
4.2317	0.0120	8.7403
4.3669	0.1029	8.7320
4.5015	0.0455	8.6907
4.6839	0.0209	8.6488
4.8676	-0.0108	8.5794
5.0141	-0.0497	8.5256
5.2032	-0.1107	8.5017
5.4113	-0.1717	8.5011
5.5884	-0.1842	8.4957
5.8331	-0.1860	8.4783
6.0245	-0.1639	8.4496
6.2243	-0.1412	8.4149
6.3427	-0.1095	8.3599
6.3655	-0.0826	8.2977
6.3218	-0.0502	8.2444
6.2410	-0.0036	8.1852
6.1106	0.0245	8.1487
5.9653	0.0855	8.1152
5.8546	0.1310	8.0865
5.7051	0.1819	8.0787
5.5974	0.2100	8.0662
5.4544	0.2249	8.0650
5.3180	0.2602	8.0500
5.2145	0.2973	8.0267
5.1110	0.3296	8.0165
5.0363	0.3410	8.0075
4.9860	0.3446	8.0129
4.9304	0.3470	8.0237
4.8771	0.3470	8.0279
4.7850	0.3392	8.0231
4.6750	0.3188	8.0105
4.5661	0.3129	8.0177
4.4321	0.3236	8.0363
4.3250	0.3763	8.0721
4.2006	0.4373	8.1021
4.0768	0.5157	8.1391
3.9721	0.5701	8.1643
3.8195	0.6461	8.1786
3.5324	0.7065	8.1966
3.5168	0.7531	8.2199
3.3775	0.7944	8.2684
3.2853	0.8219	8.3192
3.1986	0.8536	8.3360
3.1208	0.8662	8.3617
3.0646	0.8626	8.3886
3.0179	0.8417	8.4388
2.9707	0.8297	8.4682
2.9396	0.8076	8.4711
2.9121	0.7693	8.4927
2.8845	0.7376	8.5202
2.8456	0.7011	8.5531
2.7966	0.6849	8.5824
2.7254	0.6682	8.6117
2.6530	0.6562	8.6614
2.6040	0.6538	8.7176
2.5597	0.6628	8.7619
2.5382	0.6921	8.8037
2.5382	0.7041	8.8295
2.5561	0.6981	8.8630
2.5848	0.6742	8.9030
2.6237	0.6281	8.9348
2.6758	0.5587	8.9748
2.7188	0.4869	9.0029
2.7685	0.4092	9.0215
2.7978	0.3655	9.0287
2.8098	0.3320	9.0364
2.8020	0.3069	9.0688
2.8032	0.2824	9.1094
2.7846	0.2812	9.1543
2.7511	0.3075	9.1854
2.6788	0.3356	9.2004
2.5645	0.3649	9.2351
2.4700	0.3494	9.2745
2.3186	0.3601	9.3092
2.0237	0.4128	9.3427
1.9854	0.4690	9.3732
1.7922	0.5198	9.4259
1.6498	0.5408	9.4803
1.4865	0.5605	9.5150
1.3693	0.5958	9.5431
1.2544	0.6132	9.5533
1.1635	0.6108	9.5700
1.1067	0.5988	9.5886
1.0331	0.5785	9.6041
0.9607	0.5653	9.6245
0.8997	0.5515	9.7956
0.8183	0.5180	9.6676
0.7460	0.4833	9.6897
0.6479	0.4648	9.7028
0.5342	0.4546	9.7232
0.4451	0.4600	9.7417
0.3398	0.4768	9.7537
0.2680	0.5097	9.7639
0.2010	0.5480	9.7680
0.1579	0.5916	9.7758
0.1340	0.6161	9.7740
0.1232	0.6281	9.7645
0.1322	0.6221	9.7447
0.1585	0.6167	9.7220
0.2160	0.6096	9.6831
0.2770	0.6000	9.6436
0.3703	0.5856	9.6143
0.4714	0.5695	9.5880
0.5491	0.5617	9.5659
0.6443	0.5569	9.5485
0.7202	0.5480	9.5413
0.8088	0.5438	9.5353
0.8865	0.5521	9.5174
0.9260	0.5665	9.3463
0.9499	0.5797	9.4803
0.9499	0.5850	9.4749
0.9350	0.5916	9.4660
0.9099	0.6072	9.4450
0.8895	0.6197	9.4103
0.8692	0.6329	9.3858
0.8584	0.6425	9.3619
0.8465	0.6508	9.3421
0.8375	0.6526	9.3152
0.8333	0.6455	9.2877
0.8285	0.6299	9.2632
0.8195	0.6167	9.2309
0.7986	0.6096	9.2039
0.7651	0.5994	9.1758
0.7256	0.5934	9.1519
0.6532	0.5940	9.1399
0.5623	0.5970	9.1328
0.4792	0.6030	9.1322
0.3805	0.6114	9.1375
0.3093	0.6347	9.1489
0.2363	0.6652	9.1615
0.1908	0.7113	9.1728
0.1657	0.7448	9.1728
0.1358	0.7848	9.1615
0.1161	0.8106	9.1537
0.0843	0.8309	9.1489
0.0377	0.8500	9.1477
-0.0054	0.8602	9.1489
-0.0694	0.8758	9.1483
-0.1262	0.9003	9.1501
-0.2004	0.9314	9.1543
-0.2806	0.9751	9.1633
-0.3446	1.0146	9.1800
-0.4223	1.0624	9.1938
-0.5019	1.1115	9.2255
-0.5533	1.1491	9.2488
-0.6185	1.1904	9.2835
-0.6646	1.2281	9.3116
-0.7322	1.2544	9.3361
-0.8070	1.2873	9.3726
-0.8746	1.3166	9.3990
-0.9637	1.3579	9.4331
-1.0337	1.4094	9.4660
-1.1306	1.4447	9.4929
-1.2293	1.4967	9.5324
-1.3089	1.5344	9.5790
-1.4124	1.5799	9.6143
-1.5027	1.6181	9.6490
-1.6313	1.6618	9.6729
-1.7258	1.6630	9.7094
-1.8072	1.6678	9.7704
-1.8736	1.6839	9.8033
-1.9370	1.7354	9.8392
-2.0135	1.7856	9.8632
-2.1021	1.8329	9.9056
-2.1775	1.8538	9.9595
-2.2684	1.8724	10.0043
-2.3473	1.8778	10.0546
-2.3832	1.8652	10.0863
-2.4000	1.8251	10.1192
-2.3934	1.7647	10.1479
-2.3743	1.7127	10.1700
-2.3438	1.6403	10.1910
-2.3085	1.5828	10.2041
-2.2379	1.5063	10.2143
-2.1679	1.4375	10.2287
-2.0614	1.3860	10.2376
-1.9477	1.3274	10.2490
-1.8526	1.2790	10.2490
-1.7473	1.2191	10.2460
-1.6660	1.1599	10.2394
-1.5667	1.1127	10.2358
-1.4554	1.0636	10.2257
-1.3633	1.0307	10.2077
-1.2407	0.9912	10.1856
-1.1150	0.9559	10.1563
-1.0235	0.9284	10.1371
-0.9099	0.8991	10.1108
-0.8231	0.8680	10.0875
-0.7137	0.8488	10.0642
-0.6060	0.8267	10.0360
-0.5222	0.8094	10.0109
-0.4229	0.7860	9.9954
-0.3529	0.7555	9.9864
-0.2650	0.7322	9.9798
-0.1705	0.7017	9.9708
-0.0867	0.6784	9.9571
0.0251	0.6473	9.9409
0.1161	0.6120	9.9218
0.2273	0.5803	9.9068
0.3296	0.5366	9.8895
0.3966	0.5097	9.8548
0.4684	0.4792	9.8482
0.5593	0.4313	9.8189
0.6383	0.3834	9.7992
0.7681	0.3248	9.7686
0.8477	0.2967	9.7411
0.9637	0.2907	9.7166
1.0708	0.2812	9.6897
1.1444	0.2740	9.6705
1.2329	0.2919	9.6460
1.2915	0.3182	9.6323
1.3639	0.3398	9.6161
1.4147	0.3505	9.6083
1.4506	0.3523	9.6041
1.4758	0.3559	9.6012
1.4871	0.3643	9.5982
1.4937	0.3715	9.5916
1.4997	0.3751	9.5844
1.5129	0.3775	9.5796
1.5398	0.3840	9.5814
1.5846	0.3870	9.5904
1.6301	0.3846	9.5994
1.6887	0.3757	9.6041
1.7360	0.3685	9.6023
1.7892	0.3470	9.5940
1.8401	0.3332	9.5838
1.8897	0.3123	9.5778
1.9537	0.3015	9.5754
2.0159	0.2997	9.5665
2.0829	0.3188	9.5569
2.1380	0.3458	9.5503
2.1697	0.3745	9.5485
2.1960	0.4152	9.5563
2.2163	0.4540	9.5635
2.2468	0.4893	9.5617
2.2774	0.5198	9.5629
2.2983	0.5408	9.5647
2.3127	0.5581	9.5641
2.3198	0.5587	9.5659
2.3246	0.5509	9.5700
2.3372	0.5366	9.5653
2.3545	0.5258	9.5539
2.3826	0.5133	9.5485
2.4126	0.5013	9.5413
2.4275	0.4881	9.5383
2.4365	0.4684	9.5371
2.4401	0.4487	9.5318
2.4413	0.4277	9.5240
2.4455	0.4020	9.5054
2.4496	0.3817	9.4911
2.4634	0.3649	9.4689
2.4813	0.3547	9.4570
2.5130	0.3583	9.4522
2.5597	0.3715	9.4402
2.6010	0.3805	9.4259
2.6590	0.3894	9.4145
2.7051	0.3870	9.4109
2.7577	0.3817	9.4133
2.8098	0.3721	9.4133
2.8504	0.3673	9.4037
2.8983	0.3649	9.3912
2.9372	0.3637	9.3786
2.9647	0.3637	9.3643
2.9862	0.3595	9.3409
2.9970	0.3499	9.3194
3.0054	0.3344	9.3050
3.0125	0.3272	9.2895
3.0269	0.3266	9.2751
3.0538	0.3278	9.2554
3.0813	0.3326	9.2356
3.1226	0.3350	9.2225
3.1651	0.3374	9.2087
3.2040	0.3374	9.1890
3.2596	0.3320	9.1710
3.3099	0.3224	9.1465
3.3816	0.3153	9.1244
3.4546	0.3087	9.0981
3.5103	0.3021	9.0771
3.5802	0.2919	9.0622
3.6365	0.2794	9.0376
3.7071	0.2698	9.0095
3.7765	0.2578	8.9677
3.8297	0.2495	8.9282
3.8949	0.2417	8.8959
3.9643	0.2447	8.8528
4.0217	0.2566	8.8235
4.0935	0.2829	8.7834
4.1557	0.3218	8.7517
4.2407	0.3541	8.7254
4.3238	0.3912	8.6925
4.3890	0.4163	8.6512
4.4656	0.4397	8.6189
4.5164	0.4493	8.5758
4.5834	0.4475	8.5381
4.6409	0.4379	8.4933
4.6887	0.4325	8.4496
4.7515	0.4307	8.4149
4.7994	0.4265	8.3802
4.8580	0.4253	8.3491
4.9083	0.4175	8.3108
4.9423	0.4056	8.2690
4.9747	0.3799	8.2372
4.9908	0.3446	8.1948
4.9950	0.3129	8.1577
4.9884	0.2692	8.1092
4.9794	0.2130	8.0644
4.9531	0.1699	8.0225
4.9262	0.1131	7.9722
4.9083	0.0640	7.9256
4.8867	0.0120	7.8735
4.8843	-0.0359	7.8317
4.9029	-0.0646	7.8047
4.9400	-0.0957	7.7760
4.9848	-0.1208	7.7575
5.0500	-0.1472	7.7467
5.1075	-0.1753	7.7234
5.1846	-0.1908	7.7150
5.2636	-0.2171	7.6905
5.3276	-0.2477	7.6654
5.4125	-0.2794	7.6486
5.4915	-0.3153	7.6379
5.5435	-0.3308	7.6373
5.6076	-0.3398	7.6349
5.6596	-0.3499	7.6343
5.6991	-0.3553	7.6295
5.7272	-0.3440	7.6259
5.7338	-0.3230	7.6331
5.7326	-0.2824	7.6516
5.7248	-0.2279	7.6684
5.7063	-0.1771	7.6833
5.6710	-0.1035	7.6947
5.6273	-0.0425	7.7043
5.5561	0.0293	7.7072
5.4873	0.0867	7.7132
5.3916	0.1256	7.7204
5.2887	0.1753	7.7288
5.2008	0.2124	7.7455
5.0865	0.2554	7.7665
4.9944	0.2895	7.7970
4.8813	0.3057	7.8209
4.7766	0.3164	7.8394
4.7049	0.3188	7.8592
4.6474	0.3033	7.8897
4.6277	0.2752	7.9375
4.6391	0.2471	7.9812
4.6791	0.2010	8.0404
4.7186	0.1615	8.0901
4.7737	0.1370	8.1206
4.8185	0.1220	8.1577
4.8490	0.1065	8.2145
4.8765	0.0760	8.2761
4.8927	0.0526	8.3407
4.8861	0.0502	8.3724
4.8401	0.0479	8.3982
4.7551	0.0646	8.4257
4.6139	0.0640	8.4550
4.2981	0.0879	8.5070
4.2401	0.1101	8.5591
4.0528	0.1460	8.6686
3.9093	0.1920	8.7487
3.7382	0.2806	8.7786
3.5455	0.3811	8.8145
3.3751	0.4493	8.8492
3.1759	0.4899	8.9132
3.0377	0.5222	8.9796
2.9204	0.5551	9.0251
2.8732	0.6006	9.0885
2.8941	0.6239	9.1346
2.9539	0.6245	9.1872
3.0042	0.5952	9.2512
3.0592	0.5252	9.2877
3.0915	0.4301	9.3122
3.1011	0.3482	9.3308
3.0873	0.2829	9.3421
2.9144	0.2447	9.3565
3.0161	0.2489	9.3888
2.9677	0.2674	9.3990
2.8905	0.3242	9.4384
2.8044	0.3930	9.4857
2.6823	0.4642	9.5449
2.5729	0.5486	9.5724
2.4126	0.6712	9.5958
2.2690	0.7741	9.6179
2.1105	0.8572	9.6382
1.9735	0.8991	9.6610
1.8903	0.9332	9.6807
1.8538	0.9428	9.7160
1.8646	0.9284	9.7525
1.9178	0.9009	9.7639
2.0165	0.8800	9.7142
2.1093	0.8590	9.6538
2.1978	0.8237	9.6287
2.2702	0.7579	9.6077
2.3611	0.6963	9.6012
2.4191	0.6383	9.5838
2.4484	0.6096	9.5551
2.4419	0.5928	9.5246
2.3934	0.6006	9.4881
2.3127	0.6018	9.4953
2.2104	0.6132	9.5007
2.1386	0.6592	9.4707
2.0500	0.7537	9.4474
1.9842	0.8435	9.4247
1.9525	0.8823	9.4163
1.9107	0.9051	9.3984
1.8742	0.9158	9.3565
1.8251	0.9015	9.3188
1.7862	0.8734	9.2596
1.7725	0.8435	9.2171
1.7797	0.8010	9.1687
1.7946	0.7777	9.1268
1.8227	0.7693	9.0933
1.8299	0.7741	9.0556
1.8078	0.7807	9.0287
1.7647	0.7854	9.0077
1.7085	0.7998	8.9862
1.6343	0.8177	8.9671
1.5607	0.8447	8.9455
1.5093	0.8686	8.9282
1.4614	0.8931	8.9138
1.4351	0.9147	8.8983
1.4147	0.9230	8.8827
1.4153	0.9141	8.8528
1.4225	0.9015	8.8002
1.4482	0.8847	8.7541
1.4913	0.8578	8.6955
1.5284	0.8339	8.6542
1.5781	0.8004	8.6117
1.6044	0.7819	8.5669
1.6145	0.7723	8.5334
1.6056	0.7651	8.4903
1.5846	0.7711	8.4496
1.5493	0.7884	8.4233
1.5152	0.8201	8.3988
1.4680	0.8500	8.3844
1.4201	0.8829	8.3772
1.3824	0.8979	8.3772
1.3412	0.9057	8.3778
1.3166	0.8901	8.3826
1.3047	0.8596	8.3838
1.3065	0.8159	8.3808
1.3232	0.6161	8.3814
1.3555	0.7035	8.3856
1.3920	0.6335	8.3904
1.4267	0.5749	8.3928
1.4620	0.5109	8.3964
1.4806	0.4516	8.4089
1.4973	0.4026	8.4275
1.5075	0.3535	8.4514
1.5087	0.3278	8.4729
1.5105	0.3075	8.5064
1.5099	0.3003	8.5471
1.5045	0.3033	8.5842
1.4943	0.3200	8.6279
1.4817	0.3380	8.6703
1.4674	0.3631	8.7056
1.4566	0.3888	8.7427
1.4387	0.4134	8.7679
1.4118	0.4469	8.8025
1.3848	0.4696	8.8432
1.3412	0.4953	8.8767
1.2831	0.5258	8.9204
1.2323	0.5533	8.9557
1.1653	0.5886	9.0018
1.1156	0.6287	9.0502
1.0600	0.6604	9.0897
1.0092	0.6915	9.1537
0.9733	0.7250	9.2105
0.9511	0.7836	9.2650
0.9482	0.8207	9.3098
0.9242	0.8435	9.3643
0.9200	0.8662	9.4289
0.9117	0.8835	9.4821
0.9039	0.8823	9.5246
0.9039	0.8794	9.5712
0.8919	0.8722	9.6065
0.8829	0.8644	9.6448
0.8722	0.8590	9.6867
0.8572	0.8578	9.7190
0.8488	0.8572	9.7537
0.8357	0.8536	9.7770
0.8273	0.8441	9.8027
0.8237	0.8291	9.8273
0.8249	0.8064	9.8476
0.8345	0.7783	9.8733
0.8441	0.7555	9.8931
0.8614	0.7274	9.9164
0.8728	0.7059	9.9338
0.8901	0.6843	9.9457
0.9081	0.6562	9.9613
0.9194	0.6341	9.9684
0.9284	0.6090	9.9708
0.9290	0.5874	9.9714
0.9206	0.5725	9.9714
0.9069	0.5587	9.9714
0.8985	0.5509	9.9750
0.8955	0.5462	9.9744
0.9039	0.5444	9.9714
0.9236	0.5396	9.9643
0.9517	0.5342	9.9499
0.9763	0.5264	9.9355
1.0086	0.5192	9.9272
1.0463	0.5115	9.9116
1.0804	0.5079	9.8937
1.1252	0.5019	9.8697
1.1575	0.5001	9.8548
1.1946	0.5013	9.8482
1.2245	0.5073	9.8464
1.2461	0.5198	9.8398
1.2700	0.5366	9.8315
1.2867	0.5497	9.8213
1.3047	0.5563	9.8123
1.3119	0.5593	9.8027
1.3083	0.5569	9.7968
1.3017	0.5521	9.7968
1.2975	0.5515	9.7986
1.2963	0.5551	9.8010
1.2963	0.5647	9.7986
1.2957	0.5689	9.7932
1.2808	0.5707	9.7920
1.2550	0.5743	9.8105
1.2221	0.5761	9.8051
1.1856	0.5803	9.7962
1.1569	0.5773	9.8033
1.1264	0.5886	9.8129
1.0995	0.6006	9.8243
1.0774	0.6197	9.8374
1.0439	0.6185	9.8626
1.0223	0.6281	9.8853
1.0074	0.6383	9.8985
1.0104	0.6479	9.9104
1.0199	0.6873	10.1353
1.2484	0.4211	10.4021
1.6463	0.6730	10.6217
2.1481	0.9230	10.6079
2.6094	0.9129	10.4907
2.9432	0.9152	9.9595
2.9820	0.6820	9.9756
2.7643	0.5761	10.0911
2.5848	0.4116	10.1539
2.3456	0.3290	9.9996
2.1595	0.2004	9.8578
1.8915	0.3153	9.8602
1.6343	0.3864	10.0672
1.5799	0.1663	10.1437
1.3268	0.1603	10.2245
1.1438	0.2979	10.1527
0.9781	0.4277	10.0444
0.9326	0.7495	10.0803
0.9553	0.8913	10.2077
0.9709	0.9505	10.2053
1.0157	1.0301	10.1862
0.9691	1.0385	10.1904
0.9368	1.0732	10.2035
0.9224	1.0804	10.1581
0.8883	0.9601	10.0713
0.8865	0.8746	9.9822
0.9643	0.8040	9.9026
1.0056	0.7537	9.9074
1.1497	0.6580	9.8805
1.2221	0.5599	9.8195
1.3089	0.4810	9.7405
1.3729	0.4504	9.6855
1.4255	0.4756	9.6526
1.4560	0.5174	9.6454
1.5045	0.5300	9.6191
1.5075	0.5976	9.5922
1.4943	0.6903	9.5880
1.4740	0.7795	9.5790
1.4554	0.8303	9.5449
1.4291	0.8345	9.5288
1.4423	0.7974	9.4809
1.4823	0.7609	9.4235
1.5206	0.7448	9.3732
1.5822	0.6748	9.3146
1.6744	0.6413	9.2799
1.7581	0.6138	9.2243
1.8251	0.6221	9.1543
1.9274	0.6502	9.0933
2.0124	0.6927	9.0161
2.0883	0.7460	8.9647
2.1655	0.8124	8.9120
2.2104	0.9057	8.8588
2.2367	0.9607	8.8145
2.2445	1.0068	8.7649
2.2457	1.0098	8.7140
2.2528	0.9817	8.6835
2.2474	0.9631	8.6171
2.2750	0.9386	8.5675
2.3150	0.8997	8.4664
2.4754	0.7573	8.7661
2.1499	1.2831	8.5274
1.9759	1.5362	9.0299
1.1856	1.2048	9.4809
0.5055	0.4546	9.5934
-0.0963	0.2955	8.9653
-0.4588	0.7143	9.2973
-0.6784	0.9984	9.3445
-0.2148	0.7669	9.4109
-0.0078	0.8931	9.7513
-0.1346	0.8788	9.7483
-0.0909	0.7836	9.3834
0.0221	0.4373	9.4283
-0.0568	0.4947	9.3194
0.1107	0.6969	9.0053
0.2213	1.0355	9.0065
0.5964	0.9966	9.2386
0.7830	0.7723	9.3601
1.0223	0.4056	9.4618
0.9691	0.0999	9.4594
0.8943	0.0245	9.2919
0.7938	-0.0215	9.1698
0.6114	-0.0006	9.1196
0.5408	0.2560	9.1998
0.6191	0.2447	9.3445
0.6586	0.3123	9.5653
0.8195	0.4786	9.5832
0.9464	0.8219	9.4612
1.0128	1.1133	9.3272
1.1013	1.2927	9.3661
1.1013	1.3759	9.4235
1.0660	1.3095	9.6370
0.9200	1.1001	9.5898
0.8512	0.9368	9.6281
0.7089	0.8429	9.6478
0.7029	0.7035	9.5192
0.7376	0.6203	9.5090
0.7932	0.6173	9.4857
0.8411	0.5659	9.5024
0.9535	0.5599	9.4911
0.9966	0.5414	9.4779
1.0175	0.5300	9.4737
0.9787	0.5109	9.4606
0.9422	0.5049	9.5084
0.9368	0.4187	9.5395
0.8668	0.4570	9.5467
0.7998	0.5151	9.5802
0.7065	0.6150	9.5635
0.6437	0.7053	9.5838
0.6490	0.6921	9.6029
0.6772	0.6873	9.6263
0.7041	0.7005	9.6089
0.7585	0.7352	9.6203
0.8064	0.7352	9.5910
0.8812	0.6843	9.5617
0.9242	0.6048	9.5677
0.9386	0.6018	9.5581
0.9499	0.6012	9.5653
0.9338	0.6084	9.5545
0.9224	0.5892	9.5563
0.8638	0.5444	9.5844
0.8237	0.5910	9.5964
0.8070	0.6179	9.5952
0.8154	0.6610	9.5964
0.8453	0.6724	9.5934
0.8782	0.6496	9.5886
0.8961	0.6311	9.5808
0.8656	0.6473	9.5814
0.8524	0.6610	9.5826
0.8423	0.6748	9.5826
0.8626	0.6891	9.5790
0.8782	0.6622	9.5910
0.8692	0.6580	9.5910
0.8459	0.6479	9.5814
0.8118	0.6329	9.6017
0.7974	0.6120	9.6059
0.8016	0.6215	9.6041
0.8321	0.6353	9.6012
0.8829	0.6461	9.5898
0.9242	0.6449	9.5629
0.9733	0.6305	9.5635
0.9733	0.6197	9.5623
0.9577	0.6251	9.5545
0.9123	0.6371	9.5790
0.8788	0.6353	9.5946
0.8381	0.6347	9.5958
0.7926	0.6449	9.6107
0.7765	0.6449	9.6083
0.7633	0.6568	9.6035
0.7777	0.6730	9.6059
0.8112	0.6825	9.5994
0.8656	0.7041	9.5904
0.9105	0.7011	9.5916
0.9541	0.6736	9.5844
0.9685	0.6335	9.5718
0.9571	0.5994	9.5718
0.9284	0.5701	9.5694
0.9051	0.5671	9.5665
0.8740	0.5785	9.5778
0.8471	0.6036	9.5922
0.8261	0.6371	9.5976
0.8046	0.6808	9.6053
0.7986	0.7083	9.6149
0.8064	0.7238	9.6137
0.8321	0.7304	9.6119
0.8614	0.7208	9.6041
0.8979	0.6891	9.5898
0.9224	0.6401	9.5814
0.9308	0.5982	9.5766
0.9272	0.5617	9.5635
0.9164	0.5539	9.5641
0.9081	0.5629	9.5724
0.8961	0.5952	9.5784
0.8829	0.6287	9.5910
0.8584	0.6664	9.6012
0.8327	0.6969	9.6047
0.8022	0.7125	9.6101
0.7854	0.7137	9.6131
0.7932	0.7059	9.6017
0.8237	0.6885	9.5988
0.8566	0.6604	9.5970
0.8943	0.6389	9.5868
0.9182	0.6156	9.5790
0.9266	0.5988	9.5784
0.9278	0.5928	9.5748
0.9254	0.5988	9.5742
0.9176	0.6108	9.5772
0.9015	0.6287	9.5766
0.8812	0.6449	9.5874
0.8465	0.6556	9.5994
0.8136	0.6700	9.6029
0.7974	0.6796	9.6053
0.8022	0.6784	9.6107
0.8249	0.6730	9.6017
0.8650	0.6676	9.5910
0.9015	0.6550	9.5838
0.9200	0.6437	9.5748
0.9242	0.6275	9.5748
0.9147	0.6167	9.5808
0.8955	0.6144	9.5790
0.8764	0.6191	9.5826
0.8632	0.6251	9.5928
0.8494	0.6371	9.5934
0.8357	0.6520	9.5964
0.8255	0.6622	9.6035
0.8225	0.6718	9.6041
0.8315	0.6772	9.6000
0.8554	0.6742	9.5970
0.8877	0.6646	9.5868
0.9117	0.6520	9.5820
0.9272	0.6329	9.5814
0.9242	0.6161	9.5784
0.9063	0.6096	9.5784
0.8812	0.6108	9.5862
0.8632	0.6191	9.5898
0.8465	0.6371	9.5904
0.8381	0.6538	9.5958
0.8327	0.6646	9.5976
0.8309	0.6748	9.5988
0.8333	0.6778	9.6023
0.8435	0.6754	9.6012
0.8578	0.6664	9.5952
0.8818	0.6544	9.5922
0.9021	0.6383	9.5832
0.9123	0.6263	9.5766
0.9111	0.6150	9.5784
0.8985	0.6144	9.5808
0.8847	0.6239	9.5832
0.8650	0.6395	9.5910
0.8518	0.6538	9.5970
0.8387	0.6634	9.5994
0.8303	0.6688	9.6035
0.8285	0.6688	9.6017
0.8357	0.6652	9.5970
0.8500	0.6574	9.5946
0.8746	0.6496	9.5910
0.8991	0.6401	9.5844
0.9147	0.6317	9.5838
0.9212	0.6227	9.5832
0.9170	0.6203	9.5820
0.9027	0.6245	9.5850
0.8818	0.6335	9.5898
0.8656	0.6443	9.5940
0.8465	0.6562	9.5994
0.8291	0.6664	9.6017
0.8219	0.6718	9.6029
0.8207	0.6718	9.6065
0.8291	0.6670	9.6059
0.8506	0.6616	9.6000
0.8800	0.6508	9.5934
0.9015	0.6401	9.5886
0.9206	0.6275	9.5832
0.9224	0.6179	9.5820
0.9135	0.6167	9.5826
0.8985	0.6203	9.5850
0.8823	0.6281	9.5904
0.8638	0.6419	9.5946
0.8506	0.6556	9.5976
0.8369	0.6646	9.6023
0.8267	0.6706	9.6065
0.8249	0.6724	9.6041
0.8339	0.6694	9.6023
0.8536	0.6610	9.5976
0.8758	0.6508	9.5916
0.9009	0.6377	9.5868
0.9141	0.6287	9.5838
0.9182	0.6215	9.5826
0.9093	0.6203	9.5850
0.8955	0.6245	9.5880
0.8770	0.6365	9.5904
0.8626	0.6485	9.5952
0.8477	0.6574	9.5994
0.8363	0.6676	9.6000
0.8309	0.6730	9.6017
0.8315	0.6736	9.6029
0.8393	0.6694	9.6017
0.8578	0.6628	9.5988
0.8812	0.6508	9.5934
0.8991	0.6401	9.5868
0.9147	0.6281	9.5832
0.9176	0.6203	9.5832
0.9123	0.6197	9.5832
0.8979	0.6269	9.5868
0.8823	0.6353	9.5928
0.8632	0.6485	9.5958
0.8477	0.6604	9.6000
0.8375	0.6676	9.6029
0.8309	0.6724	9.6041
0.8315	0.6712	9.6035
0.8405	0.6676	9.6012
0.8578	0.6586	9.5964
0.8740	0.6496	9.5916
0.8931	0.6371	9.5886
0.9039	0.6275	9.5844
0.9075	0.6227	9.5838
0.9027	0.6239	9.5862
0.8943	0.6287	9.5880
0.8800	0.6377	9.5910
0.8668	0.6485	9.5958
0.8524	0.6562	9.5976
0.8429	0.6628	9.6006
0.8387	0.6664	9.6029
0.8417	0.6658	9.6023
0.8530	0.6610	9.6006
0.8656	0.6544	9.5976
0.8823	0.6449	9.5928
0.8937	0.6359	9.5904
0.9015	0.6293	9.5886
0.9015	0.6257	9.5874
0.8967	0.6275	9.5880
0.8859	0.6341	9.5898
0.8758	0.6431	9.5940
0.8614	0.6508	9.5958
0.8488	0.6586	9.5994
0.8411	0.6640	9.6017
0.8381	0.6676	9.6017
0.8423	0.6658	9.6023
0.8536	0.6610	9.6000
0.8704	0.6520	9.5952
0.8823	0.6437	9.5910
0.8949	0.6347	9.5886
0.8997	0.6287	9.5874
0.8985	0.6275	9.5886
0.8919	0.6293	9.5898
0.8841	0.6335	9.5910
0.8722	0.6419	9.5928
0.8602	0.6502	9.5958
0.8512	0.6562	9.5976
0.8441	0.6622	9.6000
0.8429	0.6640	9.6000
0.8483	0.6622	9.5994
0.8596	0.6562	9.5964
0.8704	0.6490	9.5922
0.8835	0.6407	9.5898
0.8913	0.6341	9.5886
0.8955	0.6299	9.5874
0.8931	0.6299	9.5886
0.8877	0.6329	9.5892
0.8788	0.6401	9.5916
0.8704	0.6490	9.5940
0.8602	0.6556	9.5970
0.8518	0.6622	9.5988
0.8477	0.6652	9.6000
0.8471	0.6646	9.6012
0.8530	0.6598	9.5994
0.8614	0.6538	9.5964
0.8746	0.6449	9.5928
0.8847	0.6359	9.5910
0.8931	0.6311	9.5880
0.8961	0.6275	9.5874
0.8943	0.6275	9.5880
0.8871	0.6329	9.5886
0.8794	0.6407	9.5928
0.8680	0.6473	9.5946
0.8572	0.6544	9.5964
0.8506	0.6586	9.5982
0.8465	0.6622	9.5982
0.8471	0.6616	9.5964
0.8536	0.6580	9.5958
0.8644	0.6520	9.5940
0.8740	0.6461	9.5922
0.8841	0.6389	9.5904
0.8901	0.6335	9.5886
0.8913	0.6311	9.5886
0.8883	0.6317	9.5892
0.8841	0.6371	9.5910
0.8752	0.6425	9.5922
0.8650	0.6502	9.5940
0.8584	0.6562	9.5964
0.8524	0.6616	9.5976
0.8506	0.6634	9.5988
0.8542	0.6622	9.5982
0.8620	0.6574	9.5964
0.8698	0.6520	9.5940
0.8788	0.6443	9.5910
0.8859	0.6365	9.5886
0.8895	0.6323	9.5880
0.8895	0.6305	9.5880
0.8871	0.6323	9.5886
0.8800	0.6377	9.5904
0.8716	0.6443	9.5934
0.8650	0.6496	9.5946
0.8572	0.6574	9.5970
0.8536	0.6604	9.5976
0.8518	0.6616	9.5970
0.8554	0.6592	9.5958
0.8608	0.6550	9.5940
0.8692	0.6479	9.5922
0.8764	0.6401	9.5904
0.8829	0.6347	9.5892
0.8865	0.6317	9.5868
0.8865	0.6311	9.5874
0.8841	0.6335	9.5886
0.8806	0.6383	9.5892
0.8740	0.6437	9.5904
0.8662	0.6508	9.5922
0.8602	0.6556	9.5946
0.8548	0.6592	9.5952
0.8542	0.6598	9.5952
0.8560	0.6568	9.5952
0.8626	0.6526	9.5946
0.8692	0.6479	9.5922
0.8764	0.6419	9.5898
0.8812	0.6365	9.5892
0.8823	0.6347	9.5892
0.8823	0.6341	9.5904
0.8794	0.6365	9.5910
0.8728	0.6401	9.5910
0.8668	0.6461	9.5928
0.8620	0.6496	9.5940
0.8572	0.6544	9.5946
0.8560	0.6568	9.5940
0.8572	0.6568	9.5952
0.8614	0.6538	9.5952
0.8674	0.6508	9.5928
0.8746	0.6449	9.5910
0.8800	0.6395	9.5898
0.8841	0.6353	9.5886
0.8847	0.6335	9.5880
0.8829	0.6335	9.5892
0.8794	0.6359	9.5904
0.8740	0.6407	9.5916
0.8698	0.6455	9.5928
0.8632	0.6514	9.5934
0.8596	0.6550	9.5946
0.8590	0.6568	9.5940
0.8608	0.6562	9.5946
0.8644	0.6544	9.5934
0.8698	0.6508	9.5922
0.8752	0.6455	9.5910
0.8800	0.6413	9.5904
0.8823	0.6365	9.5886
0.8818	0.6353	9.5892
0.8800	0.6359	9.5898
0.8776	0.6389	9.5910
0.8728	0.6425	9.5922
0.8680	0.6473	9.5928
0.8650	0.6514	9.5952
0.8632	0.6544	9.5958
0.8638	0.6556	9.5952
0.8656	0.6544	9.5946
0.8698	0.6520	9.5934
0.8746	0.6473	9.5916
0.8776	0.6449	9.5904
0.8800	0.6413	9.5880
0.8800	0.6383	9.5880
0.8782	0.6377	9.5886
0.8758	0.6395	9.5886
0.8716	0.6425	9.5898
0.8674	0.6467	9.5916
0.8638	0.6502	9.5922
0.8608	0.6538	9.5928
0.8602	0.6568	9.5934
0.8614	0.6574	9.5934
0.8656	0.6556	9.5922
0.8686	0.6532	9.5910
0.8740	0.6485	9.5898
0.8776	0.6443	9.5880
0.8794	0.6413	9.5874
0.8800	0.6401	9.5868
0.8788	0.6401	9.5874
0.8758	0.6419	9.5886
0.8710	0.6443	9.5898
0.8692	0.6473	9.5916
0.8650	0.6514	9.5922
0.8638	0.6538	9.5928
0.8626	0.6544	9.5934
0.8644	0.6550	9.5928
0.8680	0.6532	9.5928
0.8722	0.6502	9.5916
0.8752	0.6467	9.5910
0.8782	0.6431	9.5910
0.8788	0.6407	9.5898
0.8776	0.6395	9.5898
0.8752	0.6401	9.5904
0.8728	0.6425	9.5916
0.8698	0.6443	9.5922
0.8668	0.6485	9.5928
0.8644	0.6508	9.5952
0.8632	0.6532	9.5958
0.8644	0.6544	9.5958
0.8662	0.6538	9.5952
0.8704	0.6514	9.5952
0.8734	0.6479	9.5922
0.8770	0.6455	9.5910
0.8794	0.6431	9.5904
0.8800	0.6419	9.5886
0.8782	0.6413	9.5892
0.8770	0.6425	9.5904
0.8734	0.6443	9.5922
0.8680	0.6467	9.5934
0.8650	0.6496	9.5934
0.8638	0.6526	9.5952
0.8644	0.6544	9.5958
0.8650	0.6544	9.5952
0.8680	0.6532	9.5946
0.8716	0.6514	9.5940
0.8758	0.6479	9.5922
0.8788	0.6437	9.5916
0.8800	0.6419	9.5910
0.8800	0.6401	9.5910
0.8788	0.6395	9.5904
0.8758	0.6407	9.5910
0.8722	0.6431	9.5922
0.8692	0.6461	9.5928
0.8662	0.6490	9.5946
0.8650	0.6514	9.5952
0.8650	0.6520	9.5958
0.8662	0.6514	9.5958
0.8692	0.6508	9.5952
0.8728	0.6473	9.5940
0.8758	0.6443	9.5928
0.8794	0.6419	9.5928
0.8806	0.6407	9.5922
0.8800	0.6407	9.5922
0.8776	0.6407	9.5922
0.8740	0.6425	9.5934
0.8710	0.6449	9.5934
0.8692	0.6479	9.5952
0.8674	0.6496	9.5958
0.8656	0.6520	9.5958
0.8662	0.6526	9.5958
0.8668	0.6526	9.5958
0.8704	0.6502	9.5958
0.8734	0.6473	9.5940
0.8758	0.6449	9.5946
0.8788	0.6431	9.5928
0.8794	0.6419	9.5928
0.8782	0.6401	9.5934
0.8770	0.6419	9.5928
0.8740	0.6437	9.5946
0.8692	0.6461	9.5946
0.8668	0.6479	9.5946
0.8650	0.6502	9.5964
0.8650	0.6514	9.5964
0.8662	0.6520	9.5952
0.8668	0.6520	9.5946
0.8698	0.6502	9.5928
0.8734	0.6473	9.5922
0.8764	0.6449	9.5910
0.8770	0.6437	9.5910
0.8770	0.6425	9.5904
0.8764	0.6425	9.5910
0.8734	0.6431	9.5916
0.8704	0.6449	9.5916
0.8680	0.6467	9.5916
0.8656	0.6485	9.5928
0.8644	0.6508	9.5934
0.8644	0.6508	9.5934
0.8656	0.6502	9.5940
0.8674	0.6490	9.5946
0.8704	0.6479	9.5940
0.8722	0.6455	9.5940
0.8746	0.6443	9.5928
0.8764	0.6431	9.5922
0.8764	0.6425	9.5910
0.8746	0.6425	9.5916
0.8716	0.6437	9.5922
0.8686	0.6443	9.5928
0.8662	0.6467	9.5928
0.8644	0.6479	9.5940
0.8626	0.6490	9.5946
0.8638	0.6496	9.5946
0.8650	0.6490	9.5934
0.8674	0.6479	9.5928
0.8698	0.6461	9.5916
0.8728	0.6455	9.5916
0.8746	0.6431	9.5910
0.8758	0.6425	9.5910
0.8758	0.6419	9.5898
0.8740	0.6425	9.5898
0.8716	0.6443	9.5904
0.8680	0.6461	9.5904
0.8662	0.6479	9.5904
0.8644	0.6502	9.5916
0.8632	0.6502	9.5910
0.8638	0.6502	9.5910
0.8656	0.6496	9.5904
0.8680	0.6490	9.5904
0.8710	0.6467	9.5904
0.8740	0.6449	9.5898
0.8758	0.6431	9.5898
0.8770	0.6419	9.5898
0.8764	0.6419	9.5886
0.8752	0.6431	9.5886
0.8728	0.6449	9.5898
0.8698	0.6467	9.5916
0.8668	0.6485	9.5922
0.8644	0.6502	9.5928
0.8644	0.6508	9.5940
0.8656	0.6508	9.5934
0.8668	0.6496	9.5928
0.8698	0.6467	9.5928
0.8728	0.6455	9.5922
0.8752	0.6431	9.5916
0.8764	0.6419	9.5904
0.8764	0.6407	9.5904
0.8764	0.6413	9.5904
0.8746	0.6419	9.5928
0.8728	0.6437	9.5934
0.8698	0.6449	9.5940
0.8692	0.6461	9.5934
0.8686	0.6473	9.5934
0.8674	0.6479	9.5934
0.8680	0.6479	9.5922
0.8692	0.6461	9.5922
0.8704	0.6461	9.5916
0.8728	0.6449	9.5910
0.8746	0.6431	9.5910
0.8758	0.6425	9.5916
0.8758	0.6419	9.5916
0.8752	0.6431	9.5922
0.8728	0.6437	9.5922
0.8710	0.6461	9.5916
0.8686	0.6473	9.5922
0.8674	0.6485	9.5922
0.8656	0.6496	9.5928
0.8668	0.6496	9.5928
0.8674	0.6490	9.5922
0.8686	0.6479	9.5922
0.8716	0.6467	9.5916
0.8728	0.6449	9.5910
0.8746	0.6437	9.5910
0.8758	0.6431	9.5904
0.8770	0.6437	9.5910
0.8752	0.6437	9.5904
0.8740	0.6449	9.5916
0.8728	0.6455	9.5922
0.8704	0.6467	9.5922
0.8698	0.6479	9.5922
0.8686	0.6485	9.5922
0.8680	0.6479	9.5928
0.8686	0.6473	9.5916
0.8704	0.6455	9.5922
0.8722	0.6437	9.5922
0.8734	0.6425	9.5916
0.8746	0.6419	9.5934
0.8758	0.6419	9.5928
0.8764	0.6419	9.5922
0.8758	0.6425	9.5916
0.8740	0.6443	9.5916
0.8734	0.6455	9.5928
0.8722	0.6473	9.5928
0.8716	0.6485	9.5934
0.8698	0.6485	9.5940
0.8704	0.6485	9.5934
0.8716	0.6473	9.5934
0.8728	0.6461	9.5940
0.8740	0.6449	9.5928
0.8758	0.6437	9.5928
0.8764	0.6425	9.5922
0.8764	0.6425	9.5922
0.8758	0.6419	9.5928
0.8752	0.6431	9.5922
0.8734	0.6449	9.5910
0.8722	0.6455	9.5916
0.8704	0.6473	9.5916
0.8686	0.6479	9.5910
0.8680	0.6479	9.5910
0.8698	0.6479	9.5910
0.8704	0.6461	9.5904
0.8728	0.6455	9.5898
0.8740	0.6443	9.5892
0.8752	0.6437	9.5898
0.8764	0.6431	9.5898
0.8758	0.6431	9.5910
0.8758	0.6437	9.5904
0.8752	0.6443	9.5898
0.8740	0.6449	9.5898
0.8728	0.6461	9.5898
0.8710	0.6473	9.5904
0.8710	0.6473	9.5904
0.8710	0.6467	9.5916
0.8710	0.6473	9.5910
0.8716	0.6461	9.5910
0.8722	0.6449	9.5904
0.8734	0.6437	9.5910
0.8746	0.6431	9.5922
0.8752	0.6425	9.5916
0.8764	0.6431	9.5922
0.8764	0.6431	9.5922
0.8746	0.6443	9.5928
0.8740	0.6449	9.5928
0.8716	0.6461	9.5922
0.8710	0.6473	9.5928
0.8704	0.6479	9.5922
0.8698	0.6479	9.5922
0.8710	0.6473	9.5916
0.8716	0.6461	9.5922
0.8722	0.6455	9.5928
0.8728	0.6443	9.5928
0.8728	0.6431	9.5934
0.8728	0.6431	9.5934
0.8722	0.6437	9.5940
0.8716	0.6443	9.5934
0.8704	0.6449	9.5940
0.8692	0.6461	9.5952
0.8692	0.6467	9.5958
0.8680	0.6479	9.5964
0.8686	0.6479	9.5958
0.8698	0.6473	9.5958
0.8698	0.6467	9.5958
0.8710	0.6461	9.5958
0.8716	0.6449	9.5958
0.8722	0.6443	9.5958
0.8728	0.6437	9.5958
0.8722	0.6431	9.5952
0.8716	0.6443	9.5946
0.8716	0.6443	9.5940
0.8716	0.6455	9.5946
0.8704	0.6455	9.5946
0.8698	0.6467	9.5958
0.8698	0.6461	9.5958
0.8698	0.6455	9.5952
0.8698	0.6455	9.5964
0.8698	0.6449	9.5958
0.8704	0.6443	9.5952
0.8716	0.6437	9.5952
0.8716	0.6431	9.5940
0.8716	0.6431	9.5934
0.8716	0.6431	9.5934
0.8710	0.6431	9.5940
0.8698	0.6437	9.5940
0.8692	0.6443	9.5952
0.8692	0.6455	9.5958
0.8686	0.6461	9.5958
0.8698	0.6467	9.5958
0.8698	0.6467	9.5958
0.8698	0.6461	9.5958
0.8704	0.6449	9.5946
0.8722	0.6449	9.5946
0.8728	0.6443	9.5946
0.8734	0.6437	9.5946
0.8740	0.6437	9.5934
0.8740	0.6437	9.5928
0.8734	0.6443	9.5934
0.8728	0.6449	9.5946
0.8710	0.6467	9.5946
0.8710	0.6473	9.5952
0.8704	0.6473	9.5946
0.8698	0.6479	9.5952
0.8704	0.6467	9.5952
0.8704	0.6455	9.5958
0.8722	0.6449	9.5952
0.8728	0.6437	9.5940
0.8728	0.6437	9.5940
0.8734	0.6437	9.5934
0.8740	0.6431	9.5928
0.8728	0.6437	9.5940
0.8728	0.6455	9.5928
0.8722	0.6455	9.5928
0.8716	0.6461	9.5928
0.8710	0.6467	9.5946
0.8710	0.6467	9.5940
0.8704	0.6473	9.5940
0.8716	0.6473	9.5934
0.8710	0.6467	9.5934
0.8722	0.6461	9.5934
0.8716	0.6455	9.5922
0.8716	0.6449	9.5916
0.8710	0.6449	9.5916
0.8704	0.6449	9.5910
0.8698	0.6455	9.5904
0.8692	0.6455	9.5904
0.8698	0.6449	9.5916
0.8704	0.6461	9.5922
0.8704	0.6461	9.5922
0.8704	0.6467	9.5916
0.8710	0.6467	9.5910
0.8704	0.6467	9.5916
0.8698	0.6467	9.5904
0.8704	0.6455	9.5910
0.8698	0.6443	9.5904
0.8710	0.6437	9.5904
0.8710	0.6431	9.5898
0.8710	0.6431	9.5892
0.8710	0.6431	9.5898
0.8710	0.6431	9.5910
0.8710	0.6437	9.5898
0.8704	0.6443	9.5904
0.8704	0.6455	9.5892
0.8710	0.6461	9.5898
0.8710	0.6467	9.5910
0.8722	0.6461	9.5910
0.8728	0.6461	9.5910
0.8734	0.6455	9.5916
0.8734	0.6461	9.5916
0.8734	0.6455	9.5922
0.8734	0.6455	9.5916
0.8728	0.6461	9.5916
0.8728	0.6467	9.5922
0.8728	0.6467	9.5928
0.8722	0.6473	9.5934
0.8722	0.6473	9.5940
0.8722	0.6473	9.5934
0.8722	0.6473	9.5934
0.8728	0.6473	9.5940
0.8740	0.6473	9.5946
0.8746	0.6467	9.5934
0.8752	0.6455	9.5922
0.8752	0.6455	9.5916
0.8746	0.6449	9.5910
0.8746	0.6449	9.5904
0.8740	0.6443	9.5916
0.8734	0.6443	9.5928
0.8734	0.6455	9.5928
0.8734	0.6461	9.5928
0.8722	0.6455	9.5928
0.8728	0.6461	9.5928
0.8734	0.6467	9.5934
0.8734	0.6473	9.5934
0.8740	0.6461	9.5934
0.8740	0.6461	9.5928
0.8734	0.6455	9.5940
0.8734	0.6455	9.5934
0.8734	0.6455	9.5928
0.8740	0.6455	9.5940
0.8734	0.6455	9.5934
0.8722	0.6461	9.5940
0.8710	0.6461	9.5940
0.8698	0.6467	9.5946
0.8698	0.6461	9.5952
0.8698	0.6473	9.5946
0.8704	0.6461	9.5952
0.8704	0.6455	9.5952
0.8716	0.6449	9.5946
0.8710	0.6449	9.5946
0.8716	0.6443	9.5934
0.8716	0.6449	9.5940
0.8710	0.6443	9.5946
0.8704	0.6443	9.5946
0.8686	0.6443	9.5940
0.8674	0.6449	9.5946
0.8680	0.6449	9.5952
0.8674	0.6455	9.5940
0.8674	0.6455	9.5946
0.8668	0.6455	9.5934
0.8674	0.6455	9.5928
0.8680	0.6443	9.5922
0.8680	0.6443	9.5928
0.8692	0.6437	9.5922
0.8686	0.6431	9.5922
0.8692	0.6431	9.5916
0.8692	0.6437	9.5916
0.8680	0.6443	9.5922
0.8668	0.6443	9.5922
0.8668	0.6455	9.5928
0.8674	0.6461	9.5934
0.8680	0.6467	9.5928
0.8680	0.6467	9.5928
0.8686	0.6467	9.5928
0.8698	0.6467	9.5922
0.8704	0.6455	9.5928
0.8710	0.6455	9.5922
0.8704	0.6449	9.5922
0.8710	0.6449	9.5934
0.8716	0.6449	9.5934
0.8704	0.6455	9.5934
0.8704	0.6455	9.5940
0.8698	0.6467	9.5940
0.8698	0.6467	9.5940
0.8698	0.6473	9.5946
0.8698	0.6479	9.5934
0.8704	0.6479	9.5934
0.8704	0.6473	9.5934
0.8710	0.6473	9.5934
0.8710	0.6473	9.5940
0.8698	0.6467	9.5940
0.8698	0.6467	9.5946
0.8710	0.6449	9.5952
0.8722	0.6449	9.5952
0.8710	0.6449	9.5952
0.8704	0.6467	9.5940
0.8704	0.6467	9.5934
0.8692	0.6467	9.5928
0.8692	0.6473	9.5922
0.8686	0.6479	9.5922
0.8692	0.6479	9.5916
0.8692	0.6473	9.5922
0.8692	0.6473	9.5922
0.8698	0.6461	9.5922
0.8704	0.6455	9.5934
0.8710	0.6449	9.5922
0.8710	0.6449	9.5934
0.8710	0.6455	9.5934
0.8710	0.6449	9.5934
0.8704	0.6455	9.5946
0.8710	0.6455	9.5952
0.8704	0.6455	9.5940
0.8698	0.6455	9.5934
0.8698	0.6455	9.5946
0.8710	0.6443	9.5934
0.8710	0.6443	9.5934
0.8710	0.6437	9.5928
0.8722	0.6437	9.5916
0.8722	0.6425	9.5934
0.8722	0.6425	9.5934
0.8728	0.6425	9.5934
0.8722	0.6431	9.5934
0.8716	0.6431	9.5928
0.8710	0.6437	9.5928
0.8710	0.6443	9.5940
0.8716	0.6443	9.5934
0.8710	0.6449	9.5922
0.8704	0.6443	9.5928
0.8710	0.6449	9.5928
0.8710	0.6443	9.5934
0.8710	0.6437	9.5934
0.8716	0.6437	9.5928
0.8722	0.6431	9.5934
0.8722	0.6419	9.5934
0.8716	0.6425	9.5940
0.8716	0.6431	9.5940
0.8716	0.6437	9.5946
0.8704	0.6443	9.5940
0.8698	0.6443	9.5946
0.8692	0.6449	9.5934

