accelx	accely	accelz
0.8704	0.6389	9.5772
0.8704	0.6383	9.5778
0.8704	0.6383	9.5772
0.8686	0.6365	9.5790
0.8680	0.6359	9.5778
0.8686	0.6365	9.5772
0.8692	0.6371	9.5778
0.8692	0.6383	9.5790
0.8692	0.6377	9.5790
0.8686	0.6389	9.5808
0.8686	0.6389	9.5790
0.8680	0.6395	9.5790
0.8692	0.6395	9.5790
0.8680	0.6389	9.5790
0.8686	0.6395	9.5778
0.8686	0.6389	9.5784
0.8698	0.6383	9.5790
0.8692	0.6389	9.5796
0.8692	0.6389	9.5808
0.8686	0.6389	9.5814
0.8686	0.6383	9.5796
0.8680	0.6389	9.5784
0.8692	0.6383	9.5784
0.8704	0.6389	9.5778
0.8686	0.6395	9.5784
0.8680	0.6395	9.5790
0.8680	0.6389	9.5796
0.8680	0.6389	9.5802
0.8680	0.6389	9.5802
0.8686	0.6383	9.5796
0.8692	0.6389	9.5778
0.8686	0.6383	9.5772
0.8692	0.6389	9.5766
0.8692	0.6389	9.5742
0.8698	0.6395	9.5748
0.8698	0.6383	9.5766
0.8698	0.6377	9.5778
0.8710	0.6377	9.5784
0.8710	0.6389	9.5778
0.8698	0.6389	9.5790
0.8704	0.6395	9.5802
0.8692	0.6389	9.5790
0.8674	0.6383	9.5784
0.8680	0.6389	9.5784
0.8692	0.6401	9.5796
0.8686	0.6395	9.5790
0.8680	0.6389	9.5772
0.8674	0.6377	9.5796
0.8686	0.6377	9.5772
0.8692	0.6389	9.5766
0.8692	0.6389	9.5784
0.8692	0.6389	9.5778
0.8710	0.6389	9.5772
0.8710	0.6377	9.5760
0.8704	0.6383	9.5772
0.8710	0.6389	9.5766
0.8710	0.6389	9.5754
0.8704	0.6383	9.5742
0.8692	0.6383	9.5748
0.8698	0.6395	9.5760
0.8692	0.6389	9.5754
0.8704	0.6389	9.5760
0.8704	0.6389	9.5772
0.8710	0.6389	9.5784
0.8710	0.6383	9.5790
0.8704	0.6377	9.5784
0.8698	0.6371	9.5766
0.8704	0.6377	9.5772
0.8710	0.6377	9.5778
0.8710	0.6371	9.5790
0.8698	0.6377	9.5784
0.8692	0.6371	9.5766
0.8692	0.6377	9.5790
0.8698	0.6383	9.5784
0.8680	0.6371	9.5778
0.8674	0.6371	9.5790
0.8692	0.6389	9.5784
0.8680	0.6377	9.5784
0.8686	0.6377	9.5784
0.8692	0.6383	9.5778
0.8692	0.6383	9.5790
0.8704	0.6389	9.5790
0.8692	0.6395	9.5784
0.8692	0.6401	9.5784
0.8680	0.6395	9.5784
0.8692	0.6401	9.5778
0.8698	0.6407	9.5778
0.8692	0.6395	9.5778
0.8698	0.6395	9.5784
0.8686	0.6395	9.5766
0.8686	0.6395	9.5772
0.8674	0.6395	9.5790
0.8680	0.6389	9.5784
0.8698	0.6383	9.5778
0.8698	0.6395	9.5784
0.8692	0.6395	9.5778
0.8686	0.6389	9.5772
0.8686	0.6389	9.5790
0.8686	0.6377	9.5784
0.8686	0.6377	9.5772
0.8680	0.6371	9.5778
0.8686	0.6383	9.5772
0.8668	0.6389	9.5784
0.8710	0.6359	9.5784
0.8668	0.6401	9.5778
0.8710	0.6377	9.5784
0.8710	0.6329	9.5748
0.8662	0.6443	9.5790
0.8728	0.6353	9.5772
0.8620	0.6395	9.5760
0.8602	0.6485	9.5694
0.8650	0.6461	9.5796
0.8847	0.6287	9.5802
0.8925	0.6359	9.5796
0.8818	0.6161	9.5712
0.8734	0.6347	9.5718
0.8722	0.6556	9.5814
0.8524	0.6281	9.5820
0.8889	0.6526	9.5874
0.9499	0.6790	9.6107
1.0971	0.7125	9.7663
1.2718	0.6299	10.0271
1.5123	0.1819	10.2364
1.8688	0.2285	10.0845
1.9071	0.2321	10.0570
1.3017	0.5557	10.2137
0.5432	1.3854	10.3435
-0.1298	1.8066	10.4787
-0.6574	1.5099	10.7234
-0.6718	1.1378	11.1780
-0.5671	0.7454	11.2097
-0.6347	0.4158	11.3258
-0.4810	0.2512	11.2791
-0.1639	0.1777	11.1457
0.0718	0.0640	10.9208
0.4666	0.0084	10.6630
0.8728	-0.0502	10.3824
1.0989	-0.0353	10.0342
1.1683	-0.0120	9.7471
1.1725	0.0885	9.4731
1.2012	0.1609	9.2733
1.1611	0.1908	9.1011
1.1456	0.2877	8.9497
0.9990	0.3607	8.8193
0.8297	0.4726	8.7122
0.7166	0.5336	8.5693
0.5976	0.5994	8.4430
0.4935	0.6879	8.3760
0.4935	0.6389	8.3096
0.6347	0.5240	8.2773
0.8088	0.4977	8.2648
0.9703	0.4648	8.3090
1.2598	0.3511	8.3342
1.6361	0.2835	8.3330
2.0231	0.3200	8.3348
2.1840	0.5127	8.3090
2.2325	0.7466	8.3210
2.0805	0.8734	8.3724
1.9998	0.9817	8.5052
1.9603	0.9870	8.6578
1.9017	0.9290	8.8396
1.8006	0.9535	8.9784
1.6606	0.9601	9.1046
1.6403	0.9087	9.2069
1.6630	0.8261	9.2943
1.6128	0.6945	9.4205
1.5320	0.5127	9.5084
1.5475	0.2865	9.5539
1.6319	0.1693	9.6029
1.6110	0.1962	9.6065
1.3974	0.3141	9.6394
1.1043	0.5097	9.6670
0.8913	0.7035	9.7082
0.5629	0.7986	9.7262
0.1603	0.9392	9.7495
-0.3386	1.0427	9.7549
-0.7059	1.1055	9.7346
-0.9517	1.1444	9.7208
-1.1258	1.1916	9.7040
-1.1910	1.3364	9.6520
-1.2006	1.4782	9.6215
-1.1892	1.5745	9.6179
-1.1880	1.6391	9.6490
-1.2431	1.6247	9.6807
-1.4195	1.6026	9.7130
-1.6642	1.6014	9.7740
-1.9190	1.6056	9.8901
-2.0949	1.5882	10.0073
-2.1942	1.4949	10.0863
-2.2379	1.4034	10.1407
-2.2139	1.3795	10.1712
-2.1045	1.3460	10.2490
-1.9095	1.2556	10.2580
-1.7330	1.1743	10.2376
-1.5141	1.1378	10.1802
-1.2341	1.0516	10.0869
-0.8889	0.9314	10.0037
-0.5503	0.8806	9.9326
-0.2225	0.8518	9.8656
0.0544	0.7795	9.8123
0.3129	0.6802	9.7393
0.5246	0.6024	9.6891
0.6413	0.5324	9.6412
0.7394	0.4594	9.5671
0.9194	0.4911	9.4911
1.1647	0.5085	9.4456
1.3938	0.4403	9.4648
1.6128	0.3296	9.4408
1.6887	0.3697	9.3804
1.7043	0.5635	9.2961
1.6696	0.6772	9.2093
1.8933	0.6251	9.0933
2.3390	0.4947	8.9192
2.8139	0.3069	8.8402
3.2949	0.0999	8.7768
3.8058	-0.0209	8.6823
4.1533	-0.1872	8.6039
4.3830	-0.2219	8.5669
4.4835	-0.1077	8.5734
4.5739	-0.0245	8.5669
4.5894	0.0568	8.5334
4.6014	0.1657	8.5818
4.5918	0.2154	8.6045
4.5703	0.1490	8.6345
4.6498	-0.0227	8.6602
4.8185	-0.2183	8.6422
5.0901	-0.3990	8.6075
5.3168	-0.4451	8.5286
5.3820	-0.3595	8.4933
5.2953	-0.1932	8.4729
5.1960	-0.0897	8.4783
5.2038	-0.0185	8.4855
5.0985	0.1478	8.4879
4.8616	0.4780	8.6087
4.3693	0.7190	8.6715
3.7250	0.9063	8.7696
3.3685	0.9667	8.8558
3.3176	0.9027	8.8971
3.2261	0.6676	8.9383
3.0090	0.6808	8.9515
2.6871	0.8261	9.0047
2.4909	0.9278	9.0460
2.5986	0.9416	9.0185
2.6004	0.8788	8.9551
2.5089	0.9182	8.9784
2.5771	0.8267	8.9928
2.8062	0.5515	9.0245
2.9761	0.3356	9.0598
3.0855	0.2626	9.1118
2.9641	0.2453	9.1513
2.7565	0.2453	9.1890
2.4329	0.2740	9.2333
1.9711	0.4122	9.3140
1.3555	0.5647	9.4049
0.8058	0.6909	9.4767
0.3488	0.7848	9.5258
-0.0604	0.9087	9.5910
-0.4295	1.0265	9.6550
-0.5994	1.0516	9.7040
-0.6323	0.9822	9.7094
-0.6951	0.9577	9.7142
-0.7256	1.1055	9.7531
-0.6700	1.1689	9.7621
-0.5713	1.1174	9.7543
-0.4965	1.1270	9.7304
-0.4756	1.1832	9.7304
-0.4080	1.1767	9.7304
-0.2871	1.1186	9.7357
-0.2548	1.0522	9.7710
-0.2165	1.0367	9.8219
-0.1531	0.9314	9.8793
-0.0568	0.7836	9.9098
0.0359	0.7310	9.9272
0.0832	0.7442	9.9062
0.2495	0.7567	9.8853
0.5025	0.7017	9.8470
0.8088	0.6514	9.8231
0.9673	0.6215	9.8039
1.1115	0.6167	9.7830
1.2048	0.5414	9.7501
1.2676	0.5007	9.6981
1.2580	0.5450	9.6783
1.3160	0.5916	9.6568
1.4423	0.5856	9.6269
1.5589	0.5587	9.5988
1.6277	0.5797	9.5659
1.6792	0.5904	9.5353
1.7408	0.5707	9.4678
1.8239	0.6185	9.4115
1.8813	0.6628	9.3726
1.9729	0.7119	9.3224
2.0435	0.8148	9.2835
2.0608	0.9398	9.2476
2.0153	0.9858	9.2327
2.0399	0.9846	9.2075
2.0632	0.9123	9.2057
2.0764	0.8363	9.1980
2.0536	0.8435	9.1980
2.0315	0.8399	9.1842
2.0686	0.8722	9.1806
2.0991	0.8662	9.1830
2.1332	0.8423	9.1896
2.1852	0.8171	9.1992
2.2128	0.7669	9.2135
2.2277	0.7747	9.2273
2.2056	0.8818	9.2327
2.1398	1.0636	9.2482
2.1200	1.2688	9.2614
2.1009	1.4758	9.2733
2.0847	1.6678	9.2883
2.0853	1.8472	9.3098
2.0794	1.9376	9.3080
2.0476	1.9974	9.2991
2.0183	2.0530	9.2763
1.9884	2.1087	9.2494
1.9830	2.2492	9.2099
1.9507	2.4221	9.1675
1.9274	2.6147	9.1274
1.9286	2.7691	9.1082
1.9340	2.8630	9.0765
1.9358	2.9228	9.0508
1.9513	3.0084	9.0353
1.9549	3.0813	9.0472
1.9783	3.1250	9.0454
1.9693	3.1836	9.0520
1.9262	3.2776	9.0544
1.8945	3.3685	9.0514
1.8796	3.4606	9.0353
1.8712	3.5665	9.0364
1.8568	3.7256	9.0203
1.8431	3.9260	9.0257
1.8574	4.1246	9.0580
1.8843	4.2006	9.0777
1.9771	4.2113	9.1208
2.0811	4.2137	9.1633
2.0764	4.0779	9.1764
2.0710	3.8261	9.1681
2.0626	3.5396	9.1322
1.9962	3.2811	9.1154
1.8132	3.0185	9.0795
1.6337	2.7081	9.0813
1.5176	2.3426	9.0502
1.4136	1.9771	9.0430
1.3824	1.6385	9.0448
1.4423	1.3771	9.0729
1.5266	1.0833	9.1100
1.5870	0.7884	9.1238
1.5954	0.5545	9.1645
1.5392	0.3775	9.1842
1.5051	0.2770	9.2356
1.4453	0.1651	9.2542
1.3651	0.0610	9.2931
1.3172	-0.0305	9.3290
1.2742	-0.1525	9.3661
1.2149	-0.3302	9.3960
1.1874	-0.5109	9.4313
1.1575	-0.6658	9.4432
1.1503	-0.7801	9.4672
1.1653	-0.8919	9.4779
1.1874	-0.9984	9.4779
1.1970	-1.1300	9.4546
1.2036	-1.2712	9.4378
1.2054	-1.4393	9.4139
1.2347	-1.6044	9.3912
1.2724	-1.7743	9.3565
1.3418	-1.8951	9.3332
1.3531	-2.1428	9.3212
1.3113	-2.0895	9.3266
1.2993	-2.1984	9.3361
1.3065	-2.2935	9.3344
1.2670	-2.3270	9.3613
1.2030	-2.3420	9.3864
1.1611	-2.3982	9.4163
1.1647	-2.5244	9.4474
1.1970	-2.6530	9.4684
1.2227	-2.7870	9.5150
1.2287	-2.8313	9.5569
1.1994	-2.7469	9.6012
1.1300	-2.6357	9.6532
1.0756	-2.5280	9.6885
1.1139	-2.3862	9.7022
1.1025	-2.2229	9.6867
1.0516	-2.0177	9.6837
1.0564	-1.6917	9.6999
1.1115	-1.3424	9.7304
1.0810	-1.0080	9.7351
1.1246	-0.7184	9.7226
1.1593	-0.4223	9.7058
1.1569	-0.1418	9.6897
1.1384	0.0969	9.6514
1.1539	0.3314	9.5964
1.2161	0.4935	9.5509
1.3573	0.5850	9.4636
1.5230	0.6425	9.3870
1.6953	0.6766	9.3182
1.8796	0.6287	9.2446
2.0441	0.5862	9.1854
2.1308	0.5647	9.1513
2.1553	0.5862	9.1346
2.1799	0.6281	9.1352
2.1422	0.6742	9.1465
2.0560	0.7729	9.1830
1.9166	0.8776	9.2291
1.8155	0.9751	9.2703
1.7156	1.0965	9.3015
1.6122	1.2233	9.3379
1.5224	1.3406	9.3720
1.4961	1.4297	9.3942
1.4967	1.4979	9.4175
1.4782	1.5655	9.4414
1.4734	1.6265	9.4510
1.4835	1.7043	9.4594
1.5075	1.7563	9.4486
1.5146	1.7904	9.4325
1.5272	1.8293	9.4121
1.5452	1.8490	9.3870
1.6026	1.8245	9.3511
1.6397	1.7928	9.3284
1.6678	1.8281	9.3074
1.7019	1.8999	9.3056
1.7396	1.9663	9.2961
1.7737	2.0518	9.3003
1.7934	2.1452	9.3104
1.8090	2.2187	9.3338
1.8197	2.2534	9.3607
1.8108	2.2827	9.3906
1.7737	2.2995	9.4247
1.7282	2.2881	9.4594
1.6947	2.2738	9.4941
1.6780	2.2648	9.5192
1.6708	2.2331	9.5395
1.6744	2.1858	9.5413
1.7001	2.1446	9.5395
1.7246	2.0877	9.5306
1.7731	2.0291	9.5144
1.8042	1.9567	9.4875
1.8299	1.8849	9.4564
1.8514	1.8227	9.4217
1.8550	1.7910	9.3924
1.8526	1.7844	9.3637
1.8484	1.7755	9.3439
1.8676	1.7509	9.3403
1.8772	1.6995	9.3487
1.8544	1.6110	9.3631
1.8024	1.5129	9.3732
1.7360	1.4512	9.3984
1.6702	1.4124	9.4247
1.6259	1.4058	9.4564
1.5924	1.3866	9.4875
1.5697	1.3226	9.5072
1.5805	1.2167	9.5102
1.5936	1.0672	9.4983
1.5912	0.9152	9.4827
1.5888	0.7651	9.4695
1.6014	0.6311	9.4648
1.6116	0.5091	9.4666
1.6110	0.4080	9.4707
1.6032	0.3242	9.4642
1.5984	0.2381	9.4522
1.5828	0.1645	9.4331
1.5834	0.0921	9.4181
1.5876	-0.0353	9.4067
1.6325	-0.2040	9.3852
1.6750	-0.3691	9.3595
1.7360	-0.5210	9.3445
1.8012	-0.6132	9.3373
1.8628	-0.6138	9.3409
1.8897	-0.5593	9.3625
1.9238	-0.4983	9.3828
1.9274	-0.4277	9.4031
1.8927	-0.3141	9.4229
1.8425	-0.1430	9.4420
1.7940	0.0108	9.4354
1.8024	0.1011	9.4109
1.8778	0.1896	9.3726
1.9836	0.2865	9.3373
2.1158	0.4146	9.2847
2.2947	0.5306	9.2410
2.4813	0.5994	9.1932
2.6698	0.6778	9.1692
2.7936	0.7029	9.1722
2.8893	0.6748	9.1764
2.9581	0.6634	9.1884
2.9671	0.7346	9.2016
2.9085	0.8764	9.2111
2.8995	1.0486	9.2111
2.9444	1.1928	9.2189
3.0149	1.2861	9.2261
3.0287	1.3633	9.2279
2.9862	1.4058	9.2231
2.8995	1.3818	9.2063
2.7912	1.3029	9.2010
2.6704	1.1569	9.2219
2.5364	0.9655	9.2309
2.3832	0.8447	9.2434
2.1882	0.8118	9.2500
2.0124	0.8285	9.2572
1.9765	0.8668	9.2841
1.9723	0.8728	9.3032
1.9442	0.9212	9.3529
1.8389	0.9936	9.3780
1.6762	1.0391	9.4019
1.5254	1.0498	9.4408
1.3980	1.0092	9.4929
1.3101	0.9793	9.5413
1.1868	0.9607	9.5898
1.0475	0.9452	9.6466
0.9218	0.9517	9.6945
0.7711	0.9422	9.7351
0.6018	0.8919	9.7286
0.4917	0.8608	9.7220
0.4403	0.8106	9.7064
0.4469	0.7513	9.7088
0.4582	0.7328	9.7244
0.4146	0.7765	9.7483
0.3314	0.8788	9.7758
0.3254	0.9583	9.8057
0.4510	0.9888	9.8584
0.5892	1.0020	9.8853
0.5970	1.0289	9.8937
0.6239	1.0726	9.9044
0.9152	1.0169	9.8985
0.9619	0.9464	9.8997
1.0929	0.9727	9.8745
1.1468	1.0492	9.8165
1.2808	1.0786	9.7609
1.5553	1.0726	9.7016
1.7575	1.0881	9.6418
1.7318	1.0983	9.5551
1.6911	1.0971	9.5007
1.7444	1.0163	9.4366
1.7994	0.9793	9.4301
1.7743	1.0020	9.4600
1.6935	0.9470	9.4600
1.6528	0.9194	9.4384
1.6038	1.0098	9.3984
1.6463	1.0319	9.4043
1.7868	0.8955	9.3912
1.9771	0.7836	9.3840
1.9627	0.7908	9.3828
1.8903	0.8698	9.3828
1.8425	0.8088	9.3361
1.8724	0.7053	9.2518
1.9023	0.6831	9.2105
1.9406	0.6957	9.1950
2.0309	0.6820	9.1914
2.1182	0.6508	9.1776
2.1117	0.6616	9.1513
2.0530	0.6987	9.1423
2.0482	0.7388	9.1274
2.0937	0.7896	9.1280
2.0913	0.8584	9.1639
2.0363	0.9218	9.1740
1.9914	0.9224	9.1782
1.9812	0.9099	9.1854
1.9998	0.8847	9.2207
2.0399	0.7908	9.2518
2.1362	0.6891	9.2763
2.2092	0.6138	9.3062
2.2546	0.6245	9.3290
2.2780	0.6712	9.3505
2.3001	0.6837	9.3607
2.3462	0.6700	9.3601
2.4359	0.6664	9.3619
2.5783	0.6419	9.3433
2.7434	0.6317	9.3224
2.9222	0.6317	9.3140
3.0604	0.6209	9.3218
3.1842	0.6114	9.3469
3.2297	0.6132	9.3888
3.1902	0.6227	9.4337
3.1041	0.6640	9.4815
3.0137	0.7041	9.5174
2.9049	0.7083	9.5054
2.8480	0.6873	9.4546
2.8205	0.6736	9.3655
2.8397	0.6837	9.2865
2.8552	0.6825	9.1842
2.8845	0.7131	9.0939
2.8780	0.7346	9.0155
2.8409	0.7298	8.9533
2.7362	0.7872	8.9348
2.5328	0.8925	8.9796
2.3222	0.9428	9.0556
2.2062	0.9553	9.1459
2.0393	0.9332	9.2291
1.8335	0.9679	9.3134
1.6528	1.0319	9.3936
1.6385	1.0666	9.4636
1.7139	1.0169	9.5036
1.7940	0.9404	9.5222
1.8478	0.8973	9.5090
1.9202	0.8925	9.5066
2.0453	0.8853	9.5246
2.1224	0.8608	9.5126
2.0453	0.8812	9.5132
1.8981	0.9649	9.5186
1.7300	1.0134	9.5419
1.5613	1.0247	9.5551
1.3723	1.0140	9.5838
1.2317	0.9661	9.6221
1.1557	0.8788	9.6394
1.0851	0.8082	9.6502
1.0038	0.8154	9.6687
0.9374	0.8650	9.6795
0.8740	0.9123	9.6729
0.8028	1.0205	9.6341
0.6993	1.0875	9.5473
0.6634	1.0564	9.4265
0.8070	0.9733	9.3080
1.0355	0.8590	9.1752
1.2969	0.7795	9.0466
1.4806	0.7053	8.8947
1.6678	0.6682	8.7816
1.8586	0.6730	8.6847
2.0112	0.6736	8.6518
2.1117	0.6592	8.6518
2.1535	0.6419	8.6751
2.1458	0.6281	8.7284
2.1236	0.6311	8.8271
2.0811	0.6257	8.9401
2.0183	0.6467	9.0723
1.9639	0.6921	9.2159
1.9328	0.7017	9.3344
1.9232	0.7089	9.4337
1.8969	0.7143	9.5282
1.8742	0.7149	9.5976
1.8161	0.7047	9.6335
1.7838	0.6963	9.6771
1.7659	0.6652	9.6717
1.7623	0.6622	9.6783
1.7444	0.6550	9.6329
1.7599	0.6574	9.5952
1.8227	0.6580	9.5371
1.8712	0.6526	9.4911
1.9083	0.6425	9.4582
1.9394	0.6179	9.4354
1.9274	0.5970	9.4307
1.8909	0.5976	9.4337
1.8245	0.5653	9.4486
1.7964	0.5270	9.4576
1.7306	0.5318	9.4845
1.6666	0.5587	9.5174
1.6277	0.5707	9.5383
1.6181	0.5922	9.5545
1.5631	0.6161	9.5515
1.5272	0.6485	9.5365
1.5565	0.6574	9.5198
1.6223	0.6443	9.4971
1.6576	0.6269	9.4875
1.6528	0.6072	9.4713
1.6947	0.6179	9.4516
1.7587	0.6305	9.4390
1.7982	0.6664	9.4241
1.8161	0.7256	9.4271
1.8197	0.7603	9.4337
1.8359	0.7723	9.4420
1.7928	0.8058	9.4534
1.7509	0.8704	9.4869
1.7886	1.1354	9.9445
2.5974	1.8784	9.7154
2.0566	1.5350	9.7334
1.3406	0.8620	9.7405
1.6241	0.5079	10.0121
1.8736	0.1190	9.8243
1.4153	0.1729	9.6448
1.2616	0.5916	9.8799
0.7155	0.8285	9.9601
0.7537	0.7813	9.8650
1.1049	0.6161	9.7890
1.1462	0.4307	9.6676
0.9721	0.5797	9.6508
1.0851	0.8662	9.6646
1.1623	0.6419	9.5778
1.2718	0.4642	9.4791
1.3836	0.5575	9.4791
1.2311	0.6921	9.4821
1.1773	0.6556	9.4887
1.3005	0.5701	9.4175
1.4100	0.5874	9.3996
1.2999	0.6018	9.4121
1.1868	0.6281	9.4349
1.1641	0.6634	9.5599
0.6431	0.7262	9.7890
0.2177	0.6885	9.9146
0.4588	0.6802	9.8757
0.8686	0.7226	9.6909
0.9834	0.5821	9.5473
0.8818	0.6251	9.5575
0.7765	0.7920	9.6077
0.8806	0.7358	9.5712
1.0050	0.5832	9.5198
0.9733	0.6066	9.5736
0.7573	0.6772	9.6239
0.7424	0.6598	9.6508
0.8692	0.5725	9.6029
0.9033	0.5958	9.6012
0.8333	0.6407	9.6161
0.7980	0.6156	9.6245
0.8806	0.6150	9.6000
0.8243	0.5725	9.5940
0.7872	0.5282	9.6023
0.6269	0.4283	9.6023
0.9428	0.7286	9.5485
1.1324	0.8758	9.5605
0.9858	0.6347	9.5515
0.8883	0.6867	9.5880
0.8782	0.6843	9.5862
0.8130	0.5198	9.5760
0.9428	0.6167	9.5635
0.7819	0.6329	9.5958
0.8261	0.6437	9.5814
0.9499	0.6341	9.5706
0.8895	0.5515	9.5677
0.8255	0.6508	9.5850
0.8949	0.6825	9.5778
0.8620	0.5605	9.5706
0.8752	0.6317	9.5760
0.8794	0.6682	9.5778
0.8758	0.5910	9.5730
0.8847	0.6227	9.5748
0.8500	0.6538	9.5832
0.8686	0.6191	9.5802
0.8919	0.6096	9.5754
0.8764	0.6371	9.5796
0.8638	0.6317	9.5802
0.8818	0.6114	9.5748
0.8728	0.6317	9.5784
0.8584	0.6419	9.5814
0.8841	0.6161	9.5742
0.8901	0.6138	9.5730
0.8584	0.6413	9.5802
0.8638	0.6359	9.5796
0.8907	0.6066	9.5718
0.8829	0.6305	9.5766
0.8638	0.6461	9.5820
0.8734	0.6167	9.5766
0.8901	0.6167	9.5742
0.8680	0.6359	9.5802
0.8650	0.6287	9.5796
0.8901	0.6138	9.5748
0.8788	0.6221	9.5778
0.8656	0.6389	9.5814
0.8776	0.6227	9.5766
0.8877	0.6126	9.5748
0.8770	0.6323	9.5784
0.8674	0.6275	9.5790
0.8812	0.6173	9.5772
0.8835	0.6251	9.5772
0.8716	0.6281	9.5778
0.8770	0.6221	9.5766
0.8764	0.6197	9.5772
0.8716	0.6269	9.5784
0.8746	0.6269	9.5778
0.8752	0.6197	9.5760
0.8752	0.6269	9.5772
0.8728	0.6287	9.5778
0.8716	0.6215	9.5784
0.8740	0.6257	9.5790
0.8752	0.6269	9.5796
0.8758	0.6221	9.5790
0.8722	0.6251	9.5802
0.8710	0.6293	9.5796
0.8770	0.6263	9.5790
0.8770	0.6239	9.5772
0.8710	0.6275	9.5796
0.8746	0.6287	9.5784
0.8764	0.6233	9.5766
0.8722	0.6251	9.5790
0.8752	0.6305	9.5784
0.8800	0.6245	9.5778
0.8770	0.6233	9.5784
0.8710	0.6299	9.5796
0.8770	0.6269	9.5772
0.8812	0.6221	9.5760
0.8746	0.6263	9.5772
0.8746	0.6287	9.5784
0.8812	0.6245	9.5778
0.8770	0.6251	9.5778
0.8734	0.6305	9.5796
0.8782	0.6269	9.5778
0.8788	0.6245	9.5772
0.8722	0.6311	9.5790
0.8728	0.6293	9.5784
0.8794	0.6257	9.5754
0.8746	0.6269	9.5772
0.8686	0.6305	9.5772
0.8764	0.6263	9.5766
0.8776	0.6245	9.5772
0.8710	0.6293	9.5778
0.8734	0.6287	9.5778
0.8788	0.6227	9.5748
0.8746	0.6269	9.5748
0.8710	0.6293	9.5754
0.8770	0.6233	9.5748
0.8788	0.6239	9.5742
0.8716	0.6287	9.5772
0.8746	0.6269	9.5766
0.8806	0.6227	9.5736
0.8770	0.6257	9.5760
0.8734	0.6281	9.5760
0.8782	0.6245	9.5754
0.8794	0.6245	9.5766
0.8734	0.6293	9.5784
0.8734	0.6275	9.5796
0.8770	0.6233	9.5766
0.8746	0.6263	9.5766
0.8698	0.6281	9.5784
0.8746	0.6239	9.5760
0.8764	0.6233	9.5772
0.8722	0.6269	9.5778
0.8740	0.6251	9.5766
0.8776	0.6227	9.5766
0.8740	0.6263	9.5772
0.8710	0.6275	9.5778
0.8746	0.6245	9.5778
0.8746	0.6245	9.5784
0.8722	0.6263	9.5790
0.8740	0.6251	9.5784
0.8752	0.6233	9.5760
0.8734	0.6257	9.5784
0.8716	0.6263	9.5778
0.8734	0.6251	9.5766
0.8740	0.6251	9.5772
0.8728	0.6275	9.5766
0.8740	0.6257	9.5766
0.8752	0.6251	9.5760
0.8752	0.6257	9.5784
0.8746	0.6263	9.5772
0.8746	0.6257	9.5754
0.8746	0.6269	9.5766
0.8746	0.6275	9.5760
0.8746	0.6257	9.5772
0.8752	0.6269	9.5772
0.8746	0.6275	9.5790
0.8758	0.6269	9.5796
0.8746	0.6257	9.5790
0.8740	0.6275	9.5778
0.8734	0.6275	9.5778
0.8740	0.6263	9.5760
0.8740	0.6257	9.5772
0.8752	0.6269	9.5778
0.8770	0.6269	9.5784
0.8758	0.6275	9.5778
0.8758	0.6275	9.5784
0.8764	0.6263	9.5784
0.8764	0.6257	9.5784
0.8764	0.6269	9.5772
0.8770	0.6263	9.5754
0.8782	0.6245	9.5766
0.8776	0.6251	9.5784
0.8752	0.6257	9.5784
0.8758	0.6251	9.5784
0.8758	0.6257	9.5784
0.8764	0.6269	9.5790
0.8776	0.6269	9.5778
0.8788	0.6257	9.5772
0.8758	0.6269	9.5772
0.8758	0.6275	9.5778
0.8758	0.6269	9.5766
0.8746	0.6275	9.5766
0.8746	0.6275	9.5760
0.8752	0.6263	9.5754
0.8758	0.6251	9.5754
0.8740	0.6263	9.5766
0.8746	0.6257	9.5772
0.8752	0.6251	9.5760
0.8752	0.6257	9.5766
0.8734	0.6269	9.5754
0.8740	0.6263	9.5742
0.8752	0.6257	9.5760
0.8740	0.6257	9.5778
0.8740	0.6251	9.5778
0.8746	0.6251	9.5766
0.8734	0.6257	9.5772
0.8740	0.6263	9.5784
0.8752	0.6257	9.5778
0.8746	0.6257	9.5784
0.8740	0.6269	9.5760
0.8746	0.6275	9.5754
0.8764	0.6269	9.5760
0.8758	0.6275	9.5760
0.8740	0.6287	9.5772
0.8746	0.6275	9.5766
0.8740	0.6275	9.5760
0.8740	0.6281	9.5772
0.8740	0.6281	9.5778
0.8746	0.6263	9.5772
0.8746	0.6257	9.5772
0.8740	0.6257	9.5766
0.8746	0.6245	9.5742
0.8734	0.6245	9.5760
0.8752	0.6239	9.5766
0.8758	0.6251	9.5760
0.8746	0.6257	9.5766
0.8752	0.6251	9.5772
0.8740	0.6245	9.5784
0.8740	0.6245	9.5778
0.8734	0.6251	9.5772
0.8728	0.6257	9.5778
0.8734	0.6251	9.5802
0.8758	0.6257	9.5814
0.8746	0.6251	9.5796
0.8746	0.6251	9.5814
0.8740	0.6251	9.5814
0.8734	0.6245	9.5796
0.8734	0.6251	9.5790
0.8722	0.6245	9.5784
0.8728	0.6239	9.5766
0.8734	0.6245	9.5766
0.8734	0.6251	9.5760
0.8752	0.6245	9.5772
0.8764	0.6245	9.5772
0.8764	0.6257	9.5778
0.8764	0.6257	9.5766
0.8764	0.6251	9.5766
0.8758	0.6251	9.5766
0.8770	0.6239	9.5778
0.8764	0.6251	9.5778
0.8764	0.6251	9.5778
0.8764	0.6245	9.5790
0.8764	0.6245	9.5796
0.8758	0.6245	9.5778
0.8758	0.6245	9.5790
0.8752	0.6251	9.5796
0.8764	0.6257	9.5790
0.8758	0.6251	9.5778
0.8740	0.6263	9.5784
0.8740	0.6263	9.5778
0.8758	0.6251	9.5784
0.8764	0.6245	9.5778
0.8770	0.6257	9.5772
0.8752	0.6263	9.5784
0.8740	0.6263	9.5778
0.8746	0.6263	9.5784
0.8740	0.6257	9.5790
0.8746	0.6245	9.5802
0.8746	0.6257	9.5796
0.8752	0.6251	9.5784
0.8740	0.6251	9.5784
0.8740	0.6251	9.5796
0.8758	0.6245	9.5784
0.8764	0.6245	9.5796
0.8746	0.6245	9.5790
0.8752	0.6239	9.5790
0.8752	0.6245	9.5778
0.8746	0.6245	9.5790
0.8740	0.6251	9.5796
0.8740	0.6251	9.5796
0.8734	0.6257	9.5784
0.8740	0.6257	9.5784
0.8740	0.6251	9.5766
0.8746	0.6251	9.5766
0.8752	0.6245	9.5754
0.8734	0.6251	9.5760
0.8728	0.6257	9.5766
0.8740	0.6257	9.5766
0.8734	0.6245	9.5748
0.8728	0.6233	9.5766
0.8740	0.6239	9.5784
0.8746	0.6245	9.5778
0.8740	0.6233	9.5790
0.8734	0.6239	9.5790
0.8728	0.6251	9.5790
0.8728	0.6239	9.5790
0.8740	0.6251	9.5790
0.8734	0.6251	9.5796
0.8740	0.6251	9.5796
0.8740	0.6245	9.5784

