accelx	accely	accelz
0.9470	0.6855	9.5802
0.9571	0.6861	9.5832
0.9541	0.6855	9.5808
0.9547	0.6831	9.5790
0.9547	0.6825	9.5850
0.9541	0.6831	9.5844
0.9529	0.6843	9.5850
0.9499	0.6831	9.5856
0.9482	0.6855	9.5850
0.9511	0.6849	9.5844
0.9493	0.6831	9.5874
0.9505	0.6861	9.5850
0.9505	0.6879	9.5832
0.9458	0.6885	9.5850
0.9493	0.6879	9.5856
0.9499	0.6873	9.5850
0.9493	0.6861	9.5862
0.9511	0.6873	9.5832
0.9505	0.6855	9.5838
0.9511	0.6861	9.5826
0.9529	0.6837	9.5850
0.9535	0.6843	9.5868
0.9535	0.6837	9.5820
0.9505	0.6867	9.5796
0.9517	0.6855	9.5832
0.9511	0.6849	9.5838
0.9505	0.6867	9.5868
0.9505	0.6861	9.5862
0.9523	0.6849	9.5862
0.9523	0.6837	9.5868
0.9517	0.6867	9.5892
0.9511	0.6867	9.5880
0.9499	0.6861	9.5886
0.9511	0.6849	9.5862
0.9505	0.6837	9.5886
0.9517	0.6831	9.5874
0.9535	0.6825	9.5862
0.9535	0.6837	9.5838
0.9499	0.6831	9.5850
0.9493	0.6861	9.5850
0.9505	0.6861	9.5832
0.9523	0.6855	9.5886
0.9511	0.6879	9.5874
0.9499	0.6891	9.5880
0.9482	0.6891	9.5922
0.9487	0.6891	9.5916
0.9476	0.6873	9.5910
0.9476	0.6867	9.5904
0.9464	0.6879	9.5904
0.9440	0.6879	9.5904
0.9446	0.6879	9.5904
0.9499	0.6891	9.5892
0.9505	0.6879	9.5808
0.9505	0.6885	9.5814
0.9499	0.6861	9.5808
0.9487	0.6837	9.5808
0.9487	0.6831	9.5796
0.9476	0.6808	9.5838
0.9523	0.6802	9.5862
0.9523	0.6802	9.5850
0.9505	0.6820	9.5832
0.9499	0.6820	9.5850
0.9499	0.6814	9.5850
0.9529	0.6814	9.5868
0.9535	0.6849	9.5892
0.9523	0.6843	9.5874
0.9505	0.6849	9.5856
0.9505	0.6849	9.5844
0.9499	0.6861	9.5856
0.9493	0.6873	9.5826
0.9505	0.6885	9.5820
0.9499	0.6867	9.5820
0.9476	0.6891	9.5832
0.9493	0.6867	9.5838
0.9529	0.6885	9.5844
0.9535	0.6879	9.5820
0.9529	0.6879	9.5862
0.9487	0.6861	9.5802
0.9529	0.6849	9.5796
0.9535	0.6843	9.5844
0.9559	0.6897	9.5844
0.9553	0.6891	9.5850
0.9493	0.6897	9.5832
0.9529	0.6903	9.5844
0.9535	0.6873	9.5844
0.9529	0.6873	9.5886
0.9547	0.6861	9.5850
0.9553	0.6885	9.5838
0.9565	0.6885	9.5838
0.9577	0.6903	9.5844
0.9571	0.6909	9.5844
0.9589	0.6915	9.5856
0.9571	0.6891	9.5826
0.9553	0.6891	9.5826
0.9541	0.6891	9.5850
0.9571	0.6855	9.5838
0.9553	0.6861	9.5838
0.9523	0.6885	9.5808
0.9529	0.6879	9.5796
0.9547	0.6879	9.5808
0.9529	0.6867	9.5802
0.9547	0.6837	9.5814
0.9547	0.6849	9.5790
0.9547	0.6837	9.5790
0.9505	0.6837	9.5820
0.9499	0.6849	9.5802
0.9529	0.6849	9.5838
0.9505	0.6825	9.5838
0.9499	0.6843	9.5832
0.9511	0.6867	9.5832
0.9523	0.6891	9.5850
0.9529	0.6891	9.5892
0.9529	0.6885	9.5904
0.9535	0.6849	9.5886
0.9535	0.6873	9.5880
0.9511	0.6855	9.5880
0.9482	0.6873	9.5886
0.9458	0.6867	9.5904
0.9499	0.6861	9.5886
0.9505	0.6885	9.5886
0.9493	0.6885	9.5850
0.9493	0.6867	9.5838
0.9511	0.6879	9.5838
0.9470	0.6861	9.5850
0.9482	0.6855	9.5844
0.9464	0.6861	9.5820
0.9470	0.6873	9.5826
0.9505	0.6885	9.5832
0.9529	0.6885	9.5796
0.9523	0.6879	9.5784
0.9523	0.6849	9.5790
0.9541	0.6837	9.5820
0.9535	0.6843	9.5790
0.9559	0.6849	9.5802
0.9571	0.6855	9.5820
0.9511	0.6855	9.5838
0.9535	0.6837	9.5844
0.9499	0.6849	9.5850
0.9505	0.6837	9.5880
0.9511	0.6873	9.5856
0.9523	0.6903	9.5844
0.9476	0.6885	9.5880
0.9482	0.6873	9.5838
0.9446	0.6879	9.5826
0.9458	0.6873	9.5832
0.9464	0.6891	9.5814
0.9493	0.6867	9.5796
0.9487	0.6861	9.5808
0.9511	0.6855	9.5832
0.9505	0.6849	9.5838
0.9511	0.6849	9.5844
0.9547	0.6855	9.5844
0.9553	0.6855	9.5820
0.9535	0.6855	9.5856
0.9565	0.6843	9.5868
0.9559	0.6861	9.5880
0.9529	0.6849	9.5874
0.9529	0.6849	9.5844
0.9517	0.6831	9.5832
0.9499	0.6820	9.5802
0.9529	0.6825	9.5766
0.9487	0.6820	9.5772
0.9505	0.6855	9.5790
0.9535	0.6879	9.5796
0.9523	0.6861	9.5844
0.9511	0.6867	9.5808
0.9523	0.6903	9.5796
0.9511	0.6873	9.5772
0.9529	0.6867	9.5778
0.9517	0.6825	9.5802
0.9517	0.6808	9.5790
0.9529	0.6855	9.5772
0.9529	0.6855	9.5778
0.9529	0.6885	9.5790
0.9553	0.6855	9.5814
0.9559	0.6825	9.5778
0.9571	0.6837	9.5808
0.9577	0.6855	9.5784
0.9559	0.6849	9.5796
0.9559	0.6855	9.5802
0.9541	0.6861	9.5790
0.9535	0.6879	9.5784
0.9535	0.6867	9.5850
0.9535	0.6867	9.5838
0.9517	0.6855	9.5802
0.9493	0.6873	9.5844
0.9505	0.6867	9.5862
0.9535	0.6867	9.5862
0.9541	0.6879	9.5886
0.9553	0.6861	9.5880
0.9505	0.6843	9.5850
0.9529	0.6855	9.5832
0.9535	0.6843	9.5844
0.9529	0.6849	9.5850
0.9529	0.6873	9.5832
0.9487	0.6849	9.5838
0.9523	0.6861	9.5868
0.9541	0.6861	9.5826
0.9529	0.6885	9.5832
0.9517	0.6873	9.5814
0.9529	0.6885	9.5820
0.9511	0.6867	9.5826
0.9523	0.6891	9.5832
0.9493	0.6867	9.5832
0.9464	0.6849	9.5826
0.9499	0.6849	9.5814
0.9482	0.6849	9.5844
0.9511	0.6843	9.5856
0.9470	0.6825	9.5874
0.9470	0.6837	9.5868
0.9499	0.6831	9.5886
0.9493	0.6837	9.5844
0.9499	0.6820	9.5826
0.9523	0.6802	9.5820
0.9517	0.6808	9.5826
0.9511	0.6825	9.5802
0.9505	0.6831	9.5796
0.9511	0.6814	9.5832
0.9482	0.6825	9.5808
0.9499	0.6849	9.5832
0.9493	0.6861	9.5820
0.9464	0.6843	9.5796
0.9452	0.6861	9.5814
0.9458	0.6849	9.5832
0.9464	0.6837	9.5862
0.9452	0.6825	9.5868
0.9487	0.6849	9.5844
0.9487	0.6879	9.5856
0.9487	0.6873	9.5820
0.9493	0.6855	9.5868
0.9464	0.6849	9.5862
0.9487	0.6873	9.5898
0.9505	0.6843	9.5880
0.9511	0.6849	9.5856
0.9493	0.6825	9.5838
0.9505	0.6831	9.5826
0.9505	0.6825	9.5856
0.9517	0.6831	9.5856
0.9493	0.6825	9.5826
0.9464	0.6843	9.5832
0.9464	0.6855	9.5838
0.9499	0.6867	9.5838
0.9499	0.6867	9.5868
0.9517	0.6867	9.5850
0.9511	0.6873	9.5862
0.9523	0.6861	9.5886
0.9529	0.6843	9.5856
0.9553	0.6849	9.5898
0.9541	0.6825	9.5868
0.9553	0.6837	9.5862
0.9583	0.6831	9.5868
0.9583	0.6843	9.5886
0.9571	0.6837	9.5892
0.9559	0.6861	9.5880
0.9547	0.6861	9.5886
0.9565	0.6855	9.5844
0.9505	0.6873	9.5850
0.9529	0.6861	9.5844
0.9499	0.6873	9.5826
0.9493	0.6873	9.5832
0.9493	0.6879	9.5820
0.9511	0.6879	9.5850
0.9529	0.6873	9.5868
0.9511	0.6873	9.5856
0.9529	0.6861	9.5826
0.9547	0.6849	9.5838
0.9547	0.6825	9.5814
0.9511	0.6837	9.5790
0.9511	0.6849	9.5796
0.9517	0.6879	9.5832
0.9511	0.6885	9.5814
0.9505	0.6891	9.5832
0.9541	0.6891	9.5820
0.9547	0.6861	9.5826
0.9547	0.6873	9.5850
0.9535	0.6867	9.5838
0.9535	0.6885	9.5826
0.9493	0.6885	9.5784
0.9511	0.6885	9.5778
0.9529	0.6873	9.5808
0.9511	0.6873	9.5790
0.9523	0.6879	9.5796
0.9511	0.6867	9.5736
0.9511	0.6867	9.5772
0.9529	0.6843	9.5766
0.9571	0.6820	9.5820
0.9571	0.6825	9.5832
0.9547	0.6837	9.5790
0.9541	0.6855	9.5814
0.9529	0.6867	9.5844
0.9529	0.6873	9.5826
0.9535	0.6879	9.5820
0.9553	0.6867	9.5868
0.9547	0.6867	9.5874
0.9535	0.6861	9.5868
0.9541	0.6837	9.5868
0.9547	0.6855	9.5862
0.9553	0.6867	9.5868
0.9535	0.6891	9.5826
0.9541	0.6891	9.5826
0.9529	0.6879	9.5802
0.9505	0.6897	9.5802
0.9523	0.6897	9.5826
0.9523	0.6885	9.5826
0.9517	0.6885	9.5814
0.9505	0.6873	9.5820
0.9517	0.6891	9.5808
0.9535	0.6873	9.5814
0.9529	0.6861	9.5862
0.9517	0.6849	9.5868
0.9535	0.6843	9.5856
0.9517	0.6849	9.5844
0.9517	0.6843	9.5844
0.9511	0.6849	9.5826
0.9517	0.6849	9.5802
0.9493	0.6843	9.5784
0.9493	0.6867	9.5778
0.9511	0.6855	9.5808
0.9535	0.6837	9.5802
0.9535	0.6843	9.5820
0.9535	0.6843	9.5826
0.9487	0.6867	9.5808
0.9499	0.6873	9.5826
0.9505	0.6855	9.5826
0.9505	0.6855	9.5850
0.9493	0.6867	9.5838
0.9493	0.6861	9.5808
0.9493	0.6849	9.5832
0.9535	0.6849	9.5874
0.9511	0.6825	9.5844
0.9523	0.6843	9.5856
0.9559	0.6843	9.5868
0.9577	0.6855	9.5862
0.9553	0.6837	9.5826
0.9553	0.6831	9.5838
0.9535	0.6831	9.5826
0.9464	0.6849	9.5826
0.9452	0.6843	9.5820
0.9458	0.6861	9.5808
0.9470	0.6873	9.5832
0.9464	0.6879	9.5832
0.9464	0.6861	9.5844
0.9476	0.6873	9.5868
0.9487	0.6855	9.5874
0.9499	0.6855	9.5856
0.9523	0.6867	9.5862
0.9523	0.6861	9.5826
0.9529	0.6873	9.5832
0.9523	0.6891	9.5838
0.9529	0.6897	9.5850
0.9517	0.6903	9.5844
0.9529	0.6897	9.5856
0.9535	0.6879	9.5862
0.9541	0.6891	9.5862
0.9529	0.6897	9.5826
0.9571	0.6891	9.5874
0.9529	0.6921	9.5862
0.9547	0.6909	9.5850
0.9499	0.6903	9.5862
0.9464	0.6891	9.5838
0.9446	0.6885	9.5838
0.9458	0.6885	9.5838
0.9476	0.6885	9.5820
0.9487	0.6867	9.5820
0.9482	0.6861	9.5838
0.9499	0.6861	9.5820
0.9493	0.6849	9.5826
0.9487	0.6843	9.5862
0.9505	0.6849	9.5880
0.9505	0.6849	9.5886
0.9470	0.6849	9.5844
0.9446	0.6849	9.5838
0.9458	0.6837	9.5844
0.9470	0.6837	9.5832
0.9493	0.6820	9.5826
0.9517	0.6861	9.5814
0.9535	0.6843	9.5826
0.9511	0.6849	9.5868
0.9535	0.6825	9.5922
0.9541	0.6837	9.5898
0.9529	0.6820	9.5892
0.9517	0.6849	9.5880
0.9529	0.6855	9.5892
0.9535	0.6861	9.5904
0.9535	0.6849	9.5916
0.9505	0.6861	9.5868
0.9505	0.6849	9.5862
0.9505	0.6867	9.5832
0.9482	0.6897	9.5820
0.9476	0.6909	9.5808
0.9458	0.6909	9.5808
0.9470	0.6915	9.5814
0.9458	0.6891	9.5820
0.9487	0.6891	9.5838
0.9529	0.6891	9.5838
0.9535	0.6891	9.5844
0.9541	0.6861	9.5916
0.9529	0.6849	9.5934
0.9547	0.6867	9.6029
0.9613	0.6843	9.5946
0.9404	0.6963	9.5826
0.9691	0.6903	9.6059
0.9290	0.6957	9.5772
0.9398	0.6820	9.6083
0.9583	0.6730	9.5850
0.9745	0.6879	9.5318
0.9870	0.6831	9.7022
1.0612	0.6359	9.6149
0.9643	0.7077	9.5359
0.9685	0.6628	9.6089
0.9344	0.7178	9.5820
0.8841	0.7035	9.5742
0.9787	0.7250	9.6179
0.8919	0.7101	9.6580
0.9308	0.6419	9.5210
0.9332	0.7328	9.5401
0.8716	0.6311	9.6454
0.9476	0.7334	9.4851
0.8913	0.6712	9.5617
0.9625	0.7083	9.6053
0.9326	0.7442	9.5389
0.9751	0.6568	9.6197
1.0235	0.6814	9.5820
0.9565	0.6598	9.5491
0.9864	0.6855	9.6041
0.9709	0.6592	9.6305
0.9464	0.6389	9.5306
0.9595	0.6963	9.5641
0.9619	0.6670	9.5844
0.9697	0.6831	9.5641
0.9398	0.7005	9.5605
1.0181	0.6760	9.5581
0.9075	0.7609	9.5587
0.9637	0.7304	9.5820
0.9434	0.6658	9.6664
0.9619	0.6706	9.5868
0.9063	0.6664	9.5748
0.9147	0.6802	9.6203
0.9505	0.6568	9.5748
0.9685	0.7041	9.6119
0.9619	0.6796	9.6269
0.9595	0.7472	9.5617
0.9589	0.6790	9.6077
0.9691	0.6682	9.6053
0.9505	0.6688	9.5371
0.9565	0.7041	9.5766
0.9667	0.6550	9.6329
0.9458	0.6760	9.5587
0.9709	0.6646	9.5862
0.9565	0.6712	9.6155
0.9870	0.6975	9.5222
0.9505	0.6963	9.5796
0.9924	0.6843	9.6221
0.9553	0.7029	9.5599
0.9589	0.6814	9.6059
0.8937	0.6855	9.6071
0.9356	0.7149	9.5455
1.0690	0.6580	9.5946
0.9296	0.6712	9.6017
0.9793	0.7011	9.5964
0.9637	0.6778	9.6035
0.9541	0.6993	9.5868
0.9739	0.6849	9.5521
0.9368	0.7083	9.5946
0.9625	0.6867	9.5754
0.9793	0.6814	9.5533
0.9733	0.6694	9.5521
0.9272	0.6808	9.5874
0.9613	0.6909	9.5419
0.9314	0.6855	9.5832
0.9793	0.6628	9.6209
0.9721	0.6580	9.6107
0.9721	0.7119	9.5623
0.9499	0.7059	9.5617
0.9960	0.7059	9.5533
0.9230	0.6700	9.5808
0.9476	0.6897	9.5982
0.9236	0.7119	9.5838
0.9051	0.7310	9.5904
0.9434	0.6461	9.6083
0.7836	0.7472	9.5479
0.9356	0.7047	9.6041
0.8931	0.7017	9.5611
0.9511	0.6987	9.6346
0.9679	0.6610	9.6496
0.9601	0.7119	9.6012
0.9763	0.6473	9.5862
0.9745	0.7316	9.5802
0.9577	0.6879	9.5970
0.9721	0.6574	9.6029
0.9589	0.6688	9.5623
0.9763	0.7035	9.5665
0.9164	0.6825	9.5383
0.9751	0.6664	9.5976
0.9607	0.6748	9.6107
0.9751	0.7029	9.5826
0.9416	0.6538	9.5599
0.9368	0.7244	9.6006
1.0522	0.6706	9.5892
0.9464	0.6933	9.5802
0.9218	0.6963	9.5641
0.9625	0.7053	9.5892
0.9368	0.6407	9.5904
1.0032	0.7208	9.5856
0.9194	0.6981	9.5569
0.9858	0.6718	9.5258
0.9511	0.6682	9.5874
0.9757	0.7178	9.5665
0.9320	0.6825	9.5952
0.9559	0.6891	9.6023
0.9314	0.6879	9.5838
0.9446	0.6921	9.5754
0.9703	0.6407	9.5503
0.9864	0.6951	9.5850
0.9972	0.6891	9.5671
0.9649	0.6706	9.5730
0.9320	0.6808	9.6006
0.9553	0.6712	9.5790
0.8871	0.6993	9.6155
0.9182	0.6796	9.5665
0.9075	0.7232	9.5820
0.9242	0.6706	9.5342
0.9793	0.6825	9.5754
0.9326	0.6951	9.5736
0.9619	0.7418	9.5371
0.9553	0.6269	9.5850
0.9763	0.6885	9.5868
0.9344	0.6784	9.5700
0.9284	0.6293	9.6053
0.9619	0.7292	9.5479
0.9188	0.6909	9.5605
0.9476	0.6778	9.5994
1.0169	0.7328	9.5665
0.9655	0.6676	9.5988
1.0421	0.6999	9.5437
0.9332	0.7208	9.5958
0.9505	0.6514	9.5659
0.9212	0.6969	9.5688
0.9063	0.6891	9.5778
0.9290	0.6670	9.5922
0.9087	0.7023	9.5928
0.9757	0.6814	9.5653
0.9793	0.6778	9.5808
0.9840	0.7651	9.5736
0.9799	0.6867	9.5976
0.9697	0.6831	9.5952
0.9152	0.7513	9.5844
0.9087	0.6790	9.6029
0.9272	0.6574	9.6083
0.9326	0.6209	9.5844
0.9493	0.6999	9.5880
0.9882	0.6748	9.5222
0.9882	0.6748	9.5760
1.0008	0.7316	9.5539
0.9721	0.6694	9.5682
0.9595	0.6724	9.5575
0.9147	0.7053	9.6083
0.9206	0.6377	9.6065
0.9170	0.6329	9.6012
0.9386	0.6724	9.6017
0.9553	0.6748	9.6161
0.9392	0.7041	9.5425
0.9870	0.7083	9.5748
0.9380	0.7507	9.5850
0.9751	0.6712	9.6006
0.9278	0.7017	9.5772
0.9147	0.6820	9.6203
0.9152	0.6652	9.5808
0.9033	0.6526	9.5976
0.9888	0.6670	9.6233
0.9703	0.6951	9.5790
1.0157	0.6963	9.5778
0.9565	0.7155	9.5647
0.9655	0.7352	9.5826
0.9751	0.6712	9.5563
0.7693	0.6975	9.5874
0.9452	0.6275	9.5413
0.9254	0.6114	9.5778
0.9260	0.6419	9.5060
0.9111	0.7723	9.5359
1.0397	0.7256	9.4396
0.9386	0.7190	9.5007
0.9643	0.7304	9.5868
1.0151	0.7077	9.5766
0.9003	0.7023	9.5946
0.9362	0.6622	9.6341
0.9015	0.6371	9.6299
0.9643	0.6802	9.6125
0.9428	0.6975	9.5479
0.9452	0.6825	9.4767
0.9828	0.6413	9.5754
0.9972	0.6951	9.6502
0.9673	0.7113	9.4827
0.9535	0.6652	9.6000
0.9404	0.6676	9.5629
0.9410	0.6287	9.5389
0.9535	0.6999	9.5796
0.9290	0.6682	9.5395
0.9715	0.7208	9.5324
0.9811	0.6730	9.5539
0.9954	0.7495	9.6023
0.9607	0.7322	9.6041
0.9655	0.6999	9.6000
0.9326	0.6897	9.5234
0.9476	0.6532	9.5671
0.9027	0.7190	9.5700
0.9476	0.6831	9.5892
0.9314	0.6879	9.5688
0.9757	0.6694	9.6699
1.0092	0.7137	9.6598
0.9763	0.6897	9.6191
0.9583	0.7065	9.6023
0.9458	0.6490	9.5832
0.9505	0.6867	9.5593
0.9284	0.6586	9.6035
0.8901	0.6766	9.6119
0.9529	0.6867	9.6293
0.9194	0.7244	9.6047
1.0241	0.6939	9.6137
1.0092	0.6479	9.6035
0.9607	0.6879	9.5754
0.8812	0.6682	9.5383
0.9212	0.6419	9.5156
0.9129	0.6736	9.6071
0.9135	0.6736	9.5659
0.9517	0.7250	9.5521
0.9661	0.7119	9.5706
0.9894	0.7304	9.5862
0.9679	0.6999	9.5539
0.9811	0.7382	9.5575
0.9799	0.6885	9.5635
0.8812	0.6999	9.5928
0.9230	0.6084	9.6137
0.9212	0.6867	9.6412
0.9398	0.6640	9.6388
0.9517	0.7376	9.5958
0.9942	0.6760	9.5850
0.9864	0.7017	9.5802
0.9882	0.7131	9.6065
0.9703	0.6999	9.5389
0.9661	0.6407	9.5599
0.8788	0.7017	9.5988
0.9440	0.6156	9.6245
0.9081	0.6718	9.5994
0.9781	0.6610	9.6191
0.9440	0.7543	9.5766
0.9470	0.7178	9.5832
0.9326	0.6592	9.5688
0.9972	0.7029	9.5916
0.9817	0.7250	9.5473
0.9667	0.6736	9.5503
0.9493	0.5868	9.5515
0.8064	0.6921	9.5940
0.9356	0.6861	9.5359
0.9224	0.7023	9.5312
0.9350	0.6586	9.5964
0.9583	0.6963	9.6376
0.9440	0.7298	9.5964
0.9188	0.7747	9.5347
0.9805	0.6843	9.5688
0.9565	0.6586	9.5563
0.9631	0.6538	9.5910
0.9272	0.6993	9.5359
0.9410	0.7202	9.5234
0.9703	0.6215	9.5503
0.9392	0.7226	9.5336
0.9278	0.7328	9.5509
0.9362	0.7316	9.5952
0.9715	0.6736	9.5677
0.9649	0.6455	9.6131
0.9326	0.7190	9.5659
0.9248	0.7160	9.5282
0.9655	0.6616	9.5916
0.9224	0.6658	9.6023
0.9577	0.6485	9.6544
0.9505	0.7741	9.6047
0.9918	0.7298	9.5533
0.9476	0.7017	9.5581
0.9727	0.7160	9.6191
0.9380	0.6921	9.6023
0.9793	0.7454	9.5874
0.9266	0.6855	9.5994
0.9888	0.6987	9.6131
0.9535	0.6987	9.5922
0.9356	0.7633	9.5509
0.9990	0.6185	9.5371
1.0379	0.6532	9.6119
1.0104	0.6562	9.5665
0.9637	0.7466	9.5473
0.9703	0.6604	9.5042
0.9691	0.6191	9.5874
0.9523	0.5647	9.6161
0.9051	0.7125	9.5958
0.9936	0.6921	9.5826
0.9458	0.7047	9.6137
0.9667	0.6556	9.6305
0.9523	0.6736	9.6352
0.9015	0.7065	9.6029
1.0630	0.6796	9.7034
0.9039	0.6520	9.6711
1.0277	0.6718	9.6185
0.9158	0.7178	9.5437
1.0104	0.6939	9.6131
0.9374	0.6724	9.6197
0.9930	0.6784	9.7812
0.9129	0.7071	9.6430
0.9164	0.7896	9.6502
0.9194	0.6120	9.5934
0.9667	0.7238	9.5796
0.9589	0.6843	9.5802
0.9757	0.7507	9.6000
0.9811	0.6778	9.6681
0.9619	0.6873	9.6006
0.9410	0.7160	9.6664
0.9045	0.7884	9.5802
0.9822	0.6849	9.6329
0.9667	0.6790	9.5940
0.9846	0.7370	9.5371
0.9775	0.6772	9.5210
0.9428	0.6191	9.5964
0.9673	0.6281	9.6436
0.9589	0.7143	9.6227
0.9685	0.7573	9.5587
0.9446	0.7166	9.5533
0.9894	0.6556	9.6424
0.9781	0.6628	9.6101
0.9434	0.7376	9.6388
0.9565	0.7226	9.5521
0.9374	0.6748	9.5168
0.9511	0.7005	9.6394
0.9493	0.7358	9.5617
0.9793	0.7316	9.6095
0.9499	0.7023	9.6490
0.9667	0.6610	9.5814
0.9607	0.7208	9.5682
0.8991	0.7442	9.5509
0.9709	0.6395	9.6059
0.9763	0.7101	9.6550
0.9990	0.7077	9.6454
0.9422	0.7376	9.5898
0.9476	0.6885	9.6394
0.9416	0.6903	9.5730
0.8889	0.6915	9.5587
0.9918	0.6831	9.5186
0.9434	0.6849	9.5682
0.9888	0.6544	9.7722
0.9135	0.7340	9.6418
0.9416	0.7059	9.6568
0.8548	0.7519	9.6023
0.8889	0.6825	9.5401
0.9565	0.7077	9.5748
0.9948	0.6796	9.5623
1.0576	0.7220	9.5976
0.9218	0.7143	9.5958
0.9230	0.6831	9.6777
0.8136	0.7017	9.7052
0.9015	0.6754	9.6185
1.0492	0.6879	9.6658
0.9517	0.6485	9.5700
0.9978	0.7125	9.5509
0.9906	0.6251	9.5623
0.9362	0.7358	9.6628
0.9009	0.6706	9.6239
0.8584	0.7262	9.5042
0.9517	0.6341	9.6478
0.9129	0.6407	9.5808
1.0122	0.6329	9.5772
0.9601	0.6855	9.5988
0.9320	0.6580	9.5814
0.9033	0.6628	9.5910
0.9242	0.7059	9.6107
0.9344	0.6586	9.6239
0.9218	0.6843	9.5682
0.9667	0.6203	9.5886
0.9601	0.6831	9.5856
0.7753	0.6951	9.5467
0.9619	0.6263	9.4719
0.9631	0.6437	9.5377
0.9960	0.6550	9.5587
0.9487	0.6748	9.5389
0.9541	0.6490	9.5419
0.9045	0.6748	9.5826
0.9093	0.6574	9.4911
1.0014	0.6574	9.4941
1.0337	0.6299	9.5449
0.9936	0.6754	9.5659
1.0116	0.7160	9.5503
0.9541	0.7059	9.5647
0.9105	0.7238	9.5575
0.9260	0.6831	9.5665
0.9129	0.6999	9.4606
1.0211	0.6730	9.4947
0.9894	0.6431	9.5802
1.0146	0.6802	9.5736
0.9416	0.7484	9.5605
0.9230	0.7017	9.6550
0.9129	0.8877	9.6251
0.9619	0.6873	9.5611
1.0026	0.7394	9.6095
0.9356	0.6933	9.5677
0.9625	0.6664	9.5659
0.9673	0.6969	9.6059
0.9075	0.6837	9.6167
0.9416	0.6903	9.6771
0.9332	0.6879	9.7836
0.9129	0.6239	9.6167
0.9302	0.7172	9.6329
0.8620	0.6730	9.5688
0.9452	0.6927	9.5838
1.0193	0.6802	9.5599
0.9613	0.7053	9.5694
0.9721	0.6915	9.5880
0.9458	0.6999	9.5772
0.9194	0.6646	9.5826
0.9625	0.6700	9.5808
0.9308	0.7125	9.5365
1.0481	0.6496	9.5892
1.0277	0.6640	9.5910
0.9302	0.7131	9.5772
0.9470	0.6873	9.6263
0.9320	0.7675	9.5688
0.9386	0.6897	9.5760
1.0068	0.7346	9.6251
0.9834	0.7005	9.5850
0.9822	0.6879	9.5503
1.0104	0.6359	9.5898
0.9625	0.7172	9.6167
0.9320	0.6664	9.7956
0.9027	0.7244	9.6628
0.9129	0.6048	9.6592
0.9027	0.6987	9.6089
0.9541	0.6640	9.5509
0.9350	0.6628	9.5892
1.0056	0.6377	9.5240
0.9422	0.7095	9.5617
0.9332	0.7029	9.5425
0.8913	0.7041	9.5018
0.9099	0.6784	9.5533
1.0223	0.6048	9.5593
0.9613	0.7071	9.5587
0.9787	0.5880	9.5796
0.9440	0.7322	9.5742
0.9362	0.6802	9.6364
0.9697	0.7035	9.6771
0.9511	0.7872	9.6245
0.9727	0.6831	9.6472
0.9123	0.7759	9.5724
0.9505	0.6873	9.4803
0.9338	0.6903	9.5796
0.9344	0.6496	9.5473
0.9954	0.6808	9.5665
0.9212	0.7214	9.6556
0.8572	0.6353	9.6341
0.8788	0.6610	9.5563
0.9763	0.7023	9.5796
1.0074	0.6526	9.5671
1.0175	0.6628	9.6101
0.9948	0.7083	9.6221
0.9338	0.7196	9.5617
0.8883	0.7298	9.5982
0.9523	0.7166	9.6400
0.9607	0.6784	9.6448
1.0128	0.6861	9.6012
0.9793	0.6395	9.5814
0.9410	0.7059	9.5120
0.9410	0.6443	9.6047
0.9595	0.7160	9.6185
0.9918	0.6790	9.6071
0.9147	0.7178	9.6352
0.9003	0.6449	9.4917
0.9476	0.6323	9.5210
0.9900	0.6610	9.5114
1.0181	0.6562	9.6502
0.9864	0.6479	9.6329
0.8686	0.7627	9.6305
0.9009	0.6748	9.5970
0.8429	0.7777	9.5934
0.9655	0.6072	9.6568
1.0469	0.6951	9.5641
0.9715	0.7519	9.6017
0.9643	0.6700	9.5629
0.8913	0.7334	9.6335
0.9356	0.7089	9.5479
1.0247	0.6837	9.6341
0.9799	0.6849	9.5258
1.0110	0.6652	9.4354
0.9356	0.7424	9.5718
0.9733	0.6640	9.5700
0.9769	0.7693	9.6400
0.9649	0.6311	9.6855
0.9601	0.6790	9.5898
0.8782	0.6449	9.5377
0.9846	0.6054	9.5210
1.0690	0.6873	9.4678
1.0229	0.7101	9.5952
0.9972	0.6730	9.5688
0.8369	0.7639	9.5772
0.8405	0.6580	9.5916
0.8488	0.5958	9.6089
0.9846	0.6317	9.6352
1.0289	0.6616	9.6197
0.9631	0.6485	9.5485
0.9547	0.6837	9.5473
0.8315	0.7567	9.5868
0.9984	0.6604	9.6460
0.9212	0.7023	9.6963
0.9039	0.6173	9.6771
0.8943	0.6317	9.5395
0.9260	0.6879	9.5964
1.0068	0.6347	9.7758
0.9111	0.7430	9.6329
0.7980	0.5486	9.6496
0.8429	0.6700	9.5617
0.9093	0.6251	9.5383
1.1216	0.6042	9.6490
1.0391	0.7406	9.6640
0.9733	0.5934	9.6867
0.9655	0.6640	9.6053
0.7998	0.6951	9.5515
0.9918	0.7950	9.5425
0.9906	0.7089	9.5671
1.0122	0.6431	9.6520
0.9733	0.6915	9.5240
0.8919	0.6831	9.5162
0.9858	0.6802	9.5234
0.9440	0.7131	9.6370
0.9392	0.6921	9.6502
1.0080	0.6879	9.4229
0.9912	0.6921	9.5371
1.0415	0.7531	9.5964
1.0008	0.6682	9.6711
0.8459	0.6700	9.6723
0.9021	0.6132	9.5090
0.8237	0.6825	9.5557
0.9308	0.6885	9.4211
1.1545	0.7196	9.5353
1.0498	0.7035	9.7495
1.0792	0.6126	9.5455
0.7872	0.7579	9.6293
1.0349	0.7172	9.5150
0.8566	0.6796	9.5844
0.9571	0.6024	9.6699
1.0086	0.6748	9.4145
0.9577	0.7149	9.5682
1.0989	0.7304	9.5659
0.8829	0.7555	9.7669
0.9147	0.5773	9.7351
0.8991	0.7830	9.4815
0.7944	0.6556	9.5413
1.1856	0.7525	9.5706
1.0756	0.7657	9.7686
1.0205	0.7017	9.6197
0.9003	0.6437	9.5748
0.6550	0.6867	9.6891
0.8315	0.6305	9.4366
0.9655	0.6538	9.5718
0.9942	0.7346	9.5138
1.1683	0.7286	9.4672
0.9876	0.8112	9.7280
1.1252	0.5880	9.5347
0.8363	0.9063	9.7238
0.8453	0.5707	9.5682
0.8812	0.7220	9.4803
0.8303	0.7759	9.6364
1.2000	0.6000	9.5545
1.0373	0.8058	9.7489
1.0193	0.5133	9.5611
0.7926	0.7729	9.5880
0.7507	0.6837	9.6454
0.9912	0.6431	9.4827
0.9888	0.7436	9.7435
1.0929	0.5599	9.5443
1.0343	0.8913	9.5575
0.9152	0.6449	9.5832
0.9972	0.6150	9.6801
0.7501	0.6568	9.6203
0.9464	0.6574	9.4630
0.8931	0.7848	9.6305
1.0636	0.7017	9.6364
1.1952	0.7896	9.5976
0.9248	0.5689	9.6610
0.9817	0.5683	9.5282
0.7113	0.8339	9.5868
0.8608	0.5593	9.5832
0.8991	0.7256	9.6723
1.0762	0.6114	9.5204
1.1450	0.6490	9.5700
0.9942	0.6401	9.6311
1.0068	0.6909	9.6430
0.7567	0.6580	9.5599
0.9302	0.7489	9.5736
0.8823	0.7615	9.5036
1.1091	0.6054	9.5856
1.1252	0.6239	9.6849
0.9464	0.6413	9.5180
0.8130	0.7095	9.4977
0.8010	0.6610	9.6628
0.9194	0.5970	9.6574
0.9978	0.6706	9.6610
1.0570	0.7651	9.5581
1.0086	0.7029	9.5641
0.9206	0.6646	9.6257
0.8369	0.7047	9.5934
0.8943	0.6814	9.4947
0.9069	0.7663	9.5084
1.1067	0.7579	9.5982
1.0804	0.6945	9.6388
0.9362	0.5916	9.6071
0.8064	0.7029	9.5222
0.7968	0.6532	9.5682
0.9972	0.6425	9.6311
0.9864	0.6329	9.5886
1.0935	0.7340	9.5132
1.0175	0.7137	9.5964
0.9206	0.6975	9.5862
0.9380	0.6383	9.6508
1.0504	0.5976	9.5784
0.9021	0.7304	9.6293
1.0032	0.7729	9.5347
0.9320	0.5282	9.6628
0.8943	0.6161	9.5336
0.9511	0.6993	9.4636
0.9069	0.5874	9.5114
0.9380	0.7729	9.5820
0.9697	0.6736	9.6867
0.9398	0.6784	9.7238
0.9763	0.8333	9.5180
1.0415	0.6233	9.6137
1.0540	0.6461	9.6963
0.8752	0.6185	9.5013
0.7824	0.6718	9.5635
0.8841	0.8088	9.5198
0.9996	0.6987	9.5653
1.1719	0.6263	9.6502
0.9972	0.7795	9.6735
0.9176	0.7352	9.5395
0.7232	0.6640	9.5832
0.6957	0.4983	9.4953
1.0534	0.6431	9.5730
1.2473	0.8459	9.6257
1.2909	0.7813	9.5880
0.9511	0.6239	9.7698
0.7777	0.5773	9.6029
0.7011	0.6437	9.5377
0.9188	0.7902	9.5970
1.1264	0.8674	9.5377
1.3202	0.6132	9.6508
1.0780	0.8136	9.6149
0.7472	0.7160	9.5395
0.5862	0.4947	9.7124
0.8291	0.6682	9.6532
1.1216	0.8148	9.6089
1.1103	0.6359	9.7531
1.1946	0.9063	9.5748
0.9290	0.5222	9.5563
0.6610	0.7172	9.4839
0.7424	0.8297	9.3696
1.1180	0.5850	9.5964
1.0726	0.7400	9.6478
1.0660	0.6311	9.4456
0.9517	0.4923	9.6502
0.8165	0.8764	9.5060
0.8231	0.7184	9.5162
0.9188	0.4953	9.6640
1.0307	0.7172	9.5856
1.0881	0.5821	9.5288
0.8919	0.7083	9.5892
0.9218	0.6825	9.4337
0.9344	0.6233	9.5778
0.9900	0.8818	9.6670
1.0510	0.6317	9.6430
1.0989	0.6096	9.5653
0.8082	0.6544	9.5228
0.8518	0.7346	9.4199
0.7962	0.6383	9.5186
0.8225	0.6700	9.6197
1.0397	0.6209	9.4636
1.0654	0.8016	9.4139
0.9888	0.7184	9.5359
0.8393	0.7872	9.6275
0.8758	0.6072	9.5682
0.8871	0.6975	9.3786
1.2149	0.7119	9.4743
1.1581	0.7149	9.6711
1.0570	0.6772	9.4684
0.7292	0.5964	9.5910
0.5462	0.7418	9.4008
0.7735	0.6323	9.3032
1.1958	0.4660	9.5682
1.0983	0.7023	9.5126
1.0469	0.7448	9.6107
0.8148	0.6706	9.6059
0.9057	0.8201	9.3044
1.0624	0.6700	9.6765
1.0977	0.9374	9.7465
1.2132	0.7448	9.6269
1.0163	0.5964	9.6981
0.5509	0.6443	9.4600
0.6820	0.4169	9.5665
0.6730	0.6748	9.7142
1.1761	0.6090	9.5066
1.1820	0.5366	9.6957
0.9129	0.6401	9.7142
0.9326	0.8267	9.5007
0.9338	0.6825	9.6867
0.9906	0.9541	9.5551
1.3196	0.8159	9.4695
0.9960	0.5940	9.7728
1.0068	0.4989	9.4037
0.6562	0.5270	9.9218
0.6490	0.5832	9.6909
0.8698	0.6825	9.7202
1.0594	0.4283	9.6502
1.0684	0.6652	9.4642
1.1521	0.8554	9.5102
0.7669	0.9302	9.6239
1.0636	0.7998	9.4636
1.1240	0.8064	9.7615
1.2443	0.7059	9.5892
1.0445	0.5360	9.6352
0.7783	0.5892	9.4606
0.6281	0.5234	9.5060
0.6383	0.5019	9.5557
0.9523	0.5785	9.7555
1.1659	0.5707	9.7465
1.0798	0.8566	9.6017
0.8907	0.7125	9.6580
0.8698	0.8207	9.5718
0.8728	0.7322	9.5018
1.2999	0.8530	9.6023
1.1635	0.8417	9.6795
0.9978	0.6287	9.6161
0.7047	0.7543	9.5300
0.6299	0.5970	9.5018
0.9870	0.5031	9.7686
1.0911	0.5988	9.7286
1.0241	0.5862	9.8350
1.0247	0.6694	9.3511
0.7717	0.7956	9.4731
1.0397	0.5803	9.4462
1.0265	0.8488	9.5982
1.1438	0.8321	9.6472
0.9517	0.8363	9.5144
1.0175	0.6054	9.5946
0.8429	0.6873	9.7926
0.9511	0.8680	9.6239
0.9009	0.7023	10.0157
1.1133	0.7543	9.3290
0.9637	0.4792	9.6376
0.8195	0.7023	9.6735
0.8991	0.9063	9.5246
0.8393	0.6150	9.5886
0.9194	0.8997	9.2518
1.1462	0.5486	9.4546
1.0259	0.7304	9.7208
1.1067	0.7890	9.5653
0.8722	0.6879	9.6843
0.9487	0.8453	9.4181
1.0923	0.5450	9.6227
1.0008	0.5408	9.7896
0.9942	0.8548	9.4630
0.6287	0.5910	9.6789
1.0540	0.7938	9.3158
1.0110	0.5079	9.5742
0.9470	0.5928	9.7154
1.0618	1.1037	9.6335
0.7513	0.5013	9.6783
1.1779	0.8506	9.3511
1.0857	0.5707	9.7220
0.9601	0.5240	9.7788
0.9344	0.9583	9.2500
0.6072	0.4959	9.7459
1.1934	0.8536	9.1932
0.8943	0.4355	9.8751
0.9272	0.5593	9.6275
1.0044	0.8979	9.3355
0.5509	0.4720	9.7232
1.2263	0.8040	9.2895
1.0558	0.5815	10.0235
1.1210	0.6502	9.6035
0.6520	0.9589	9.6041
0.6748	0.4666	9.5431
1.0319	0.9482	9.4049
1.0726	0.4158	9.9068
1.2987	1.0283	9.5641
0.8823	0.6054	9.5557
0.6706	0.6766	9.6083
1.0463	0.6257	9.4546
0.6532	0.3805	9.8518
1.1288	0.6311	9.6687
0.9356	0.7190	9.5491
0.9721	0.7609	9.4014
1.0229	0.8070	9.3475
0.7131	0.8010	9.7956
1.0169	0.7262	9.4073
1.0205	0.9308	9.6532
0.9158	0.3685	9.5455
1.1761	0.8022	9.6006
1.0271	0.9470	9.6819
0.8949	0.4816	9.5706
0.9081	0.6413	9.6789
0.8524	0.4612	9.5958
0.9727	0.6419	9.4462
0.8112	0.6784	9.5330
0.8877	0.6365	9.5007
1.1156	0.6814	9.2267
0.7394	0.6634	9.6496
1.2538	0.7968	9.2081
0.7585	0.8895	9.7752
1.0313	0.6664	9.5030
1.0026	0.6658	9.6358
0.6275	0.5838	9.7268
0.9326	0.6197	9.4654
0.5683	0.5671	9.8183
0.9739	0.4355	9.1657
0.9966	0.9583	9.5455
1.2317	0.8471	9.4773
0.8578	0.8949	9.6107
1.1826	0.7232	9.3984
0.8548	0.6233	9.5306
1.0750	0.7693	9.4247
1.1085	0.8554	9.5114
0.7418	0.5539	9.3505
0.8716	0.6323	9.3140
0.5880	0.5928	9.7429
0.9799	0.5880	9.1555
0.6048	0.9434	9.6424
1.0750	0.6622	9.1220
0.8106	0.6754	9.4588
1.2149	0.5862	9.6179
1.3418	1.1629	9.4911
0.7537	0.6963	9.8153
1.1168	0.8159	8.9808
0.8088	0.6317	9.7387
1.2209	0.4475	9.6215
1.0229	0.7131	9.9260
0.9147	0.5527	9.6035
1.0451	0.5994	9.2578
0.5085	0.4277	9.7537
1.0923	0.8267	9.2680
0.6915	0.6957	9.9367
1.2149	0.8895	9.4468
1.0504	0.8010	9.4576
1.1342	0.5396	9.6006
0.7980	0.9972	9.5551
1.1073	0.7143	9.4558
0.7705	0.6694	9.2446
0.9541	0.4391	9.5198
1.0397	1.0062	9.2781
0.7759	0.4116	9.8542
1.1085	0.7268	9.5856
1.0343	0.7543	9.6149
1.1438	0.7741	9.7286
0.7603	0.7801	9.4941
0.9063	0.6329	9.7178
0.8991	0.5838	9.5090
0.8219	0.4570	9.6568
0.9906	0.7513	9.6293
0.8758	0.7184	9.7507
0.9069	0.5515	9.7070
1.0397	0.4726	9.5030
1.1360	0.8596	9.6771
0.8542	0.7699	9.3188
1.1641	0.7525	9.7202
0.9182	0.4911	9.2997
1.1773	0.5276	9.8261
1.0648	0.7250	9.9152
0.8279	0.8022	9.5802
0.9123	0.4851	9.5383
0.9482	0.5390	9.5712
1.0110	0.7286	9.7040
0.8070	0.8465	9.3116
0.8213	0.9099	9.4773
0.8776	0.4606	9.5461
0.8195	0.6383	9.8895
0.7944	0.7166	9.8446
1.0690	1.0050	9.4695
0.7017	0.8148	9.4199
1.0457	0.3476	9.2548
1.0612	0.8937	9.5617
1.0325	0.8028	9.4695
1.1390	0.8829	9.5174
0.8710	0.7968	9.6610
0.9649	0.5414	9.5174
0.5294	0.5982	9.7932
1.2179	0.6520	9.3649
0.8357	0.3559	9.5383
1.0020	0.7555	9.5790
0.7830	0.5593	9.7561
0.8859	0.9553	9.5138
1.0403	0.7286	9.7393
1.0385	0.5982	9.5635
1.0463	0.8477	9.6035
0.8375	0.8471	9.7202
0.9003	0.7011	9.4456
1.0337	0.4869	9.7908
0.7980	0.6885	9.7286
0.9212	0.7711	9.4235
0.8997	0.9135	9.5832
1.1097	0.3416	9.6747
0.8070	0.5300	9.7974
1.1952	0.9398	9.6143
0.6963	0.9535	9.3631
0.8602	0.6012	9.4576
1.2431	0.4780	10.0935
0.7370	0.5707	9.4821
0.9936	1.0594	9.2386
0.6377	0.6054	9.4929
1.0199	0.5641	9.7956
0.9643	0.1364	10.1156
1.2813	0.7131	9.8542
0.8925	1.0977	9.3493
0.9021	0.7783	9.6693
1.1982	0.4654	9.3457
1.0271	0.3320	9.6891
1.2401	1.0385	9.8697
0.3763	0.6514	9.3822
1.1408	0.9218	9.3379
0.6108	0.1729	9.7124
0.9386	0.6879	9.2494
0.9960	0.9978	9.6071
0.9499	0.8183	9.3882
1.0193	0.7866	9.4055
0.8201	0.6311	9.7178
1.1581	0.8584	9.3206
0.8375	0.6317	9.7375
1.1127	0.6712	9.4079
0.8387	0.5838	9.6765
0.9667	1.1324	9.5156
0.6802	0.5533	9.5180
1.0241	0.4152	9.5682
0.9470	0.7017	9.8889
0.9152	0.6455	9.4839
1.1354	0.9380	9.7633
1.2179	0.5049	9.7022
1.4076	0.7370	9.5162
0.6227	0.5318	9.5234
1.2706	0.9799	9.1130
0.7525	0.7645	10.1491
1.1509	0.4128	9.7351
0.7543	0.8201	9.7387
0.9954	0.6227	9.0113
0.8267	0.6831	9.6562
0.8094	0.0401	9.9541
0.9625	0.7250	9.8919
0.6508	0.8004	9.4809
0.7675	1.0415	9.0682
0.9709	0.3589	9.4295
1.3382	0.5509	9.6394
0.8698	0.5809	9.5736
1.0594	1.4273	9.1639
0.7436	0.9212	8.7583
1.3029	0.5109	9.2865
0.8859	0.2841	10.1491
1.0235	0.6132	9.5742
1.0134	1.1791	9.9349
0.7795	0.1172	9.5868
1.1755	0.6688	9.8853
0.8596	0.3170	9.5066
0.7944	1.0666	8.9706
0.4893	0.4923	9.6269
1.2670	0.6353	9.4899
0.9320	0.6580	9.2051
1.2825	1.1551	9.3200
0.6784	0.6293	9.2339
0.9793	0.8710	9.6753
0.7699	0.5444	9.9678
1.2945	0.6389	9.4791
0.7573	0.9440	10.0719
0.9487	0.2794	9.1459
0.7795	0.8710	9.7950
1.0403	0.0485	9.2997
1.3160	1.1103	9.7800
0.6820	0.6353	9.8877
1.0534	0.9631	9.5419
1.0181	0.6203	9.8404
1.2873	0.6568	9.7842
0.7842	0.4750	9.4791
1.1814	0.9571	9.5509
0.7609	0.9111	9.1537
1.1145	0.9158	9.7190
0.7250	0.1531	10.4889
0.9583	0.2949	9.6167
0.8716	1.2592	9.8973
0.8387	0.2405	9.2931
0.9075	0.3972	9.9649
0.8973	0.3673	9.8985
1.0157	0.8746	9.3523
0.6748	0.5940	9.4648
1.4076	0.9242	9.4857
1.1294	0.6754	9.2721
1.4345	1.0552	9.7124
0.7017	1.0642	8.7846
1.1174	1.1270	9.4522
0.7041	0.3482	9.6017
0.8680	0.2554	9.4803
0.6359	1.2000	9.5772
1.1946	0.6933	9.3314
0.8506	0.6502	9.5377
0.9272	0.2895	9.5784
0.9135	0.7765	9.5970
0.6634	0.8225	9.7304
0.7980	0.8148	9.6879
0.9523	0.5904	9.5353
1.2682	0.9565	9.9266
1.0451	0.5061	9.1968
1.2185	0.9470	9.9254
0.6359	0.2506	9.5718
1.1994	0.8345	9.4558
0.6233	0.7675	9.7262
1.3525	0.1005	9.5467
0.6257	0.4516	9.5527
1.4746	0.9338	9.4833
0.8506	0.7968	8.9461
1.3280	0.6108	9.6454
0.5934	0.7603	9.4534
1.1958	1.1037	9.1166
0.6742	1.1168	9.8973
1.3753	0.3661	9.4462
0.7573	0.9631	9.8333
1.0481	0.4403	9.4809
0.4487	1.0953	9.3433
1.0708	0.3470	9.7046
0.7693	0.6550	9.6867
1.0056	0.6108	9.3278
0.4965	1.0552	9.4953
1.3723	0.4104	9.4372
0.9894	0.6126	10.0683
0.9583	0.2237	9.4402
0.6413	1.3214	9.5347
0.8004	0.5486	9.7435
0.8411	0.7238	9.7214
0.9141	0.5713	9.6161
0.9864	0.9105	9.1758
0.7615	0.5354	8.9019
1.2622	0.7370	9.7501
0.7783	0.2740	9.2004
1.2012	0.8500	9.2494
0.6144	1.2425	9.1782
1.2855	0.6054	9.0113
0.9314	0.6772	9.4648
1.3376	0.7358	9.6670
0.7902	0.9559	9.5551
1.4435	0.7053	9.6867
0.4074	0.5671	9.6095
1.0905	0.4409	9.4384
0.5970	0.6748	9.9451
1.1539	0.6538	9.3212
0.7842	1.1396	9.9397
1.3872	0.6126	9.7322
1.2281	0.8560	9.7998
1.1623	0.6479	9.7447
0.5994	1.2526	9.7375
1.0116	0.3823	9.5922
1.1067	0.9805	10.0067
0.8106	0.0694	9.7208
1.0959	0.7507	9.9349
0.4295	0.6347	9.2482
1.2628	0.5791	9.7537
0.6251	0.0024	9.8691
1.0947	0.8794	9.6646
0.6897	1.3472	8.6787
1.3316	0.8333	9.5180
0.8100	0.4780	9.6520
1.4213	0.5270	9.7369
0.8877	0.7639	9.2895
1.0588	0.8752	9.2057
0.7460	0.7573	9.9984
1.5063	0.1699	9.8267
0.9769	0.9164	9.2297
1.1007	1.1127	9.0580
0.6138	0.7872	10.0205
1.3226	0.0933	9.4761
0.8465	1.0768	9.5306
0.8979	0.4887	9.0472
0.6766	0.6981	9.1399
0.9691	0.6185	9.3912
0.6927	0.8907	9.6101
0.7005	0.4098	9.5814
0.9751	0.9763	10.0354
0.9398	0.3577	9.5760
1.2144	1.0504	9.6281
0.8459	0.6096	9.4654
1.0744	0.4193	9.8691
0.7238	0.1573	10.0283
1.0068	0.9123	9.7848
0.8650	0.3966	9.4558
1.1444	0.3164	9.8530
0.5222	0.4911	9.5108
1.1258	1.1527	9.5814
0.9996	0.2142	9.8566
1.2024	0.5414	10.1754
0.7436	0.9960	9.7974
1.3448	1.1557	9.3110
0.9446	0.9063	9.4845
1.2281	0.6329	9.7052
0.8279	0.5007	9.8153
1.3262	0.7280	9.3912
0.7980	1.3824	9.5946
1.2257	0.0042	10.1982
1.0283	0.4756	9.8991
1.4668	0.9607	9.4648
0.5904	1.0768	9.3188
1.4399	0.2219	9.6047
0.9619	0.7753	9.6897
1.2628	0.6556	9.2979
0.7017	1.0564	9.2321
1.0271	0.4564	9.4019
0.6682	0.5234	9.8596
0.9649	0.5336	9.3224
0.8189	1.3466	9.5922
0.9493	0.1825	9.8033
1.0181	0.3996	10.2095
1.2754	0.7238	9.5952
0.8746	1.1737	9.7758
0.6837	0.1394	9.7011
1.0211	0.8327	10.2735
0.9529	0.3607	9.9792
0.9470	0.8871	9.9254
0.5803	0.5246	9.3786
1.0738	0.6275	9.8991
0.9374	0.0485	9.7806
1.1773	0.7771	10.1270
0.3834	0.4762	9.1842
1.0325	0.5587	9.7202
0.5689	0.7095	9.1764
1.1904	0.7507	9.7651
0.9846	0.1866	9.8458
0.9697	0.9894	9.8189
0.7065	0.7041	9.0807
1.2808	0.7789	9.7244
0.8363	0.4881	9.3176
0.9960	0.6311	9.7250
0.6365	0.6006	9.5018
1.0696	0.8375	9.4271
0.8118	0.8010	9.5264
1.3328	0.4618	9.4019
0.7489	0.9416	8.9449
1.1970	1.1174	9.1962
0.9595	0.3631	9.7148
1.2120	0.3631	9.4313
0.6215	1.6690	9.4492
1.0887	0.8943	9.1956
0.7962	0.5689	9.5700
1.2819	0.5402	9.3409
0.5797	1.0899	9.2691
1.1366	0.6843	9.2877
0.6467	0.9852	9.7818
1.1545	0.2237	9.7011
0.9021	0.9571	9.5359
0.9476	1.2604	9.0341
0.8955	0.6389	10.0061
1.3071	0.2273	9.7160
1.0193	1.2167	9.5144
1.0319	0.8165	9.4193
0.8752	0.5049	9.3786
0.9308	0.2973	9.6167
0.7442	0.7256	9.6801
0.5910	0.3482	9.4097
0.7250	0.8524	9.5874
0.6969	0.4080	9.4941
1.0989	0.6909	9.5413
0.7131	0.6861	9.4516
1.1121	1.0020	9.6849
0.8459	0.2614	9.8165
1.1922	1.1737	9.3942
0.9613	0.9003	9.2428
1.1390	0.6096	9.5653
0.7143	0.6490	9.4911
1.2766	0.7220	9.5066
0.8841	0.5503	9.3900
1.1557	0.7131	9.5324
0.4714	0.7166	9.4887
1.2287	0.5946	9.5198
0.7196	0.7202	9.7190
1.1145	0.5922	9.2877
0.8375	0.8082	9.6119
1.1569	0.9817	9.2805
0.9888	0.9493	9.5659
1.3579	0.2183	9.6999
0.7848	0.9703	9.9248
1.0169	0.8931	9.3344
0.8094	0.6915	10.0408
1.3083	0.3649	9.4486
0.5862	1.0475	10.0073
0.9583	0.3499	9.7058
0.7160	0.8052	9.9026
1.2616	0.2082	9.4582
1.0092	0.4732	10.5002
1.0881	0.4744	9.2207
0.5791	1.3884	9.7812
1.1049	-0.0837	9.5724
0.9769	0.9033	9.8859
0.9517	0.4792	9.4103
0.9787	1.2287	9.4995
0.9218	0.3135	9.5976
1.1198	0.9434	9.5318
0.8602	0.1633	9.4199
0.8638	1.3137	9.0855
0.7047	0.6473	9.5671
1.3268	0.4373	9.7573
0.9350	0.4845	9.4755
1.1306	1.1485	9.3026
0.9649	1.0098	9.3176
1.4829	0.4379	9.8913
0.6323	0.8967	10.1820
1.0684	0.5677	9.6143
0.7250	0.9314	9.4875
0.9924	0.5521	9.1148
0.9458	0.4086	9.9038
0.8620	0.3410	9.3541
1.0014	1.5458	9.6370
0.9296	0.2124	9.6400
0.9727	1.0397	10.0935
1.1091	0.5157	9.5437
1.1282	1.0146	9.8153
0.9667	0.4307	9.6023
1.1743	0.9398	9.9786
0.9242	0.2500	9.1124
1.1563	0.8130	9.8147
0.4798	0.6837	9.4259
1.2796	0.5587	9.9397
0.9111	0.6287	9.1764
1.0504	1.1384	9.1531
0.6622	0.5450	9.5682
1.2784	0.7950	9.6484
0.8961	1.0020	9.7615
0.8722	0.7495	9.3505
1.0618	0.8267	9.7184
1.2167	0.6921	9.6795
0.8100	0.7914	9.9445
0.9661	0.5515	9.5395
0.9763	0.8429	9.5324
0.8985	0.3721	9.6969
1.0187	0.8524	9.7926
1.0439	0.9015	9.5240
1.0469	0.5390	9.8883
0.8435	0.8267	9.5533
0.9087	1.0283	9.7657
1.0056	0.3631	9.7896
1.1288	0.7065	9.7818
0.9051	0.7406	9.7734
1.1031	0.8255	9.6119
0.8907	0.6161	9.6945
1.3071	0.9164	9.6143
0.6825	0.4588	9.6783
1.1569	0.8321	9.3547
0.4804	0.8291	9.7202
1.2891	0.0873	9.4953
0.8375	0.8411	9.7920
1.0128	0.7830	9.1681
0.8728	1.0181	9.6610
1.2437	0.5073	9.8015
0.9075	0.6957	10.0444
0.8829	0.2034	9.7100
0.7579	1.0199	9.6358
0.8064	0.5503	9.4265
1.0887	0.1789	10.2550
0.7854	0.4917	9.5401
1.1569	1.2837	9.1070
0.7430	0.2782	9.5880
1.1904	0.5372	9.8380
0.5803	0.5994	9.6341
1.2682	1.0361	9.1477
0.7484	0.7202	9.7657
1.2173	0.3930	9.8045
1.0833	0.5444	10.1862
1.0738	0.8441	9.7507
0.8417	0.9338	9.4552
0.7830	0.0293	9.5306
1.1665	0.8399	9.6562
0.4630	0.6353	9.8099
1.0199	0.8447	9.1872
1.0086	0.6712	9.5013
0.9966	0.4893	9.4947
0.6293	0.5701	9.8129
0.9410	0.9470	9.1860
1.0217	0.8919	9.5617
1.2239	-0.0167	9.1818
0.7340	0.9727	9.6077
0.9787	0.7962	9.2021
1.1049	0.9805	9.3338
1.0271	0.2542	9.5347
0.8632	0.8596	9.4797
0.9410	0.6544	9.2404
1.1414	1.5852	9.2321
0.7125	0.3170	10.0797
1.2915	0.1801	9.8081
0.7370	0.9607	9.5437
0.8357	0.7214	9.3415
0.8818	0.3817	9.6089
1.0421	0.5127	9.7082
0.9571	0.8626	9.6759
0.8572	0.7184	9.5790
0.8465	0.9739	9.3912
1.0205	0.4792	9.7758
0.9697	0.9811	9.4689
0.8327	1.0504	9.4606
1.1444	0.6233	9.3840
1.1928	0.5174	9.8380
1.0409	0.9805	9.7262
0.8357	0.7914	9.7094
1.1162	0.7274	9.6065
0.9517	0.6461	9.7351
0.8800	0.2351	9.8650
0.8112	0.8417	9.5001
0.8411	0.8524	9.5617
0.9685	0.4714	9.5802
0.8829	0.3386	9.6699
1.0857	1.2861	9.2554
0.8088	0.9505	9.6364
1.0959	0.7938	9.2572
0.6526	0.9170	9.5383
1.3603	0.4678	9.5497
0.9470	0.8919	9.5700
1.0475	0.8453	9.6251
0.9308	0.4259	9.9499
1.0211	0.6305	9.6137
0.8429	0.8638	9.5036
1.0038	0.3446	9.7154
0.9470	0.7687	9.6293
0.9123	0.5366	9.4450
1.0516	0.7077	9.7417
0.7244	0.5838	9.4498
1.0780	0.6485	9.4971
0.7376	0.6652	9.3726
1.0768	1.1025	9.0550
0.6688	0.3541	9.7154
1.1210	0.5629	9.4283
0.8022	1.0110	9.6299
0.9733	0.5701	9.4564
1.0798	0.4343	9.7836
0.9230	0.9039	9.4343
1.1300	0.9164	9.5808
0.8231	0.3374	9.3930
1.1862	1.0792	9.3948
0.5731	0.5557	9.4510
0.9434	0.9218	9.0915
0.7190	0.8590	9.6915
1.3029	0.3852	10.0091
1.2891	0.4349	9.9984
0.6485	1.0008	9.5856
1.1922	0.6239	9.5868
0.7663	0.4588	9.7262
1.1856	0.7394	9.5479
0.5695	0.3523	9.4139
1.1091	1.1779	9.2458
0.7759	0.6317	9.4211
1.1318	0.3416	9.3367
0.8728	0.7519	9.8763
1.0827	1.0594	9.1292
1.0469	0.7561	9.4420
0.8770	0.4690	9.4624
1.0122	0.8812	9.7124
0.5785	0.4373	9.5844
1.0217	0.9697	8.9138
0.5779	0.0257	9.7190
1.1934	0.4158	9.3397
0.6903	1.1456	9.6466
0.8949	0.9009	9.4779
1.1892	0.4241	10.1030
1.0863	0.5653	9.6933
0.9565	1.1366	10.0061
1.0307	0.5462	9.8225
1.4064	1.1695	9.8512
0.9775	0.0185	9.8195
1.0235	0.6843	9.3200
0.5426	0.6867	9.4456
1.2203	0.6975	9.4971
0.9230	0.4857	9.8991
0.7513	0.9015	9.6029
0.9517	1.0151	9.3631
1.1551	0.6927	9.6897
1.0331	0.5761	9.8135
1.0157	0.1394	9.7435
0.9631	1.4159	9.1519
0.5856	0.6592	9.8333
1.0427	0.1484	9.7692
0.7813	0.6526	10.0833
0.7484	1.0612	9.7387
0.9105	0.6161	9.4307
1.2197	0.5198	9.8273
1.3143	0.6371	9.9014
1.1970	0.9200	10.0624
0.7352	1.1288	9.0478
1.1659	0.2189	9.4510
0.8357	0.6138	9.7160
0.7651	0.8393	9.6233
0.7860	0.6544	9.3535
0.8704	0.6431	9.7022
0.7986	0.5462	9.6442
0.5115	0.3894	9.8979
0.8142	1.0331	9.2177
1.0899	0.9332	9.6975
1.4130	0.1226	9.4133
0.8046	0.9715	9.8261
0.9882	0.8447	9.3571
1.4004	0.7866	9.5694
1.1503	0.3517	9.6107
1.1862	0.7208	9.8452
1.0929	0.9440	9.3942
1.3292	1.1246	9.5677
0.8596	0.0078	9.7603
0.9039	0.5773	9.6047
0.4750	0.8064	9.2111
0.9338	0.4008	9.2398
0.7699	0.3069	9.8560
0.7262	0.5468	9.5988
0.8351	1.0277	9.7076
0.6132	1.0654	9.7399
1.0307	0.4798	9.9828
1.0457	0.3709	9.5802
1.0277	1.5637	9.3948
0.8997	0.5234	9.3278
1.4315	0.5402	9.7453
0.9583	0.3200	9.5826
1.2120	1.2646	9.1052
0.7980	0.8124	9.6000
1.2167	0.0837	9.8183
0.8363	0.3499	9.7740
1.0756	1.3298	9.3738
0.5474	0.9344	9.1651
1.0002	0.2118	9.9026
0.5545	0.5354	10.1324
1.1665	0.7681	9.4678
0.7113	0.9727	9.4809
0.8997	0.1693	9.7483
0.9864	0.4307	10.1192
1.0564	0.9452	9.5515
0.7513	0.8471	9.6921
0.9828	-0.1041	9.7740
1.0654	0.7448	10.1210
0.9158	0.6831	9.1082
1.3765	0.9278	9.4498
0.8279	0.2106	9.4247
1.3310	0.4899	9.7166
0.8698	1.0110	9.1782
1.3256	1.0092	9.5407
0.7507	-0.0317	9.4737
1.0409	0.7011	9.5072
0.5892	0.9278	9.2925
0.9200	0.6161	9.7920
0.5432	0.5162	9.8045
0.7675	0.1777	9.8350
0.6891	1.3095	9.4337
0.6909	0.6676	9.4570
1.1336	0.5468	9.8201
1.1414	0.6479	9.5820
0.9535	1.2754	9.5539
1.0546	0.3470	9.5078
1.3202	0.8572	9.9164
0.9105	0.1615	9.8309
0.8716	1.2843	9.4331
0.5133	0.8644	9.2650
1.1886	0.2979	9.8727
0.7801	0.6443	9.1872
1.1294	1.4046	8.9736
0.8979	0.6102	9.2536
1.3902	0.6156	9.6442
0.7244	0.7023	9.7447
1.0941	1.5481	8.4723
0.6814	1.3178	8.9928
1.0038	0.2010	8.9467
0.8722	0.7789	9.0807
0.6419	0.8165	8.7314
1.0337	0.6742	8.9252
0.8255	0.0371	9.0000
0.8488	1.0151	9.9391
0.7107	0.6239	9.4241
1.0774	0.9607	10.0438
0.9284	0.1513	9.0795
1.4345	1.0780	9.6843
0.5581	0.5994	9.2853
1.5667	0.6520	10.2239
0.8548	0.1663	9.6335
0.8040	0.8453	9.7561
0.4660	0.5575	9.4552
0.9374	0.8644	9.8392
0.9996	0.3571	9.4253
1.4165	1.0624	9.1501
0.7125	1.0630	9.3367
1.1324	0.5115	9.6299
0.8136	0.7047	10.1336
1.1557	0.8381	9.1746
0.8506	0.8572	9.3852
1.0056	0.3811	9.1238
0.9595	0.7609	9.2775
0.7119	0.5952	9.1639
0.8171	0.7795	9.9164
0.6718	-0.2357	9.4929
1.1121	0.9912	9.7280
0.5611	0.6610	9.0311
1.4411	0.8746	9.9481
0.4223	0.1029	9.6131
1.1109	0.7304	9.8123
0.7454	0.9152	8.7595
1.1354	0.7747	9.5324
1.0732	0.0826	9.2811
1.0068	1.0433	9.4396
0.5037	1.3388	9.4157
1.2855	0.7729	9.4438
1.0301	0.5097	9.8081
1.2018	0.3266	9.2464
0.8488	1.3178	9.2333
1.0157	0.6951	9.5521
0.9009	0.7944	9.7166
0.8590	1.0421	9.0634
0.7125	0.8560	9.4289
1.2377	0.3685	9.0658
0.8770	1.1635	9.8458
0.8459	0.4092	9.5563
0.8016	1.0379	10.1700
0.9266	0.0221	9.1501
0.9332	1.2867	9.7561
0.2758	0.5121	9.2189
0.9009	0.7531	9.7471
0.9452	0.2656	9.4085
0.8764	1.1617	9.6975
0.7693	0.3948	9.2919
0.9858	0.9547	10.0283
0.5707	-0.0443	9.5886
0.9751	0.9924	9.8321
0.6425	0.6975	9.2518
1.3011	0.6969	9.9302
0.6688	0.3039	9.6293
1.2275	0.9757	9.5587
1.0385	0.7801	9.1184
1.1246	0.6933	9.7399
0.9057	0.3924	9.7405
1.1755	0.7998	9.3457
0.5432	0.9834	9.1663
1.1073	0.3589	9.1346
0.9882	0.9170	9.1728
1.3184	0.6772	9.5862
0.8375	0.7346	9.0041
1.0576	0.4845	9.3780
0.5731	1.0373	8.1320
1.4100	0.9685	9.0221
0.3811	1.0427	8.7122
1.1067	0.6945	9.0257
0.6825	1.1994	8.9066
1.5003	0.6341	9.1417
0.6562	1.1569	9.0454
0.8483	0.6000	9.1698
0.6353	1.1647	8.8480
1.0349	0.4804	9.5108
0.7119	0.7472	8.8325
1.3747	0.8171	8.8678
1.1252	1.1258	9.0191
1.1234	0.5767	9.2650
1.0857	1.2520	9.7752
0.6568	0.3643	9.3284
1.0534	0.9607	9.8141
0.6161	0.4911	10.0193
1.2377	0.7400	10.2484
0.6825	0.3344	9.0323
1.0325	0.8165	9.2913
0.9858	-0.0173	8.3551
1.0546	0.8524	9.4905
0.2489	-0.1376	9.4319
1.0977	1.2682	9.5910
0.7944	0.1567	9.2440
1.1689	0.8632	9.5413
0.6598	0.6060	9.2823
1.1743	0.6855	9.4707
1.0738	0.7801	9.2907
1.0989	0.8782	9.3702
0.7256	0.4732	9.3738
1.1737	0.6712	9.6089
0.7944	0.3200	9.5138
1.0122	1.0463	9.3056
0.5898	0.9960	9.3050
1.0618	0.5551	9.5234
1.1139	0.8823	9.3332
1.0660	1.1007	9.1722
0.8530	0.7460	9.4719
1.1360	0.8183	9.0855
0.9182	0.8118	9.2392
1.3113	0.7567	9.5001
0.7824	0.8309	9.2787
1.1318	0.4558	9.1938
0.4893	0.6233	9.3284
1.0600	0.2351	9.8494
1.0002	0.5294	9.1663
0.9350	0.8142	9.2249
1.0086	0.7651	9.0586
1.2790	0.6628	10.1826
0.5115	0.6389	8.9922
1.3759	1.5051	9.0556
0.7525	1.4267	9.1244
1.4273	0.2022	9.7238
0.4732	1.0343	9.4821
0.6401	0.6132	9.0107
0.8459	0.7819	9.4043
1.0050	0.4421	9.9236
0.8943	0.9595	9.8476
0.8459	0.9464	8.5238
1.0373	0.8728	9.1220
1.3932	0.2680	8.9778
0.9320	1.5727	8.9025
0.8770	0.6891	8.9222
1.1001	1.0947	9.1022
0.7011	0.1292	8.9736
0.8351	0.6233	9.6029
0.1717	0.3272	9.1232
0.8118	0.5904	9.5461
0.8034	0.6784	9.2805
1.1348	1.0181	8.9216
0.8704	0.5180	9.0035
1.1605	1.1623	9.2279
0.7041	0.6999	9.3577
1.3059	1.0648	9.9780
0.3906	0.1202	9.4331
1.0971	0.6580	9.6568
0.3123	0.4720	9.1531
1.0804	0.1729	10.0271
0.8650	-0.0006	9.9068
0.8315	1.2281	9.5593
0.9278	0.7035	9.1369
0.9206	0.7160	10.0187
0.8363	0.1137	9.7698
1.0582	1.2556	9.6107
0.8303	0.8572	9.1561
1.3298	0.7621	9.4480
0.9595	0.9858	9.7160
0.9087	0.9141	9.6604
1.1719	0.7807	9.4319
0.8183	0.4833	9.7579
0.5252	0.7902	9.1788
0.7484	1.0905	9.6562
0.5228	0.2835	9.8255
1.1695	0.6479	10.1467
0.5844	0.4977	9.7872
1.3807	0.4193	10.1575
0.7998	0.1196	9.4887
1.3250	0.7442	9.2087
0.5761	0.9487	9.1244
0.9386	0.3386	9.7722
0.9996	-0.1304	9.3906
0.8800	0.4163	9.3619
0.5557	0.6903	9.4163
1.2347	0.4026	9.7992
0.4570	0.8052	8.7996
0.7519	1.2006	9.1465
0.4331	0.9751	9.0388
0.6209	0.3589	10.1623
0.4140	0.6778	9.3080
1.0367	0.9254	9.4881
1.1234	0.5976	9.6424
1.2532	0.8488	9.8620
0.5180	1.0690	9.5030
1.5655	0.4020	9.9176
0.4522	-0.0311	9.4803
1.3214	0.4451	9.6765
0.6945	0.7340	9.6927
1.3029	0.8261	9.2775
0.8668	1.0792	9.6215
0.9541	0.5420	9.2273
0.7095	0.6383	9.3882
0.9769	0.5707	9.8051
0.3212	0.4498	9.4181
1.1468	0.7914	9.5048
0.6305	0.3164	9.3326
0.7675	1.1779	9.5395
-0.0682	0.1819	9.6161
1.0564	0.5509	9.5551
0.3266	0.5892	9.0945
1.2401	0.6215	8.7224
0.4917	0.6144	8.8564
1.0157	0.7789	8.7882
0.8794	1.1797	9.4241
1.2658	1.1557	8.8163
1.0965	0.2082	8.7774
1.0756	0.7370	9.1812
0.6825	0.4576	9.0879
1.0175	0.6251	9.1513
1.0116	0.1388	9.1501
1.1515	1.2748	8.3485
0.6508	1.4901	7.9531
0.7759	0.5689	8.5932
1.2796	0.1525	9.6029
1.1444	0.8608	9.1489
1.4112	0.8883	8.1661
0.8034	0.8046	8.2803
1.1121	0.7143	9.2039
0.9039	1.0301	9.4570
1.3908	0.7741	8.9563
1.4829	0.2680	8.8378
1.0020	0.4181	8.6829
0.5731	0.8154	8.9389
0.9948	0.1017	9.3948
1.0301	0.2877	9.0873
0.6078	1.1749	9.4019
0.7753	0.7807	9.6622
0.9661	-0.0670	10.2526
0.5474	0.9679	9.9786
0.7854	0.5803	9.9589
1.1773	0.2776	9.3212
0.9374	1.1545	9.1878
0.4367	0.9745	8.8402
0.9416	0.8189	9.2805
1.0229	-0.0550	9.5013
0.8369	-0.0981	8.9437
0.4804	0.5803	8.7074
0.8835	0.5282	9.1519
1.0863	0.4798	9.5306
0.9990	1.2640	9.2243
1.0696	1.2855	8.9300
1.3095	0.8800	9.5820
0.7017	0.7878	9.2345
1.0857	1.2018	9.6448
0.8291	0.5312	9.1435
1.2682	1.4955	9.2799
0.3188	0.4911	9.1573
0.6568	1.2718	9.3242
0.8243	0.3326	10.0211
0.9194	0.7041	9.9146
0.8847	0.3021	9.8099
1.0780	0.7460	9.5724
0.9212	0.5838	9.6837
0.8973	1.1055	9.5210
1.3789	0.3781	9.4378
0.6114	1.2108	9.5096
0.6467	0.1029	8.9479
0.6161	0.4822	9.9068
1.1115	0.0072	9.9104
1.2389	1.2102	8.6721
1.1180	0.6251	9.2039
0.8477	1.0810	8.6871
1.2120	0.6640	9.6155
1.0295	0.8937	9.1950
1.6989	0.8524	9.6598
0.8584	0.5282	9.3984
0.7143	0.8943	9.0341
0.6550	1.3537	9.3906
0.8518	0.0347	10.2065
1.1719	1.2897	9.9355
0.4965	1.1067	8.8366
1.0798	0.7968	9.5688
0.9828	0.0179	9.1357
1.2000	1.1509	9.4426
1.3011	1.2724	9.3188
0.8512	0.7083	9.2249
1.4895	0.6855	10.3674
0.6120	0.5659	9.5216
1.4752	0.3015	9.1106
0.6724	-0.1944	9.0089
0.7525	0.6185	8.6093
0.3619	1.1252	8.1469
1.0953	0.3410	9.0293
0.9236	0.5964	9.8566
0.7011	0.8285	9.2016
0.8590	0.8040	8.9772
1.2598	0.7759	9.1902
0.7507	1.4058	9.0705
1.2724	2.0429	8.9569
1.2323	0.8979	8.8277
1.1982	0.7687	9.8979
0.2931	0.7986	9.5324
0.9918	0.1998	9.5958
0.7974	-0.0712	8.9521
0.6837	1.0373	9.2129
1.0038	0.9984	8.1595
1.0947	0.6479	8.3790
1.5380	-0.0730	9.3876
1.0875	1.3244	8.9306
1.1797	0.5312	8.8869
1.6929	0.1645	9.6478
0.9954	0.4774	9.2745
1.1145	1.4829	9.0484
1.0265	0.1711	8.8366
0.9547	0.3846	9.3810
0.6628	0.8118	8.8642
0.4493	1.0110	9.9505
0.8488	-0.0562	9.6496
0.4570	1.0714	9.9188
0.6000	1.2808	9.6813
0.9535	0.9141	9.8476
1.1354	0.4140	10.3244
0.7322	1.2036	9.9320
0.9828	0.5091	9.4390
1.1569	-0.2016	9.1399
0.8506	0.6425	9.2871
0.8237	0.6873	8.7038
1.2945	0.5623	9.1447
0.8512	0.3194	9.0514
1.0187	1.0445	8.8935
0.7537	0.7454	8.7870
1.5248	0.2375	9.7118
0.6586	0.5515	9.5563
0.8524	1.6570	8.9228
0.7448	0.6209	9.1561
1.1761	0.7418	9.7220
0.7699	1.1707	9.0705
0.7430	1.3705	9.3571
1.2090	0.1155	9.1076
0.6012	0.9852	8.8594
0.4989	1.4106	7.8706
0.7310	1.4345	9.3583
1.3089	-0.0497	10.2406
0.7926	1.1150	9.2697
1.3561	0.4152	8.7834
1.2724	0.4983	8.7601
1.1462	0.0742	9.6089
0.5342	1.2030	9.7399
1.6122	-0.0849	9.8267
1.1450	0.3715	9.4366
0.8907	0.4534	9.0018
0.8022	0.7992	9.0023
1.3980	-0.0233	9.6209
0.8483	0.9685	9.3128
0.6353	2.0752	8.7918
0.6185	1.4584	9.1130
0.6754	0.4570	9.7704
0.4588	1.3334	9.8500
0.8626	1.2909	9.3009
1.0726	-0.1346	9.5042
0.9278	0.1777	9.3457
0.3230	1.3573	9.0311
1.1767	0.5623	9.2847
0.6897	0.1651	9.0939
1.6564	0.0730	8.8265
0.6526	0.8148	8.6811
1.5739	-0.2459	8.8953
0.3434	0.8997	9.4223
0.6275	1.2461	9.0191
0.9350	0.7735	9.1633
1.4297	0.1214	9.7316
0.7412	0.6353	9.1854
1.0235	1.8508	9.0801
1.3537	0.4122	9.3619
0.7280	1.5057	8.6865
0.1771	1.5033	7.8388
0.7466	1.1797	8.3629
1.4267	-0.5378	8.8755
0.7669	0.9667	8.0668
1.5577	0.8961	7.2012
1.4650	0.4253	7.5541
0.9954	0.7424	8.6596
0.9811	1.0821	8.5244
1.1246	-0.4732	9.6508
1.3603	-0.1460	9.2560
0.5952	0.7442	8.1409
0.9368	1.1222	8.2247
1.0253	0.1119	8.1918
1.2096	1.7055	8.5238
1.1456	1.8084	8.4012
1.0026	0.8847	9.5982
0.8704	0.0132	9.6993
0.2124	0.7101	8.6781
1.1156	0.2423	8.9892
0.6754	-0.2148	9.0119
0.6138	1.4159	7.6839
0.5665	1.5380	7.3663
1.1420	0.5743	8.0997
0.6060	0.5844	9.2010
0.9158	0.2847	8.6895
0.9164	0.2740	9.1836
1.1958	-0.5635	8.8313
0.3763	1.3280	8.8121
1.0792	0.9374	7.8795
1.0104	0.9224	8.4269
1.3035	1.0439	9.4522
0.1908	1.3107	8.5106
1.6086	0.5587	9.2219
0.8291	-0.1699	9.0173
0.9170	1.5954	8.0165
0.8243	1.2867	7.8688
1.2167	0.3087	8.0847
1.1707	0.6796	9.0095
0.7406	0.7884	7.7025
1.2042	0.2369	8.8815
0.6281	1.0708	9.4612
0.9775	1.4082	8.9461
0.9661	0.9511	8.4191
1.2353	0.3063	8.7625
0.9601	1.2335	8.7918
1.2933	0.6945	8.7391
1.0397	0.0766	10.4650
1.3119	-0.1178	9.8171
0.7932	1.5404	8.7038
1.3932	0.0652	8.5836
0.8405	1.3274	9.7346
0.6329	1.4094	9.7998
1.0146	0.8136	9.6400
1.0510	-0.0323	9.5533
0.7531	0.6347	8.5561
1.2030	1.2652	7.7653
0.5611	0.5575	8.7338
1.3537	0.5031	8.6841
0.7196	1.0816	9.0640
1.2760	0.4163	9.0556
0.7143	0.9027	9.4815
0.9924	1.1384	8.9808
0.8435	0.8901	9.3415
0.9948	0.0162	9.6753
0.6622	0.8423	8.8516
1.5523	0.6508	9.1692
0.4504	0.4804	8.6560
1.1557	0.8052	9.0921
0.9446	0.8261	9.3529
1.2999	0.3511	9.5060
0.3936	0.8949	9.2835
0.6802	1.0253	9.3344
1.1097	0.2824	10.5607
0.7992	0.0616	9.8679
0.5916	1.4883	7.9423
1.0636	1.6666	7.4524
0.6132	0.1340	7.3286
0.8046	1.3418	8.6656
1.1097	0.9637	8.8905
1.9268	0.4887	9.8333
0.8387	0.3852	9.3888
1.2622	1.2275	8.9282
1.4740	0.3051	9.2255
1.3424	0.3900	9.7268
0.6425	1.4034	9.1842
0.6724	1.7300	9.0939
1.1761	-0.2052	9.2602
0.6126	0.8818	10.3998
1.0409	0.9470	8.8899
1.3316	-0.2225	9.3774
1.1061	0.0808	8.0285
-0.0538	1.5368	7.6965
0.8662	0.8680	7.2095
0.9757	-0.3410	7.9094
0.9619	0.6993	7.9944
0.9936	1.2760	7.9041
1.4267	0.0885	8.6973
0.6167	1.2652	8.6530
1.1838	0.7131	7.0767
1.1204	0.2500	8.9234
1.1497	0.3218	9.2775
-0.2477	1.1569	8.9001
0.9141	0.8483	8.7421
0.6048	0.3272	9.0699
1.0977	1.5535	8.3300
0.1753	1.7713	7.0181
1.4207	0.1262	7.2616
0.7723	0.2740	9.1136
0.4606	0.3840	8.3288
0.4768	0.5743	8.4598
1.3340	-0.0903	8.2911
0.6078	1.6708	8.2911
1.0451	1.4447	7.7324
1.1145	0.7783	9.0640
1.2933	0.2680	9.7860
1.0409	1.4806	8.2241
1.3184	0.5653	8.2701
1.0516	-0.1220	8.0829
1.0851	1.0660	7.2777
0.8548	0.7113	7.5272
1.1252	0.4223	7.9519
1.1683	0.7705	8.4293
0.6640	1.5846	7.6935
1.0247	0.4534	8.6147
0.6514	0.4086	9.0688
0.4989	0.2285	9.1818
0.9840	0.9619	9.0430
1.1689	-0.1938	8.5316
0.8082	1.5338	8.0255
0.7603	0.3595	8.6398
1.0810	0.0975	9.4809
1.2742	-0.0054	10.1910
0.5874	1.4345	9.0347
1.0546	0.7316	8.8145
0.7406	0.3625	9.2656
0.9577	0.6574	10.0444
1.1210	0.9416	8.7224
1.2144	0.1723	9.3493
0.7765	1.0839	8.9377
0.6538	0.9876	8.4149
1.4740	0.5198	9.0556
0.5210	0.5970	9.4235
0.5994	1.9059	9.4402
0.7621	0.7232	9.1980
1.0451	-0.1513	8.7457
0.5826	0.9218	9.1214
1.4518	0.4642	8.1643
1.2520	0.6126	9.4510
1.3848	0.9739	9.5144
1.0941	1.3178	9.6813
1.8185	0.2518	9.5533
0.9721	0.3727	9.1495
1.0295	1.0068	8.9844
0.3978	0.4277	9.1310
1.1916	-0.0018	10.1730
0.7172	0.8806	9.4390
1.0301	1.6792	8.7978
0.9087	0.6473	8.2199
0.7621	0.6616	9.4791
0.8800	0.7687	9.8153
0.8100	0.4564	9.1944
1.0720	0.4588	9.1088
0.5569	1.2287	8.2402
1.1832	0.8913	8.7882
1.3137	0.6060	8.8187
0.9936	0.6556	8.4089
0.7789	2.0441	8.4287
0.6437	-0.3715	8.1427
0.7956	0.3416	8.7505
1.0223	0.2991	8.9760
1.1551	1.0486	8.3102
0.7131	0.6694	8.6183
1.0630	1.3400	7.7898
1.1300	0.8889	9.4139
1.1085	0.4989	9.9744
0.8339	0.7310	9.5922
1.0325	1.4261	9.7160
1.0708	-0.0281	9.2979
1.1844	-0.3547	9.6975
0.4786	0.9811	8.2253
1.1515	1.4847	7.9130
-0.3021	0.5952	8.4622
0.9679	1.1192	9.0018
1.0193	0.9607	9.5473
1.9729	0.1597	9.1058
0.6263	0.7292	8.2229
1.2670	1.0905	8.3072
1.0827	0.2865	9.0676
1.2688	-0.4349	10.0743
0.2046	1.0792	8.6398
1.3914	0.9691	8.3120
0.8112	0.2387	8.1487
1.2508	0.9894	8.4915
0.8435	1.0516	7.5421
1.4734	0.5480	8.7655
0.1280	0.6688	8.8008
0.4786	1.4453	9.0119
0.9643	0.4582	9.5144
1.1892	-0.1771	9.8446
0.9535	1.0492	8.8283
0.8638	1.4369	8.8618
0.8261	0.2309	9.4534
0.4229	0.5988	10.1072
0.5503	0.7555	10.0169
0.6802	0.7531	9.1322
0.3320	0.7298	9.0065
0.7567	1.4704	8.9413
1.3998	0.2040	9.7298
1.0134	0.0640	9.4325
1.0959	0.5252	9.2638
0.7615	1.8742	8.8085
1.5230	0.5456	9.3200
0.9057	0.7717	8.9724
1.2114	0.6987	8.7134
1.1139	1.0337	9.2171
0.3482	0.0622	9.0466
0.5647	1.2012	8.9766
0.7334	0.8279	9.2745
1.6522	0.0574	9.4432
1.0355	0.6784	8.8450
1.2371	1.4740	8.7080
1.1420	0.7501	9.0035
0.9482	0.3613	10.3262
1.2718	0.8500	10.1688
0.7902	1.0169	9.8267
1.1593	0.1968	9.4420
0.9679	1.0319	10.3387
0.9416	0.3894	9.6442
1.1946	-0.4756	9.5096
0.7681	-0.2764	9.3936
0.4265	1.3412	8.6039
0.9487	1.0696	8.7415
0.7095	0.1693	9.7513
1.4070	0.7585	8.9982
1.1354	1.4255	8.4454
1.4931	0.4056	8.5250
0.7346	1.0504	9.3858
0.7202	0.5276	9.0933
0.9799	0.6353	9.0610
0.5910	-0.2237	9.7609
0.7687	1.3466	8.9850
0.8614	1.0786	9.3326
0.6311	0.4457	9.4259
0.7232	0.3679	9.4869
0.5288	0.6760	9.1710
1.5308	0.8937	8.4963
0.9105	0.7693	8.5710
0.8279	1.5398	8.6033
0.9948	0.8040	8.9683
1.3448	-0.0090	9.7489
1.0349	0.7424	9.6394
0.7693	1.4094	9.4540
1.0911	0.3625	9.7148
0.4935	0.8590	10.0833
1.0163	0.3793	9.5748
1.2126	0.5515	9.4079
1.1946	0.0473	9.2470
0.3547	1.4219	9.0891
1.1198	0.9876	9.7310
1.2921	0.2058	10.0348
1.2365	0.5976	9.9200
1.3226	1.5158	9.6807
1.2993	0.5085	9.4528
0.7525	0.9254	10.2993
0.8435	1.0481	9.1322
1.2197	0.6772	9.2099
1.4189	0.0939	9.9260
0.7531	1.0283	9.1232
1.1294	0.7184	9.4283
0.4481	0.3188	9.0777
0.9182	0.2572	9.8626
0.5785	1.1192	9.2273
1.5314	0.4397	9.5437
0.7501	0.9978	9.0424
1.0648	1.0851	8.3276
0.7472	0.5850	9.5096
0.9123	0.1807	9.3768
0.4953	1.0606	9.7076
0.9858	0.9709	9.0855
0.5850	0.2506	8.7894
0.8369	0.6102	9.2476
0.9858	1.0786	9.2715
1.9131	0.4295	9.2697
1.2395	0.9613	9.3236
0.5785	1.5320	8.9683
1.1085	0.6706	9.6741
0.8195	0.2506	9.7531
0.8040	0.4606	9.1531
1.0283	1.0893	8.6973
0.4774	-0.2835	8.7511
0.6891	1.2054	9.4265
0.9936	1.0684	9.4187
1.6307	0.4122	9.9696
1.0379	0.8016	9.5730
0.9960	1.6516	8.9886
1.0528	0.6024	9.3559
0.7214	0.2028	10.1647
0.9888	0.3667	9.7226
1.0827	0.4762	9.7824
1.2132	-0.4833	9.2147
0.7962	1.2102	8.5489
0.8680	0.6694	8.4412
0.5216	0.4331	8.5579
0.8572	0.6257	9.1286
0.5587	1.1904	9.3350
1.5158	1.1509	9.2871
0.7513	0.8016	9.3673
0.8776	1.1940	8.9013
1.1910	0.3266	9.8410
0.9368	0.0700	8.8349
0.2608	0.6867	8.5363
0.6927	1.7485	8.2061
0.7035	0.1735	8.6386
0.9697	1.4393	8.9760
1.2221	1.0385	9.2225
1.6433	0.4337	9.3236
1.3244	0.0449	9.6376
0.7699	1.2233	9.3511
1.1037	0.1920	9.1663
0.7944	0.3805	8.9318
1.0445	0.4822	8.3246
0.8231	0.8237	8.9605
1.3077	0.2578	8.9467
0.5294	1.2341	8.4024
1.1868	0.9392	8.7918
0.7501	0.5306	8.7038
0.8465	0.9051	8.8319
0.8500	0.9087	8.7954
1.5278	0.3087	9.5144
0.4594	0.0826	9.0305
0.5378	0.9296	8.8576
0.8548	0.0006	9.8177
0.8118	0.0437	8.9443
0.7753	1.0678	8.9270
1.0331	1.9340	8.8175
0.5659	0.2022	8.9078
1.1246	1.4889	9.1447
0.6718	0.9805	9.4277
1.3633	0.2566	9.2913
0.8369	0.2046	8.8875
0.6867	0.7244	7.8825
0.9828	0.4600	9.1429
0.7035	0.3972	8.9742
1.2144	0.7364	8.5950
0.7274	1.0630	9.1788
1.1318	0.4080	8.6022
1.0086	1.3950	8.2307
1.1934	1.4171	8.1445
0.9631	0.5886	8.5058
0.9834	0.9942	9.4372
0.7274	0.6963	8.9054
1.2443	0.5210	9.8542
0.7244	0.4427	9.0287
0.7962	0.6873	8.9683
0.7860	-0.2393	9.1052
0.9434	-0.1376	9.2680
0.7202	0.7340	8.3808
1.1115	1.1133	8.8552
1.3154	0.4391	8.5471
0.8171	1.4267	7.8065
1.0319	1.4088	7.6731
1.0911	0.4708	9.2931
1.1480	0.2447	9.5808
0.6251	1.0564	8.7912
1.1228	0.6251	9.1561
0.9176	0.2907	8.8935
0.5809	1.1856	8.9467
1.0708	0.5683	8.6081
0.9912	0.7382	8.9748
0.7830	0.6054	8.7152
0.4600	0.9170	8.7577
1.1354	0.3733	9.4097
0.6173	1.2945	8.5848
1.4465	0.8207	8.1714
1.2796	0.5468	8.7858
1.4973	0.5563	9.2027
1.0786	0.7848	8.9114
1.6738	0.5677	9.5102
0.5575	0.5121	9.3990
0.5952	0.5037	8.9377
1.2425	0.2195	9.8949
0.9003	0.6496	9.4857
0.4080	0.5617	9.5419
0.8345	0.8112	9.3846
0.6616	0.6963	9.3684
0.1035	1.2144	7.8161
1.1049	0.7902	7.2048
1.3615	0.1627	7.5744
1.0672	0.4606	7.3776
1.1240	0.8297	7.0289
1.5547	0.4032	8.7559
0.5139	0.3924	8.9365
0.8345	0.6694	9.2865
1.3848	0.2106	9.5228
0.9428	0.7501	9.5318
0.7801	0.8614	8.9252
1.3818	0.8728	9.2883
1.2939	1.0552	9.1740
0.8171	1.4423	8.5202
1.7581	0.4941	8.6045
0.9416	1.0146	9.5647
0.5438	1.1898	8.8809
1.0325	0.5438	9.6400
0.8177	-0.0837	10.0121
0.1519	0.8183	9.6209
0.9410	0.6120	8.6769
0.6502	-0.1705	9.7525
-0.1914	1.0104	9.5503
0.9583	0.8871	9.0161
0.5928	0.6526	9.4941
1.2455	1.0181	7.9387
0.3751	1.5164	8.1003
2.0632	0.7579	7.3764
1.1934	1.1563	8.3964
0.8554	0.7866	7.8203
1.2167	0.9763	9.1531
1.3513	0.8076	9.6388
0.2536	0.9661	10.1198
1.2945	0.3093	9.1011
1.4650	0.1478	9.5653
0.6927	0.6891	8.6620
1.0768	0.6688	8.4293
1.1204	-0.3625	9.1818
0.2668	0.6622	8.3563
1.2078	0.6987	8.7948
0.8357	-0.3470	8.8971
0.7968	0.8429	8.8235
0.8315	1.1665	8.2582
1.1797	0.5749	7.9429
1.0253	1.2054	7.7569
0.6837	1.3071	7.9549
1.4165	1.2939	8.9599
1.3549	0.7310	9.7310
0.1059	1.4554	8.7254
1.3029	0.5892	7.5840
0.9045	0.4361	8.4837
0.3840	0.5360	8.2426
0.4678	0.3075	8.2953
1.5152	0.1860	8.9138
0.0419	1.2221	9.3266
1.3166	0.7298	7.9681
0.7531	0.2447	8.6835
0.9350	1.0540	8.3413
1.0618	0.9517	8.3695
1.7575	0.2704	9.1974
1.2592	0.7208	9.2745
1.2000	1.2197	8.8253
1.3974	0.2357	9.0717
1.0098	1.1186	9.5036
0.1232	0.8788	9.3684
0.7932	0.5192	9.3798
0.6945	0.2943	9.5222
0.0526	1.0427	9.7268
1.3083	0.7262	7.8263
0.8979	0.4337	8.1439
1.1737	0.6054	7.4207
1.0965	0.9739	7.6414
1.6857	0.5503	8.4891
0.9362	0.7460	8.9288
0.9625	0.8004	8.4987
1.6995	0.5019	9.1968
1.2066	0.8985	9.5264
1.0678	0.4911	9.2554
1.2808	0.5097	8.8947
0.8883	0.2261	9.4809
0.6084	0.8028	9.1687
1.0738	0.4469	8.9563
0.9350	0.2620	8.6727
0.4044	0.5695	7.8233
0.6670	1.3101	6.7280
0.9087	1.0684	6.9924
0.4475	0.9822	7.2981
0.7304	1.8514	7.3453
1.2999	0.7932	8.9742
0.9966	0.8201	9.0580
0.8399	0.9505	8.8522
1.2873	0.9344	8.9832
1.2042	0.2536	9.5479
0.5240	0.7376	9.3415
0.8423	0.5073	9.2997
0.8991	0.1860	9.4893
0.8040	0.5162	9.1082
1.1761	1.0469	8.8725
1.1617	0.4498	8.9222
1.1420	0.3386	8.9192
1.2718	0.8602	8.4939
1.0780	0.6365	9.0012
0.9404	0.3416	9.3846
0.9410	0.5426	9.0646
0.9440	0.7166	8.5878
0.8004	-0.0383	8.6153
0.5611	1.1850	8.6189
0.8339	0.5324	8.7673
0.7466	0.5904	9.1986
1.0684	0.2572	9.1854
0.6341	1.3472	8.5758
1.3633	0.7155	9.2374
1.1270	0.7711	9.9535
0.5994	0.3643	8.6392
1.3077	-0.0185	9.1848
0.9936	0.4325	9.1980
0.5821	1.0128	8.5088
1.1103	0.7609	7.6115
0.8710	0.0461	8.6901
0.7561	0.8584	7.6893
1.2568	1.1916	7.3322
1.4130	0.7842	8.0955
1.0816	0.7029	8.7326
0.8524	1.6157	8.4789
1.3974	0.4223	9.0006
0.9458	0.7352	9.5258
0.5749	0.7729	9.2255
0.7693	0.6132	9.0341
0.7107	-0.1298	9.2333
-0.1681	1.3107	9.0143
0.7974	0.6748	7.5391
0.6227	0.9182	8.0458
1.1067	0.8441	7.5140
0.7651	1.4183	7.8245
1.8401	0.7842	8.2121
1.2772	0.4750	8.7720
1.0588	0.8022	8.4771
1.1527	0.9757	8.8163
1.0355	-0.2183	9.1710
0.7436	0.6975	8.4550
1.0301	1.2084	8.1242
1.2096	0.5533	9.0023
1.1832	1.3166	10.0827
0.6646	1.5141	9.3852
1.1940	0.5450	8.8648
0.9775	0.3416	8.6416
0.6467	1.5254	7.8646
1.1994	1.4656	8.1320
1.0941	0.0658	8.4101
1.0391	1.3232	7.8526
0.8363	1.0744	7.6026
1.4243	0.0951	7.8371
1.2431	0.3852	8.2289
0.6126	1.3777	7.5362
1.5200	0.3182	8.9958
0.9924	0.6431	8.9102
0.5844	0.8596	9.1926
1.2443	0.7466	8.5513
0.9021	-0.3775	9.6012
0.9727	1.0732	9.2763
1.1982	1.5326	8.8037
1.2269	0.8483	8.1565
0.9051	0.5850	8.4801
1.2006	0.9733	7.8831
0.6263	0.5115	8.4137
0.6132	0.1352	8.5974
0.2782	1.2275	8.9096
1.3370	1.0534	9.3463
0.9188	0.1454	9.1663
1.3962	0.5103	9.5371
0.8740	2.0040	8.6045
1.1378	0.3332	9.4019
0.5755	0.6209	10.1539
1.0193	0.8955	9.2165
0.7675	0.4469	9.2440
1.1934	-0.1687	9.0335
0.5402	1.5571	9.6508
0.7388	1.0684	8.9377
0.8345	0.3147	9.1334
0.8375	0.6963	9.1537
0.2752	1.4506	8.8917
1.6911	-0.0790	9.1513
0.7202	0.5988	9.3870
0.8985	0.7131	8.6536
0.9972	0.6843	8.8684
1.6074	0.6371	9.2967
0.9476	1.1599	9.7322
1.4381	1.4465	9.2596
0.8459	0.4804	9.8297
0.7956	0.4301	9.6885
0.7430	0.8010	9.8350
0.7023	0.7454	8.7385
0.6646	0.0502	9.8943
0.8800	1.8754	9.3972
0.8483	1.1306	10.0247
1.4770	0.7095	10.2987
1.3454	0.8076	9.4791
0.6514	1.1916	7.8502
0.7298	0.2465	8.4317
0.7388	0.0000	8.8049
0.2010	0.6640	8.7140
1.0606	0.0670	8.4981
1.0451	-0.0592	9.4893
0.5115	0.9691	9.3774
0.9135	0.8901	9.2470
1.6971	0.6496	8.6925
1.2359	0.2052	9.2883
1.0253	0.8812	8.4915
1.5158	0.7525	9.1489
1.0510	-0.2339	9.0257
0.7316	0.7932	8.7846
1.0995	0.6203	8.9928
0.5725	0.2578	9.2847
0.6347	0.1872	9.2105
0.2853	1.4584	9.2578
0.5480	0.1519	9.5712
1.0199	-0.0281	9.8339
1.2825	1.2843	9.6233
1.0564	1.2138	9.5832
1.2042	0.4839	9.3200
0.6730	1.5625	9.5042
0.7920	1.2090	9.7298
1.1228	0.5791	9.2739
1.4602	0.5145	10.1108
0.8943	1.1079	9.3571
1.4100	0.1723	9.5970
1.0343	0.1609	9.2632
0.4726	0.6927	8.5082
0.8459	0.5773	8.8247
0.8650	0.8393	9.0329
0.6341	1.6319	8.9844
1.1659	1.5027	9.2632
1.5344	0.9368	9.6269
1.0971	0.9470	9.3068
1.3280	1.6833	8.6111
1.1216	1.1300	9.3565
0.8973	0.7160	9.7926
0.8494	0.9147	9.4725
0.3823	0.9254	9.6538
0.7585	0.5964	9.5407
0.6096	0.6245	9.5677
0.8536	1.1103	8.8325
0.8949	0.1256	9.9954
1.3531	-0.3781	10.2664
0.8668	0.6281	9.5569
1.0313	0.5821	8.7044
1.0642	-0.2925	9.6460
0.9499	0.5838	9.6233
1.0265	0.5767	9.2530
2.0255	0.1101	9.9475
0.5904	0.2865	9.8548
0.9464	0.8758	8.8600
0.8225	0.6622	9.8638
0.7573	-0.1077	9.7645
0.2788	1.1156	8.8217
1.1581	1.1820	8.8205
0.4672	0.7119	8.3802
0.9733	0.8423	8.7391
0.9458	1.6229	8.4550
1.1509	0.9194	9.3577
0.7023	0.1920	8.6506
0.5587	1.3938	9.1178
0.3511	0.6550	8.8115
0.6999	-0.0598	9.5288
0.9972	0.7232	9.2602
0.7836	1.1240	8.7984
1.3071	-0.0449	9.6430
0.9541	0.3123	9.7208
0.8291	0.7155	9.3690
1.1426	0.4786	8.9796
0.4869	0.7567	8.7738
1.0798	1.3268	8.7631
0.5647	1.3202	9.4905
1.7964	0.7424	9.7244
0.2812	0.6335	10.0977
0.9553	0.8740	9.5509
0.2483	0.8136	9.4103
0.8536	0.0209	9.8973
0.3793	0.9954	9.5659
0.9787	1.1043	8.9946
1.0899	-0.2201	9.8344
1.3908	0.6520	10.6091
0.8680	0.7771	9.6346
1.0989	0.4774	8.9306
0.9906	0.2620	9.3714
1.0492	0.7609	9.3188
0.6586	0.8070	9.0113
1.1910	0.0461	9.5312
0.1914	0.3045	9.2554
1.0833	0.2806	9.1704
0.7878	0.7460	9.8506
0.9685	-0.0024	9.8207
0.9446	1.2969	9.3248
0.8746	1.8167	8.9760
0.9864	0.2459	9.8823
1.2054	-0.0108	10.5409
0.5791	0.8554	9.4109
1.0002	0.6646	9.2566
0.6861	0.5701	9.7860
0.7807	0.8165	9.8344
0.5055	0.5097	10.0007
1.4070	0.0395	9.8321
0.2189	0.3643	9.5126
0.7813	0.5599	8.4059
0.9242	0.9864	8.8989
1.3214	0.3081	8.8827
1.3645	0.9015	8.6703
1.1581	1.5206	8.6207
1.4339	0.7735	8.7888
0.9278	0.4738	9.3314
0.8997	1.2490	8.5232
0.7125	0.7178	8.8995
0.8752	0.4827	8.8079
0.7747	1.0989	9.7722
0.5605	1.3675	9.0155
1.0134	0.3505	10.0444
0.5354	0.1854	9.2213
0.5910	0.6281	9.3882
0.9218	0.8506	9.3433
0.8548	0.7878	9.1280
1.0786	0.9350	9.1561
1.0361	0.9757	9.2345
0.8997	0.5174	8.8360
0.8500	0.3075	9.4845
1.0098	1.2730	9.1363
1.0020	0.1729	9.6622
1.3968	-0.7824	9.3655
0.8333	0.4564	9.6185
0.9966	0.7041	8.8378
0.7585	0.5151	9.4713
1.0816	0.6479	9.3661
0.9446	1.0163	9.3499
1.5440	1.5852	9.0771
0.9338	0.8076	9.2721
0.9852	1.0690	8.6895
0.7101	1.6337	8.7529
0.6664	1.0702	8.6201
1.0199	0.3733	9.5264
0.4409	1.3872	9.0233
0.3870	1.0032	8.9748
0.7268	0.5659	8.5298
1.1964	0.2052	8.2301
0.8064	0.8405	8.4083
1.4644	0.4648	8.9054
0.8363	0.4421	9.1214
1.5679	0.1621	9.5880
1.1216	0.6221	9.4570
1.1533	0.9517	9.0532
1.2018	0.3990	9.4893
1.2610	0.7172	10.0707
0.5862	0.7735	9.3254
1.0259	0.9559	8.7403
0.9458	0.7795	9.1244
0.4869	0.4259	9.1435
0.8823	0.6365	9.3702
0.8459	0.9147	9.5246
0.9308	0.3206	9.4869
0.7968	0.2411	9.5772
0.9822	1.2030	9.5306
1.0750	0.3799	9.3116
1.4919	0.5785	9.5904
1.1982	0.8004	9.4678
1.1432	1.5781	9.0622
0.8201	0.1005	9.6801
0.9320	0.7029	9.5635
0.8321	0.7023	9.3774
0.6921	0.7394	9.5593
0.8189	0.4905	9.2967
0.5240	0.2183	9.4085
0.9661	0.4379	9.6269
0.6395	0.5127	9.6017
1.3119	0.6329	9.1764
1.0301	0.3206	9.5928
1.1312	1.1001	9.3080
1.1683	0.4851	9.7537
0.8734	0.5605	9.7381
1.2060	0.3135	9.9128
1.0163	0.7400	9.5515
1.4506	0.8207	9.3475
0.6443	0.2877	9.3140
0.9547	1.0199	9.0909
0.9206	0.6215	10.2077
0.5593	1.0702	10.0061
0.8656	0.3595	9.7818
0.8471	0.8225	9.6544
1.1468	1.0421	9.3409
0.6772	0.1310	9.8530
1.3567	0.9416	9.7040
0.6161	0.3697	9.8321
1.0833	0.5898	9.5940
1.3842	0.6562	9.6699
0.8710	0.3003	9.9080
1.1874	0.4810	9.2841
1.2048	0.6269	9.9451
1.0397	0.7872	9.6939
0.9960	0.3876	9.8021
1.4064	0.5862	10.0755
0.9948	0.3685	9.8398
0.7591	0.6090	9.6670
1.1671	0.9535	9.8727
0.4995	0.3404	9.9678
0.8698	0.4445	9.6263
1.0349	0.7908	10.1688
0.6000	0.5671	9.5760
0.8530	0.9350	9.3457
1.2646	0.2728	9.9361
0.9332	0.4726	9.1136
1.0110	0.5474	9.6209
0.9607	0.7711	10.0061
0.9458	0.5109	9.2632
0.9960	0.4283	9.4809
1.1127	0.5725	9.1501
0.8853	0.7705	9.4977
1.1850	1.2149	8.9922
0.8189	0.4020	8.7559
0.7035	0.6161	8.7439
0.9691	1.0289	8.2462
0.5976	0.7759	8.4801
0.6873	0.7657	8.4191
0.8632	0.8961	8.4729
0.7166	0.7119	8.6769
0.7639	1.0343	9.5318
1.0684	0.8877	8.9826
1.0481	0.2303	9.6436
1.1121	0.4038	9.8608
0.9254	0.3398	9.5557
0.9840	0.6873	8.9868
1.0140	0.6221	9.1118
0.8423	0.2231	9.3152
0.9147	0.6975	8.7930
0.7944	0.5127	8.7924
0.7639	1.0421	8.8121
1.0361	0.9176	8.2719
0.8812	0.6730	8.9072
0.9571	0.8530	9.4929
1.0905	1.2927	8.6967
0.9948	0.7172	9.1160
1.1426	0.2955	9.9876
0.7878	0.6449	9.1860
1.1121	0.4786	9.2033
0.9158	0.7334	9.5030
0.8800	0.6066	8.9593
1.0301	1.0223	9.0592
0.6921	0.2632	8.8827
1.0971	0.7316	9.4360
0.8668	1.0098	9.3535
0.7980	0.9051	8.7864
1.0750	0.7232	9.8494
0.8483	0.4122	9.2117
0.8704	0.4367	9.0795
1.1581	0.5934	9.2817
0.9631	0.6814	8.8187
0.9404	1.1162	9.0358
1.1300	0.6335	9.4492
1.0630	0.6508	9.4085
0.6646	0.8052	9.5551
0.9446	0.9063	9.1836
0.7842	0.7077	9.6335
0.9278	0.6993	9.1980
1.0092	0.8441	9.5150
0.5186	0.5653	9.4468
1.0026	1.0672	9.0921
0.5378	0.6820	9.2105
1.1186	0.4510	9.3708
0.9051	0.2267	10.2412
1.0056	0.4654	9.2895
1.0056	0.6879	9.5892
0.9619	0.5838	9.4552
1.2556	1.2461	9.1537
0.9817	0.7466	9.0819
1.1330	0.5587	9.3433
1.2455	0.3781	10.0701
0.9374	0.5803	9.7160
0.6628	0.8806	9.7477
0.5139	0.3200	9.7022
0.8136	0.7292	9.7447
0.4110	0.5318	8.9473
0.8285	0.6694	8.9449
1.0289	0.6030	9.3864
0.6467	0.8608	9.2267
1.0630	1.0522	9.7507
1.0486	0.2004	9.7663
1.3783	1.1426	9.3182
0.7113	0.7376	9.4516
0.8614	0.8219	9.0873
1.0056	0.6012	9.4319
0.9254	0.5390	9.1340
0.6754	1.0983	9.3152
0.9302	0.3721	9.9936
1.0110	0.6957	10.2490
0.3141	0.7908	9.5970
0.9069	0.5713	9.5060
1.0732	0.7125	9.5760
0.8578	0.8518	9.4923
0.9978	1.0923	9.4534
0.8351	0.7029	9.9367
1.2401	0.3966	9.4313
0.6694	0.7495	9.3822
0.9918	0.6724	9.4079
1.2664	0.3009	9.7465
0.9338	0.5139	10.2711
1.0481	0.7382	9.5491
1.0600	0.5527	9.6676
1.2508	0.0987	9.1543
1.0941	0.8333	9.3110
0.6772	0.8566	9.2069
1.0486	0.8453	9.5216
0.7196	0.4032	9.2219
0.9715	0.9643	9.5054
0.8518	0.9817	9.4277
0.8590	0.1681	10.1844
0.8381	0.3924	9.4564
0.5665	0.9942	9.6849
0.9344	0.7442	9.6460
0.8889	0.4768	9.8733
0.9332	0.5186	9.5694
1.0875	0.9858	9.4229
0.8829	0.7256	9.6448
1.3783	0.3918	9.7686
1.0098	0.6760	9.8907
1.1264	0.6772	9.6143
1.1420	0.6843	9.6681
0.8883	0.4457	9.6095
0.9541	0.5659	9.6933
0.8058	0.9302	9.7124
0.9105	0.5360	9.6975
1.0157	0.5982	9.7274
0.7268	0.6323	9.7417
1.0140	0.9482	9.5802
0.9595	0.8219	9.8656
0.9739	0.3595	9.8536
0.9864	0.6197	9.6329
0.8620	1.0463	9.5850
1.3418	0.6455	9.7423
1.0486	0.4636	9.6161
0.7382	0.4510	9.8081
1.2018	0.6556	9.5665
0.6855	0.7621	9.6107
1.0977	0.2602	9.6981
0.9320	0.7932	9.6000
1.0253	0.6138	9.5210
0.8985	0.7872	9.4289
1.0080	0.7214	9.6012
0.9386	0.4702	9.6999
0.8662	0.7418	9.7280
0.7250	0.9697	9.4785
1.0810	0.5061	9.5635
0.8740	0.5139	9.6358
0.7741	0.6251	9.6239
0.9392	0.9009	9.5587
0.8225	0.8046	9.6352
1.0146	0.1274	9.7208
1.0839	0.5575	9.5545
0.9811	0.8937	9.5312
1.0475	0.7172	9.4809
1.0050	0.7424	9.5868
0.8195	0.2997	9.6729
1.0630	0.6233	9.5653
0.8471	0.9589	9.7609
0.7932	0.4965	9.4337
1.1354	0.6221	9.7094
0.7519	0.5348	9.7459
0.8195	0.6778	9.6185
0.7872	1.0576	9.6532
0.7986	0.4959	9.4289
1.1677	0.3966	9.7016
0.9942	0.7579	9.6161
0.8441	0.7848	9.4205
1.0851	0.8578	9.5485
0.9015	0.6215	9.4857
1.0475	0.3338	9.7214
0.9063	0.7466	9.5976
0.7860	0.9775	9.4235
0.9529	0.5061	9.5784
0.9649	0.6736	9.5784
0.9476	0.4469	9.6352
0.9458	0.8369	9.6017
0.8064	0.9661	9.4002
0.6449	0.7549	9.5001
0.9320	0.5360	9.5222
0.9942	0.6622	9.6616
0.9099	0.7454	9.6323
0.9954	0.9733	9.5395
0.7669	0.8512	9.5198
1.0875	0.1980	9.6257
1.0199	0.4552	9.5090
0.9649	0.7059	9.5605
0.9458	0.6556	9.6562
0.9194	0.7376	9.3798
0.8925	0.5539	9.5126
1.0092	0.4427	9.6616
0.9087	0.7765	9.5216
0.7089	0.8435	9.6711
0.8788	0.6814	9.4989
0.9230	0.7226	9.6047
0.8973	0.5545	9.6789
0.9673	0.6831	9.6729
1.0038	0.8435	9.5862
0.7932	0.7400	9.5934
0.9942	0.5635	9.4815
0.9320	0.6215	9.5126
1.0157	0.5701	9.5228
1.0702	0.6927	9.5730
0.9308	0.8871	9.5252
0.8393	0.4570	9.5330
0.8465	0.7238	9.5234
0.8465	0.7561	9.5258
0.9757	0.5892	9.5599
0.8758	0.6479	9.7992
0.9769	0.6987	9.5126
0.8877	0.6676	9.5647
0.7436	0.6305	9.6430
0.9984	0.7860	9.5898
0.9117	0.7137	9.6364
1.0080	0.6843	9.6370
1.0151	0.5246	9.4588
0.8847	0.6987	9.5042
0.9613	0.6903	9.5838
0.9051	0.4720	9.6502
0.9888	0.6682	9.6311
0.9523	0.6544	9.6203
0.9559	0.7184	9.5539
0.9152	0.6790	9.5928
0.9242	0.6718	9.6239
0.9691	0.6562	9.5563
0.9452	0.7053	9.6131
1.0283	0.6281	9.4971
0.9428	0.6724	9.5982
0.8267	0.7172	9.6137
0.9129	0.6586	9.5922
0.8291	0.6485	9.6053
1.0032	0.6580	9.5796
0.9206	0.7280	9.5042
1.0032	0.6257	9.5623
0.9464	0.6221	9.5688
0.8979	0.7232	9.5994
0.8907	0.7262	9.5964
0.9087	0.6873	9.5635
0.9398	0.5438	9.5126
1.0026	0.7005	9.5078
0.9356	0.7208	9.5748
0.9452	0.6963	9.5455
0.8674	0.5928	9.5569
0.9446	0.7011	9.5527
0.9595	0.7878	9.6167
0.9811	0.6437	9.6167
0.9428	0.6167	9.5551
0.9057	0.6311	9.5479
0.8979	0.7842	9.5844
0.8925	0.6939	9.6023
0.9697	0.6144	9.5916
0.9637	0.6114	9.5994
0.9362	0.7220	9.5539
0.9230	0.7292	9.6185
0.8680	0.6167	9.6460
0.9763	0.5420	9.5856
0.7866	0.7047	9.6191
0.9111	0.6957	9.5688
0.9757	0.6999	9.6335
0.8698	0.5988	9.6089
0.9787	0.6323	9.5575
0.8441	0.7340	9.6562
0.9595	0.6263	9.6167
0.9218	0.6078	9.6640
0.9434	0.6102	9.5473
0.9248	0.6036	9.5084
0.9129	0.8004	9.5838
0.9344	0.6784	9.5539
0.9129	0.6185	9.6867
0.9781	0.7041	9.5611
0.9188	0.6592	9.5802
0.9236	0.6604	9.5629
0.9595	0.7322	9.5551
0.8752	0.5904	9.6717
0.9894	0.7358	9.5497
0.9123	0.6508	9.5760
0.9446	0.6520	9.5922
0.9440	0.9051	9.5461
0.8740	0.6514	9.6227
0.9260	0.6814	9.5515
0.9356	0.7190	9.5461
0.9147	0.5737	9.6335
1.0379	0.6999	9.5001
0.9242	0.6526	9.5318
0.9356	0.6006	9.6227
0.9236	0.7304	9.5174
0.9218	0.6562	9.6107
0.9164	0.6335	9.5605
0.9733	0.7472	9.5569
0.9057	0.6490	9.5964
0.9565	0.7268	9.5916
0.9643	0.7172	9.6287
0.9248	0.6024	9.6197
0.9936	0.6808	9.5772
0.8698	0.7274	9.5545
0.9212	0.6676	9.5389
0.8877	0.6676	9.5688
1.0702	0.6879	9.5551
0.9577	0.6138	9.5940
1.0169	0.6580	9.5449
0.9332	0.7352	9.5527
0.9482	0.6646	9.5838
0.9296	0.6814	9.5958
0.9428	0.7125	9.5856
0.9290	0.6694	9.5964
0.9410	0.6808	9.5712
0.9069	0.7041	9.5461
0.9129	0.6383	9.5976
0.9039	0.6467	9.5904
0.9505	0.7017	9.5258
0.9858	0.6502	9.6167
0.9565	0.6479	9.5790
0.9822	0.6790	9.5270
0.9398	0.6772	9.6299
0.9027	0.7053	9.5718
0.9272	0.6658	9.6185
0.9111	0.6401	9.6305
0.9087	0.7155	9.5342
0.9284	0.6658	9.6119
0.9200	0.6628	9.6269
0.9458	0.6568	9.5635
0.9691	0.6981	9.6329
0.9392	0.6820	9.5826
0.9661	0.6724	9.4995
0.9858	0.6730	9.6179
0.9147	0.6670	9.5575
0.9817	0.6556	9.5569
0.9452	0.6227	9.6610
0.7902	0.6837	9.5318
0.9356	0.7029	9.5120
0.9224	0.7029	9.6000
0.9278	0.6802	9.5533
1.0014	0.6646	9.6006
0.7890	0.6598	9.6131
0.9464	0.6562	9.5910
0.9158	0.6532	9.5820
0.9272	0.6604	9.5838
0.8776	0.6957	9.5365
0.9320	0.6431	9.5461
0.9416	0.6718	9.6053
0.9458	0.6706	9.5389
0.9464	0.6544	9.5946
0.9027	0.6676	9.6233
0.9368	0.6604	9.5521
0.9685	0.6885	9.5880
0.9290	0.6586	9.5946
0.9900	0.6861	9.5342
0.9434	0.6670	9.5706
0.9182	0.6963	9.5796
0.9248	0.6903	9.5700
0.9194	0.6544	9.5724
0.9314	0.6377	9.5892
0.9452	0.6437	9.5659
0.9266	0.6568	9.5647
0.9577	0.6479	9.5814
0.9541	0.6933	9.6047
0.9344	0.6855	9.6029
0.9326	0.7280	9.5952
0.9589	0.6831	9.5910
0.9607	0.6179	9.6065
0.9505	0.6748	9.6083
0.9314	0.7005	9.5976
0.9260	0.6556	9.5551
0.9188	0.6538	9.5760
0.9422	0.7083	9.5748
0.9356	0.6867	9.5539
0.9416	0.6861	9.5940
0.9434	0.6628	9.6101
0.9553	0.6616	9.6006
0.9152	0.6766	9.5730
0.9476	0.6622	9.5796
0.9368	0.6437	9.5970
0.9350	0.6933	9.5712
0.9464	0.6490	9.5748
0.9410	0.7059	9.5677
0.9637	0.6676	9.5635
0.9045	0.6766	9.6083
0.9464	0.6473	9.5569
0.9589	0.6754	9.5712
0.9332	0.6479	9.6107
0.9320	0.6754	9.5820
0.9147	0.6706	9.5922
0.9236	0.6706	9.5688
0.9493	0.6831	9.5874
0.9302	0.6736	9.5677
0.9404	0.6526	9.5569
0.9416	0.6730	9.5748
0.9218	0.6604	9.5790
0.9248	0.6293	9.5898
0.9924	0.6885	9.5862
0.9493	0.6389	9.5587
0.9517	0.6682	9.5808
0.9446	0.6766	9.5688
0.9440	0.7023	9.5533
0.9278	0.6598	9.5724
0.9476	0.6646	9.5635
0.9230	0.6455	9.5814
0.9057	0.7035	9.5545
0.9129	0.6598	9.5605
0.9242	0.6784	9.5826
0.9266	0.6646	9.6047
0.9410	0.6670	9.5581
0.9649	0.6987	9.6053
0.9338	0.6562	9.5958
0.9625	0.6927	9.5790
0.9523	0.6897	9.6035
0.9218	0.6999	9.5694
0.9380	0.6796	9.5832
0.9254	0.6126	9.5784
0.9380	0.6933	9.5934
0.9278	0.6562	9.5838
0.9631	0.6646	9.5814
0.9523	0.6712	9.5796
0.9404	0.7047	9.5748
0.9338	0.6754	9.5790
0.9212	0.6616	9.5886
0.9517	0.6341	9.5760
0.9308	0.6604	9.5994
0.9188	0.6359	9.5647
0.9493	0.6532	9.5958
0.9027	0.6467	9.5635
0.9589	0.6885	9.5647
0.9194	0.6784	9.5724
0.9332	0.6532	9.6000
0.9571	0.6808	9.5826
0.9224	0.6849	9.6071
0.9655	0.6616	9.5970
0.8991	0.6658	9.5964
0.9631	0.6879	9.5844
0.8919	0.6825	9.6035
0.9649	0.6485	9.5784
0.9260	0.6766	9.6059
0.9380	0.6508	9.6000
0.9805	0.6772	9.5527
0.9254	0.6879	9.5796
0.9996	0.6820	9.5659
0.9326	0.6891	9.5982
0.9553	0.6652	9.5880
0.9410	0.6616	9.5820
0.8967	0.7017	9.6257
0.9434	0.6760	9.5653
0.9063	0.6443	9.6101
0.9673	0.6742	9.5688
0.9021	0.6622	9.6137
0.9529	0.6700	9.5886
0.9595	0.6676	9.5838
1.0427	0.6562	9.6023
0.9811	0.7077	9.5653
0.8776	0.6461	9.6191
0.9978	0.6604	9.5359
0.8913	0.6837	9.5982
1.0469	0.6299	9.5575
0.9589	0.7011	9.5605
0.8686	0.6538	9.6341
1.0008	0.6724	9.5162
0.8423	0.6897	9.6275
1.0140	0.6652	9.5497
0.9440	0.6993	9.5647
0.9003	0.6359	9.6221
1.0421	0.6909	9.5288
0.8889	0.6526	9.5904
0.9900	0.6634	9.5665
0.9517	0.6754	9.5724
0.9015	0.6538	9.6143
0.9679	0.6957	9.5712
0.9123	0.6796	9.6071
0.9236	0.6473	9.5820
0.9559	0.6837	9.5868
0.9410	0.6616	9.6101
0.9009	0.6933	9.5635
0.9541	0.6927	9.5826
0.9027	0.6598	9.6053
0.9087	0.7095	9.5425
0.9541	0.6604	9.5748
0.8835	0.6473	9.5844
0.9811	0.6514	9.5718
0.8973	0.6754	9.6113
0.9392	0.6861	9.5688
0.9781	0.6341	9.5635
0.9356	0.6694	9.6233
0.9649	0.6754	9.5736
0.9392	0.6802	9.5874
0.9314	0.6431	9.5886
0.9541	0.6760	9.5868
0.9254	0.6706	9.6077
0.9470	0.6670	9.5814
0.9224	0.6670	9.6041
0.9368	0.6640	9.6113
0.9302	0.6909	9.5677
0.9206	0.6580	9.6065
0.9182	0.6748	9.5946
0.9452	0.6730	9.5856
0.9308	0.6652	9.6035
0.9111	0.6867	9.5886
0.9476	0.6712	9.5677
0.9236	0.6640	9.6017
0.9667	0.6604	9.6041
0.9206	0.6784	9.5760
0.9595	0.6622	9.5736
0.9529	0.6796	9.5976
0.9434	0.6724	9.5748
0.9613	0.6562	9.5706
0.9230	0.6658	9.5970
0.9541	0.6598	9.5976
0.9158	0.6861	9.5706
0.9218	0.6538	9.5922
0.9236	0.6724	9.5964
0.9093	0.6993	9.5814
0.9410	0.6640	9.5970
0.9111	0.6562	9.5976
0.9332	0.6975	9.5742
0.9170	0.6915	9.6161
0.9290	0.6329	9.5838
0.9344	0.6921	9.5623
0.9499	0.6724	9.5748
0.9470	0.6843	9.5916
0.9422	0.6532	9.5659
0.9625	0.6568	9.6017
0.9428	0.6796	9.6000
0.9416	0.6927	9.5856
0.9571	0.6311	9.6263
0.9565	0.6730	9.5898
0.9368	0.6897	9.5958
0.9332	0.6808	9.6029
0.9386	0.6676	9.6047
0.9320	0.6766	9.5976
0.9434	0.6490	9.5898
0.9296	0.6843	9.5892
0.9487	0.6790	9.5862
0.9105	0.6700	9.5904
0.9350	0.6748	9.5700
0.9320	0.6772	9.5677
0.9332	0.6975	9.5754
0.9482	0.6760	9.5784
0.9392	0.6485	9.6095
0.9637	0.6778	9.5742
0.8883	0.6831	9.6203
0.9793	0.6712	9.5665
0.9212	0.6568	9.6197
0.9470	0.6443	9.5910
0.9398	0.7095	9.5587
0.9320	0.6479	9.6041
0.9649	0.6802	9.5844
0.9135	0.6586	9.5641
0.9667	0.6742	9.5940
0.9212	0.6772	9.5910
0.9499	0.6377	9.5700
0.9188	0.7095	9.6083
0.9278	0.6473	9.5838
0.9320	0.6825	9.5868
0.9302	0.6700	9.5898
0.9278	0.6742	9.6000
0.9487	0.6610	9.5718
0.9386	0.6778	9.5898
0.9422	0.6742	9.5910
0.9416	0.6843	9.5874
0.9374	0.6407	9.5988
0.9499	0.6658	9.5736
0.9559	0.6670	9.5671
0.9278	0.6646	9.5718
0.9619	0.6485	9.5665
0.9362	0.6700	9.5898
0.9129	0.6969	9.5587
0.9464	0.6849	9.5802
0.9272	0.6389	9.5976
0.9589	0.6778	9.5557
0.9170	0.6796	9.5856
0.9254	0.6861	9.5994
0.9224	0.6760	9.5563
0.9356	0.6706	9.6125
0.9230	0.6682	9.5868
0.9446	0.6873	9.5718
0.9386	0.6550	9.6029
0.9458	0.6574	9.5874
0.9458	0.6879	9.5760
0.9374	0.6748	9.5880
0.9380	0.6628	9.5892
0.9464	0.6640	9.5928
0.9326	0.6658	9.5712
0.9422	0.6658	9.5970
0.9332	0.6814	9.5808
0.9362	0.6622	9.5677
0.9428	0.6694	9.6095
0.9332	0.6706	9.5581
0.9493	0.6736	9.5874
0.9218	0.6550	9.5874
0.9476	0.6736	9.5844
0.9188	0.6634	9.5814
0.9529	0.6694	9.5874
0.9230	0.6640	9.5928
0.9434	0.6861	9.5892
0.9135	0.6592	9.5916
0.9332	0.6969	9.5886
0.9272	0.6670	9.5760
0.9338	0.6730	9.6059
0.9392	0.6425	9.5772
0.9464	0.6825	9.5898
0.9380	0.6514	9.5964
0.9565	0.6736	9.5724
0.9392	0.6556	9.6006
0.9458	0.6903	9.5952
0.9529	0.6604	9.5790
0.9440	0.6598	9.6137
0.9374	0.6592	9.5856
0.9332	0.6778	9.5659
0.9338	0.6568	9.6215
0.9200	0.6712	9.5712
0.9398	0.6580	9.5856
0.9164	0.6784	9.6006
0.9404	0.6730	9.5545
0.9260	0.6820	9.6041
0.9290	0.6616	9.5988
0.9290	0.6712	9.5928
0.9338	0.6652	9.5928
0.9428	0.6580	9.5922
0.9338	0.6580	9.6161
0.9356	0.6724	9.5928
0.9320	0.6550	9.5868
0.9398	0.6718	9.6083
0.9320	0.6778	9.5736
0.9523	0.6670	9.5706
0.9547	0.6461	9.6191
0.9320	0.6778	9.5700
0.9476	0.6837	9.5706
0.9422	0.6550	9.6275
0.9386	0.6556	9.5760
0.9428	0.6718	9.5635
0.9356	0.6622	9.6035
0.9362	0.6820	9.5868
0.9332	0.6718	9.5700
0.9350	0.6490	9.5958
0.9308	0.6837	9.5874
0.9302	0.6993	9.5760
0.9254	0.6443	9.5940
0.9446	0.6688	9.5988
0.9176	0.6891	9.5635
0.9368	0.6820	9.5886
0.9368	0.6514	9.6173
0.9464	0.6724	9.5629
0.9410	0.6700	9.5653
0.9416	0.6670	9.6167
0.9302	0.6694	9.5587
0.9499	0.6706	9.5599
0.9410	0.6580	9.6209
0.9344	0.6736	9.5485
0.9452	0.6837	9.5736
0.9374	0.6580	9.6083
0.9386	0.6712	9.5790
0.9284	0.6712	9.5838
0.9344	0.6796	9.6083
0.9499	0.6718	9.5820
0.9260	0.6604	9.5922
0.9218	0.6634	9.5892
0.9326	0.6814	9.5802
0.9141	0.6772	9.5892
0.9254	0.6526	9.5838
0.9326	0.6652	9.5922
0.9158	0.6760	9.5844
0.9290	0.6766	9.5688
0.9398	0.6550	9.6059
0.9308	0.6658	9.5922
0.9440	0.6778	9.5736
0.9452	0.6742	9.5934
0.9392	0.6664	9.5916
0.9416	0.6742	9.5766
0.9434	0.6634	9.6006
0.9398	0.6754	9.5820
0.9434	0.6855	9.5820
0.9398	0.6688	9.6047
0.9410	0.6616	9.5850
0.9332	0.6784	9.5766
0.9266	0.6849	9.6047
0.9326	0.6682	9.5886
0.9320	0.6718	9.5826
0.9218	0.6694	9.5976
0.9308	0.6736	9.5916
0.9206	0.6796	9.5886
0.9170	0.6742	9.6006
0.9386	0.6610	9.5868
0.9236	0.6706	9.5874
0.9314	0.6796	9.5748
0.9517	0.6676	9.5838
0.9380	0.6622	9.6113
0.9362	0.6688	9.5736
0.9487	0.6784	9.5880
0.9398	0.6694	9.6000
0.9434	0.6670	9.5760
0.9523	0.6622	9.5952
0.9326	0.6664	9.6023
0.9374	0.6760	9.5736
0.9392	0.6664	9.6017
0.9386	0.6604	9.6012
0.9386	0.6688	9.5766
0.9368	0.6820	9.5916
0.9398	0.6700	9.5928
0.9344	0.6616	9.5892
0.9362	0.6724	9.5826
0.9320	0.6700	9.5910
0.9254	0.6748	9.5898
0.9356	0.6796	9.5754
0.9392	0.6562	9.6006
0.9338	0.6730	9.5892
0.9416	0.6802	9.5742
0.9452	0.6580	9.6029
0.9392	0.6664	9.5832
0.9374	0.6664	9.5748
0.9356	0.6670	9.5940
0.9434	0.6700	9.5826
0.9416	0.6676	9.5814
0.9434	0.6604	9.5904
0.9404	0.6658	9.5802
0.9350	0.6742	9.5784
0.9302	0.6706	9.5880
0.9338	0.6604	9.5862
0.9284	0.6694	9.5778
0.9266	0.6772	9.5838
0.9278	0.6688	9.5910
0.9212	0.6700	9.5856
0.9212	0.6706	9.5826
0.9230	0.6718	9.5838
0.9278	0.6736	9.5826
0.9296	0.6688	9.5820
0.9416	0.6586	9.5904
0.9386	0.6664	9.5784
0.9338	0.6754	9.5832
0.9458	0.6676	9.5928
0.9422	0.6658	9.5862
0.9434	0.6628	9.5808
0.9440	0.6670	9.5826
0.9410	0.6658	9.5874
0.9386	0.6670	9.5820
0.9386	0.6628	9.5898
0.9368	0.6646	9.5916
0.9320	0.6760	9.5838
0.9314	0.6700	9.5904
0.9290	0.6676	9.5958
0.9326	0.6718	9.5856
0.9344	0.6724	9.5880
0.9338	0.6718	9.5940
0.9344	0.6670	9.5874
0.9326	0.6664	9.5880
0.9338	0.6706	9.5892
0.9344	0.6754	9.5844
0.9380	0.6682	9.5892
0.9398	0.6616	9.5928
0.9380	0.6664	9.5850
0.9368	0.6700	9.5892
0.9386	0.6688	9.5952
0.9386	0.6646	9.5964
0.9380	0.6604	9.5976
0.9404	0.6646	9.5958
0.9422	0.6694	9.5928
0.9386	0.6670	9.5940
0.9374	0.6640	9.5934
0.9344	0.6688	9.5880
0.9338	0.6700	9.5880
0.9338	0.6676	9.5916
0.9338	0.6688	9.5892
0.9302	0.6706	9.5898
0.9320	0.6742	9.5922
0.9332	0.6730	9.5910
0.9380	0.6706	9.5904
0.9410	0.6664	9.5892
0.9440	0.6688	9.5916
0.9434	0.6694	9.5880
0.9434	0.6664	9.5916
0.9422	0.6658	9.5910
0.9404	0.6682	9.5856
0.9410	0.6688	9.5850
0.9398	0.6676	9.5874
0.9416	0.6682	9.5886
0.9398	0.6664	9.5940
0.9356	0.6682	9.5946
0.9338	0.6718	9.5892
0.9338	0.6700	9.5910
0.9350	0.6694	9.5922
0.9308	0.6742	9.5838
0.9326	0.6748	9.5886
0.9314	0.6742	9.5916
0.9296	0.6742	9.5862
0.9290	0.6706	9.5856
0.9230	0.6742	9.5862
0.9254	0.6748	9.5808
0.9278	0.6700	9.5868
0.9308	0.6676	9.5868
0.9338	0.6724	9.5820
0.9368	0.6706	9.5850
0.9392	0.6658	9.5910
0.9356	0.6670	9.5856
0.9380	0.6688	9.5826
0.9392	0.6682	9.5856
0.9374	0.6700	9.5856
0.9380	0.6700	9.5880
0.9392	0.6682	9.5892
0.9356	0.6700	9.5886
0.9338	0.6724	9.5850
0.9344	0.6730	9.5874
0.9338	0.6760	9.5886
0.9320	0.6772	9.5814
0.9338	0.6754	9.5844
0.9344	0.6718	9.5850
0.9320	0.6712	9.5820
0.9344	0.6676	9.5850
0.9338	0.6682	9.5856
0.9338	0.6712	9.5820
0.9362	0.6730	9.5868
0.9392	0.6724	9.5892
0.9434	0.6766	9.5850
0.9404	0.6760	9.5850
0.9398	0.6706	9.5892
0.9392	0.6688	9.5832
0.9398	0.6694	9.5856
0.9398	0.6682	9.5940
0.9386	0.6694	9.5886
0.9362	0.6688	9.5910
0.9332	0.6682	9.5946
0.9296	0.6706	9.5928
0.9308	0.6700	9.5910
0.9302	0.6658	9.5904
0.9308	0.6706	9.5904
0.9338	0.6736	9.5916
0.9350	0.6730	9.5940
0.9344	0.6742	9.5898
0.9344	0.6736	9.5886
0.9320	0.6718	9.5880
0.9326	0.6730	9.5832
0.9368	0.6730	9.5826
0.9374	0.6694	9.5862
0.9410	0.6658	9.5904
0.9404	0.6640	9.5898
0.9398	0.6682	9.5916
0.9404	0.6694	9.5886
0.9404	0.6658	9.5868
0.9368	0.6664	9.5904
0.9362	0.6670	9.5904
0.9338	0.6682	9.5898
0.9326	0.6682	9.5868
0.9302	0.6682	9.5874
0.9302	0.6706	9.5886
0.9296	0.6736	9.5856
0.9308	0.6712	9.5892
0.9326	0.6718	9.5880
0.9344	0.6736	9.5844
0.9368	0.6724	9.5862
0.9368	0.6724	9.5862
0.9398	0.6706	9.5820
0.9404	0.6682	9.5832
0.9380	0.6706	9.5832
0.9362	0.6712	9.5856
0.9362	0.6700	9.5892
0.9368	0.6706	9.5892
0.9386	0.6712	9.5880
0.9392	0.6688	9.5904
0.9338	0.6682	9.5880
0.9344	0.6676	9.5874
0.9320	0.6676	9.5886
0.9320	0.6694	9.5880
0.9332	0.6706	9.5898
0.9350	0.6694	9.5880
0.9332	0.6700	9.5850
0.9308	0.6718	9.5874
0.9314	0.6742	9.5886
0.9338	0.6742	9.5874
0.9338	0.6736	9.5874
0.9350	0.6700	9.5826
0.9314	0.6676	9.5826
0.9308	0.6688	9.5844
0.9350	0.6670	9.5892
0.9386	0.6670	9.5910
0.9392	0.6670	9.5928
0.9410	0.6676	9.5892
0.9458	0.6652	9.5892
0.9434	0.6664	9.5868
0.9422	0.6658	9.5856
0.9404	0.6676	9.5826
0.9380	0.6688	9.5808
0.9356	0.6682	9.5814
0.9344	0.6670	9.5844
0.9356	0.6682	9.5856
0.9314	0.6676	9.5820
0.9308	0.6676	9.5826
0.9314	0.6712	9.5838
0.9320	0.6700	9.5862
0.9320	0.6682	9.5892
0.9350	0.6670	9.5910
0.9344	0.6682	9.5922
0.9362	0.6682	9.5928
0.9392	0.6688	9.5910
0.9386	0.6676	9.5928
0.9362	0.6694	9.5946
0.9356	0.6700	9.5880
0.9320	0.6712	9.5874
0.9338	0.6712	9.5862
0.9332	0.6700	9.5850
0.9374	0.6688	9.5886
0.9392	0.6694	9.5880
0.9350	0.6688	9.5880
0.9380	0.6706	9.5874
0.9356	0.6718	9.5868
0.9380	0.6718	9.5916
0.9368	0.6706	9.5940
0.9350	0.6706	9.5922
0.9302	0.6712	9.5898
0.9296	0.6694	9.5892
0.9320	0.6706	9.5862
0.9326	0.6670	9.5856
0.9368	0.6664	9.5886
0.9392	0.6670	9.5910
0.9374	0.6670	9.5850
0.9398	0.6670	9.5838
0.9404	0.6676	9.5838
0.9404	0.6670	9.5844
0.9404	0.6664	9.5826
0.9404	0.6670	9.5850
0.9380	0.6658	9.5862
0.9344	0.6664	9.5880
0.9344	0.6682	9.5874
0.9320	0.6682	9.5880
0.9314	0.6694	9.5904
0.9350	0.6700	9.5898
0.9326	0.6700	9.5904
0.9356	0.6694	9.5856
0.9356	0.6718	9.5814
0.9362	0.6694	9.5832
0.9350	0.6688	9.5826
0.9302	0.6688	9.5814
0.9326	0.6682	9.5814
0.9338	0.6652	9.5838
0.9356	0.6688	9.5838
0.9374	0.6682	9.5850
0.9338	0.6706	9.5832
0.9362	0.6712	9.5826
0.9362	0.6712	9.5844
0.9338	0.6724	9.5868
0.9308	0.6742	9.5862
0.9314	0.6736	9.5850
0.9314	0.6736	9.5862
0.9308	0.6730	9.5850
0.9308	0.6700	9.5838
0.9308	0.6688	9.5850
0.9290	0.6724	9.5868
0.9284	0.6718	9.5874
0.9302	0.6706	9.5868
0.9290	0.6724	9.5892
0.9320	0.6718	9.5880
0.9320	0.6742	9.5892
0.9368	0.6718	9.5922
0.9374	0.6718	9.5886
0.9374	0.6718	9.5910
0.9368	0.6700	9.5868
0.9344	0.6736	9.5850
0.9326	0.6742	9.5856
0.9332	0.6736	9.5850
0.9326	0.6730	9.5808
0.9362	0.6718	9.5802
0.9350	0.6712	9.5820
0.9332	0.6706	9.5820
0.9332	0.6712	9.5814
0.9350	0.6724	9.5814
0.9350	0.6718	9.5838
0.9344	0.6712	9.5850
0.9332	0.6700	9.5862
0.9332	0.6706	9.5868
0.9338	0.6688	9.5886
0.9350	0.6676	9.5874
0.9356	0.6676	9.5892
0.9374	0.6700	9.5892
0.9392	0.6700	9.5904
0.9362	0.6688	9.5850
0.9356	0.6652	9.5868
0.9362	0.6676	9.5850
0.9380	0.6700	9.5844
0.9386	0.6688	9.5838
0.9350	0.6706	9.5820
0.9386	0.6706	9.5820
0.9374	0.6694	9.5808
0.9404	0.6724	9.5844
0.9398	0.6754	9.5844
0.9392	0.6724	9.5850
0.9374	0.6712	9.5880
0.9362	0.6718	9.5880
0.9344	0.6694	9.5850
0.9362	0.6706	9.5826
0.9374	0.6694	9.5868
0.9350	0.6736	9.5880
0.9344	0.6712	9.5874
0.9374	0.6670	9.5862
0.9392	0.6652	9.5868
0.9368	0.6658	9.5904
0.9344	0.6646	9.5904
0.9368	0.6670	9.5892
0.9386	0.6658	9.5904
0.9398	0.6670	9.5910
0.9374	0.6676	9.5886
0.9380	0.6676	9.5862
0.9374	0.6712	9.5832
0.9368	0.6718	9.5874
0.9362	0.6694	9.5910
0.9374	0.6688	9.5928
0.9344	0.6700	9.5940
0.9344	0.6706	9.5952
0.9362	0.6700	9.5946
0.9356	0.6700	9.5910
0.9332	0.6718	9.5904
0.9326	0.6718	9.5904
0.9356	0.6724	9.5856
0.9344	0.6736	9.5868
0.9314	0.6724	9.5856
0.9344	0.6724	9.5850
0.9362	0.6724	9.5868
0.9410	0.6700	9.5850
0.9398	0.6700	9.5844
0.9410	0.6706	9.5850
0.9404	0.6700	9.5856
0.9416	0.6736	9.5874
0.9404	0.6718	9.5910
0.9398	0.6718	9.5886
0.9404	0.6730	9.5832
0.9410	0.6730	9.5826
0.9392	0.6748	9.5838
0.9362	0.6730	9.5826
0.9344	0.6736	9.5850
0.9356	0.6718	9.5898
0.9356	0.6706	9.5886
0.9386	0.6682	9.5904
0.9404	0.6682	9.5904
0.9398	0.6706	9.5886
0.9410	0.6712	9.5874
0.9398	0.6724	9.5874
0.9404	0.6718	9.5880
0.9410	0.6706	9.5856
0.9422	0.6718	9.5838
0.9404	0.6736	9.5844
0.9422	0.6718	9.5850
0.9392	0.6712	9.5862
0.9344	0.6718	9.5886
0.9356	0.6712	9.5868
0.9320	0.6724	9.5862
0.9308	0.6718	9.5850
0.9296	0.6712	9.5832
0.9302	0.6700	9.5844
0.9308	0.6700	9.5862
0.9320	0.6688	9.5838
0.9332	0.6694	9.5880
0.9350	0.6706	9.5898
0.9386	0.6712	9.5886
0.9356	0.6736	9.5850
0.9344	0.6718	9.5844
0.9350	0.6712	9.5820
0.9356	0.6712	9.5856
0.9374	0.6712	9.5874
0.9350	0.6730	9.5874
0.9332	0.6736	9.5862
0.9344	0.6712	9.5856
0.9326	0.6724	9.5838
0.9308	0.6730	9.5850
0.9326	0.6748	9.5826
0.9302	0.6754	9.5832
0.9302	0.6736	9.5850
0.9320	0.6760	9.5898
0.9308	0.6766	9.5880
0.9338	0.6742	9.5862
0.9368	0.6736	9.5844
0.9338	0.6712	9.5844
0.9326	0.6706	9.5856
0.9344	0.6688	9.5874
0.9362	0.6712	9.5856
0.9380	0.6706	9.5850
0.9380	0.6694	9.5832
0.9380	0.6706	9.5862
0.9404	0.6706	9.5874
0.9422	0.6670	9.5868
0.9398	0.6652	9.5856
0.9362	0.6676	9.5838
0.9344	0.6676	9.5844
0.9368	0.6652	9.5844
0.9386	0.6652	9.5844
0.9368	0.6658	9.5838
0.9380	0.6682	9.5808
0.9368	0.6670	9.5838
0.9374	0.6670	9.5856
0.9368	0.6682	9.5856
0.9356	0.6664	9.5898
0.9398	0.6676	9.5898
0.9368	0.6676	9.5874
0.9326	0.6670	9.5886
0.9314	0.6646	9.5862
0.9326	0.6646	9.5868
0.9350	0.6652	9.5874
0.9344	0.6658	9.5814
0.9338	0.6658	9.5814
0.9332	0.6658	9.5838
0.9350	0.6658	9.5874
0.9362	0.6664	9.5862
0.9350	0.6682	9.5880
0.9350	0.6682	9.5868
0.9320	0.6712	9.5844
0.9308	0.6724	9.5844
0.9314	0.6706	9.5826
0.9344	0.6712	9.5850
0.9350	0.6694	9.5844
0.9350	0.6712	9.5820
0.9368	0.6736	9.5808
0.9374	0.6742	9.5838
0.9350	0.6748	9.5838
0.9368	0.6742	9.5868
0.9386	0.6718	9.5892
0.9368	0.6712	9.5868
0.9356	0.6706	9.5904
0.9350	0.6694	9.5886
0.9398	0.6694	9.5856
0.9344	0.6700	9.5844
0.9344	0.6694	9.5832
0.9356	0.6694	9.5844
0.9344	0.6718	9.5856
0.9374	0.6706	9.5910
0.9356	0.6706	9.5886
0.9344	0.6688	9.5916
0.9350	0.6718	9.5898
0.9374	0.6730	9.5898
0.9344	0.6724	9.5880
0.9326	0.6724	9.5868
0.9320	0.6724	9.5874
0.9308	0.6730	9.5880
0.9332	0.6718	9.5850
0.9338	0.6718	9.5838
0.9344	0.6694	9.5844
0.9338	0.6682	9.5814
0.9368	0.6700	9.5862
0.9344	0.6706	9.5904
0.9320	0.6694	9.5904
0.9320	0.6700	9.5934
0.9332	0.6706	9.5946
0.9368	0.6700	9.5946
0.9380	0.6670	9.5922
0.9380	0.6670	9.5892
0.9386	0.6670	9.5898
0.9362	0.6688	9.5922
0.9380	0.6694	9.5898
0.9362	0.6688	9.5892
0.9374	0.6700	9.5880
0.9350	0.6700	9.5862
0.9362	0.6688	9.5868
0.9308	0.6706	9.5892
0.9320	0.6700	9.5880
0.9320	0.6718	9.5874
0.9320	0.6694	9.5898
0.9362	0.6694	9.5904
0.9356	0.6682	9.5934
0.9362	0.6694	9.5928
0.9386	0.6682	9.5910

