accelx	accely	accelz
0.9583	0.6837	9.5844
0.9577	0.6831	9.5832
0.9583	0.6837	9.5832
0.9583	0.6837	9.5814
0.9577	0.6831	9.5814
0.9577	0.6831	9.5802
0.9583	0.6837	9.5808
0.9577	0.6837	9.5814
0.9571	0.6831	9.5826
0.9571	0.6820	9.5814
0.9565	0.6814	9.5808
0.9565	0.6820	9.5808
0.9565	0.6820	9.5808
0.9571	0.6825	9.5802
0.9571	0.6825	9.5796
0.9577	0.6831	9.5802
0.9571	0.6837	9.5808
0.9571	0.6837	9.5802
0.9571	0.6837	9.5814
0.9565	0.6837	9.5808
0.9571	0.6843	9.5808
0.9559	0.6849	9.5808
0.9559	0.6849	9.5808
0.9565	0.6849	9.5802
0.9571	0.6849	9.5814
0.9571	0.6855	9.5820
0.9571	0.6855	9.5814
0.9565	0.6849	9.5826
0.9601	0.6837	9.5832
0.9565	0.6831	9.5844
0.9607	0.6837	9.5820
0.9685	0.6808	9.5856
0.9589	0.6796	9.5820
0.9541	0.6790	9.5665
0.9667	0.6879	9.5904
0.9565	0.6939	9.5892
0.9709	0.6915	9.5772
0.9553	0.6873	9.5916
0.9529	0.6802	9.5814
0.9511	0.6784	9.5784
0.9302	0.6586	9.5784
0.9464	0.6694	9.5724
0.9482	0.6748	9.5688
0.9733	0.6843	9.5868
0.9715	0.6909	9.5862
0.9691	0.6987	9.5706
0.9613	0.6802	9.5868
0.9482	0.6831	9.5778
0.9541	0.6772	9.5671
0.9661	0.6778	9.5802
0.9769	0.6814	9.5677
0.9739	0.7017	9.5599
0.9834	0.6969	9.5832
0.9607	0.6766	9.5946
0.9452	0.6939	9.5712
0.9607	0.6646	9.5784
0.9511	0.6586	9.5952
0.9422	0.6957	9.5551
0.9583	0.6730	9.5766
0.9517	0.6891	9.5898
0.9517	0.6921	9.5617
0.9535	0.6939	9.5874
0.9499	0.6909	9.5994
0.9631	0.6945	9.5671
0.9697	0.6951	9.5665
0.9661	0.6873	9.5778
0.9661	0.6909	9.5700
0.9643	0.6784	9.5641
0.9625	0.6706	9.5916
0.9470	0.6814	9.5682
0.9392	0.6676	9.5760
0.9416	0.6646	9.5844
0.9553	0.6849	9.5575
0.9535	0.6772	9.5760
0.9589	0.6778	9.5838
0.9493	0.6885	9.5623
0.9553	0.6999	9.5766
0.9571	0.6939	9.5850
0.9697	0.6963	9.5682
0.9763	0.7047	9.5886
0.9727	0.6891	9.5868
0.9637	0.6963	9.5742
0.9535	0.6843	9.5754
0.9559	0.6796	9.5892
0.9440	0.6837	9.5796
0.9487	0.6820	9.5820
0.9458	0.6796	9.5796
0.9493	0.6867	9.5623
0.9386	0.6820	9.5838
0.9374	0.6837	9.5838
0.9458	0.6915	9.5826
0.9470	0.6921	9.5874
0.9571	0.6831	9.5838
0.9703	0.6951	9.5784
0.9745	0.6903	9.5772
0.9715	0.6903	9.5808
0.9715	0.6921	9.5736
0.9709	0.6843	9.5862
0.9631	0.6855	9.5820
0.9685	0.6814	9.5808
0.9565	0.6760	9.5826
0.9601	0.6778	9.5605
0.9499	0.6808	9.5712
0.9458	0.6802	9.5772
0.9422	0.6861	9.5796
0.9487	0.6861	9.5862
0.9464	0.6867	9.5868
0.9547	0.7005	9.5766
0.9715	0.6951	9.5802
0.9763	0.7065	9.5880
0.9709	0.6939	9.5760
0.9601	0.6951	9.5712
0.9493	0.6820	9.5796
0.9440	0.6736	9.5724
0.9511	0.6688	9.5760
0.9547	0.6814	9.5832
0.9631	0.6849	9.5760
0.9577	0.6879	9.5808
0.9637	0.6891	9.5790
0.9541	0.6999	9.5820
0.9601	0.6981	9.5916
0.9529	0.6993	9.5850
0.9661	0.6927	9.5724
0.9541	0.6975	9.5784
0.9583	0.6837	9.5665
0.9529	0.6879	9.5760
0.9529	0.6843	9.5802
0.9637	0.6825	9.5832
0.9505	0.6808	9.5820
0.9565	0.6825	9.5868
0.9517	0.6855	9.5814
0.9517	0.6849	9.5904
0.9434	0.6784	9.5910
0.9482	0.6885	9.5772
0.9458	0.6957	9.5814
0.9434	0.6814	9.5820
0.9613	0.6867	9.5772
0.9661	0.6831	9.5706
0.9619	0.6861	9.5838
0.9679	0.6897	9.5826
0.9667	0.6784	9.5844
0.9607	0.6903	9.5766
0.9517	0.6724	9.5766
0.9571	0.6718	9.5808
0.9553	0.6772	9.5796
0.9541	0.6772	9.5778
0.9505	0.6790	9.5724
0.9595	0.6903	9.5850
0.9595	0.6927	9.5778
0.9697	0.6909	9.5844
0.9619	0.6873	9.5820
0.9589	0.6921	9.5832
0.9434	0.6843	9.5790
0.9482	0.6766	9.5748
0.9499	0.6802	9.5694
0.9523	0.6784	9.5724
0.9523	0.6861	9.5677
0.9781	0.6778	9.5850
0.9697	0.6831	9.5766
0.9715	0.6849	9.5802
0.9679	0.6802	9.5850
0.9685	0.6873	9.5850
0.9547	0.6820	9.5748
0.9541	0.6694	9.5868
0.9476	0.6861	9.5784
0.9440	0.6772	9.5820
0.9601	0.6724	9.5874
0.9697	0.7023	9.5850
0.9667	0.6921	9.5862
0.9691	0.6825	9.5868
0.9649	0.6933	9.5802
0.9601	0.6909	9.5796
0.9482	0.6843	9.5808
0.9511	0.6861	9.5724
0.9505	0.6837	9.5832
0.9464	0.6855	9.5808
0.9583	0.6909	9.5796
0.9535	0.6772	9.5772
0.9637	0.6939	9.5724
0.9547	0.6969	9.5706
0.9709	0.6766	9.5796
0.9625	0.6837	9.5772
0.9637	0.6820	9.5826
0.9565	0.6921	9.5832
0.9476	0.6825	9.5766
0.9553	0.6796	9.5772
0.9631	0.6867	9.5886
0.9637	0.6921	9.5796
0.9673	0.6861	9.5886
0.9583	0.6867	9.5868
0.9613	0.6861	9.5802
0.9523	0.6748	9.5850
0.9511	0.6861	9.5856
0.9511	0.6790	9.5916
0.9553	0.6831	9.5880
0.9517	0.6933	9.5832
0.9559	0.6831	9.5856
0.9535	0.7047	9.5814
0.9613	0.6694	9.5910
0.9673	0.6927	9.5820
0.9595	0.6861	9.5862
0.9595	0.6885	9.5766
0.9499	0.6981	9.5742
0.9565	0.6796	9.5832
0.9607	0.6825	9.5844
0.9661	0.6802	9.5856
0.9673	0.6849	9.5790
0.9607	0.6903	9.5724
0.9619	0.6784	9.5826
0.9613	0.6808	9.5766
0.9571	0.6778	9.5778
0.9458	0.6897	9.5754
0.9470	0.6718	9.5677
0.9559	0.6915	9.5760
0.9583	0.6885	9.5928
0.9709	0.6849	9.5736
0.9589	0.6939	9.5760
0.9541	0.6849	9.5754
0.9523	0.6790	9.5712
0.9523	0.6825	9.5784
0.9470	0.6849	9.5700
0.9476	0.6604	9.5724
0.9547	0.6837	9.5736
0.9667	0.6843	9.5724
0.9733	0.6855	9.5736
0.9715	0.7017	9.5820
0.9631	0.6825	9.5904
0.9619	0.6879	9.5778
0.9529	0.6814	9.6029
0.9505	0.6825	9.5832
0.9529	0.6676	9.5796
0.9619	0.6873	9.5742
0.9613	0.6837	9.5934
0.9649	0.6903	9.5772
0.9769	0.6849	9.5844
0.9595	0.6814	9.5802
0.9577	0.6646	9.5742
0.9470	0.6843	9.5748
0.9440	0.6616	9.5760
0.9404	0.6814	9.5694
0.9577	0.6814	9.5766
0.9715	0.6945	9.5832
0.9637	0.6957	9.6035
0.9679	0.6993	9.5808
0.9589	0.6837	9.5736
0.9547	0.6843	9.5694
0.9434	0.6706	9.5718
0.9356	0.6730	9.5862
0.9410	0.6814	9.5748
0.9667	0.6849	9.5880
0.9751	0.6957	9.5910
0.9924	0.6915	9.5928
0.9559	0.6897	9.5820
0.9559	0.6748	9.5820
0.9416	0.6885	9.5629
0.9374	0.6616	9.5671
0.9452	0.6843	9.5742
0.9565	0.6879	9.5677
0.9757	0.6909	9.5826
0.9781	0.6987	9.5796
0.9745	0.7005	9.5832
0.9482	0.6945	9.5832
0.9434	0.6754	9.5784
0.9236	0.6724	9.5832
0.9434	0.6556	9.5611
0.9476	0.6730	9.5623
0.9667	0.6879	9.5694
0.9685	0.6939	9.5874
0.9655	0.7005	9.5820
0.9709	0.6993	9.5796
0.9470	0.6820	9.5892
0.9380	0.6796	9.5838
0.9464	0.6646	9.5671
0.9499	0.6592	9.5605
0.9434	0.6867	9.5808
0.9685	0.6855	9.5910
0.9571	0.6945	9.5778
0.9625	0.6909	9.5940
0.9487	0.6861	9.5970
0.9529	0.6742	9.5784
0.9535	0.6825	9.5736
0.9493	0.6766	9.5772
0.9470	0.6772	9.5539
0.9547	0.6784	9.5868
0.9511	0.6897	9.5790
0.9464	0.6915	9.5844
0.9673	0.6927	9.5928
0.9733	0.6891	9.5814
0.9691	0.6933	9.5898
0.9685	0.6808	9.5856
0.9535	0.6760	9.5772
0.9380	0.6700	9.5659
0.9541	0.6837	9.5880
0.9685	0.6772	9.5850
0.9822	0.7077	9.5916
0.9703	0.6897	9.5904
0.9637	0.6784	9.5862
0.9332	0.6849	9.5820
0.9380	0.6706	9.5802
0.9230	0.6837	9.5820
0.9655	0.6718	9.5856
0.9817	0.7005	9.5796
0.9960	0.6975	9.5874
0.9715	0.7077	9.5802
0.9559	0.6939	9.5940
0.9284	0.6772	9.5802
0.9212	0.6628	9.5760
0.9320	0.6592	9.5694
0.9637	0.6724	9.5623
0.9787	0.6957	9.5790
0.9942	0.7089	9.5641
0.9757	0.6969	9.5784
0.9416	0.6909	9.6035
0.9344	0.6814	9.6047
0.9212	0.6802	9.5814
0.9553	0.6670	9.5814
0.9691	0.6867	9.5838
0.9930	0.6814	9.5796
0.9655	0.6915	9.5964
0.9625	0.7035	9.6012
0.9458	0.6808	9.5880
0.9326	0.6915	9.5928
0.9625	0.6831	9.5886
0.9565	0.6700	9.5653
0.9667	0.6790	9.5635
0.9583	0.6873	9.5844
0.9571	0.6855	9.6059
0.9464	0.6855	9.6065
0.9511	0.6760	9.5922
0.9458	0.6831	9.5772
0.9571	0.6802	9.5814
0.9452	0.6969	9.5659
0.9709	0.6861	9.5677
0.9517	0.6939	9.5730
0.9697	0.7023	9.5700
0.9679	0.6891	9.5904
0.9655	0.6915	9.5994
0.9637	0.6814	9.5952
0.9505	0.6831	9.5916
0.9541	0.6861	9.5880
0.9332	0.6682	9.5778
0.9529	0.6837	9.5724
0.9625	0.6814	9.5886
0.9691	0.6831	9.6006
0.9811	0.7125	9.5910
0.9601	0.6963	9.5934
0.9398	0.6778	9.5844
0.9344	0.6754	9.5718
0.9523	0.6610	9.5682
0.9655	0.6796	9.5832
0.9769	0.6742	9.5838
0.9781	0.7011	9.5802
0.9709	0.6855	9.5790
0.9446	0.6861	9.5928
0.9458	0.6760	9.5814
0.9458	0.6897	9.5880
0.9476	0.6837	9.5808
0.9709	0.6993	9.5623
0.9637	0.6879	9.5754
0.9571	0.7035	9.5820
0.9553	0.6861	9.5760
0.9541	0.6754	9.5844
0.9571	0.6700	9.6000
0.9541	0.6933	9.5898
0.9763	0.6837	9.5754
0.9559	0.6951	9.5832
0.9667	0.6802	9.5862
0.9631	0.6999	9.5790
0.9679	0.6825	9.5988
0.9565	0.6873	9.5898
0.9493	0.6825	9.5766
0.9422	0.6820	9.5826
0.9338	0.6814	9.5671
0.9422	0.6814	9.5665
0.9482	0.6849	9.5665
0.9619	0.6802	9.5868
0.9745	0.6981	9.5868
0.9673	0.6873	9.5820
0.9541	0.7011	9.5904
0.9637	0.6574	9.5850
0.9571	0.6933	9.5718
0.9499	0.6676	9.5688
0.9613	0.6891	9.5796
0.9571	0.6778	9.5976
0.9517	0.6981	9.5868
0.9482	0.6754	9.5886
0.9577	0.6664	9.5659
0.9493	0.6736	9.5808
0.9476	0.6808	9.5826
0.9595	0.7017	9.5718
0.9529	0.6951	9.5665
0.9703	0.6999	9.5742
0.9655	0.6981	9.5844
0.9643	0.6849	9.5754
0.9535	0.6825	9.5742
0.9529	0.6676	9.5820
0.9452	0.7011	9.5677
0.9476	0.6963	9.5742
0.9535	0.6981	9.5778
0.9733	0.6921	9.5808
0.9541	0.7023	9.5976
0.9589	0.6814	9.5736
0.9589	0.6825	9.5868
0.9541	0.7023	9.6083
0.9416	0.6760	9.5988
0.9541	0.6945	9.5766
0.9649	0.6778	9.5677
0.9547	0.7047	9.5760
0.9739	0.6837	9.5838
0.9523	0.6909	9.5988
0.9625	0.6837	9.5665
0.9529	0.6861	9.5772
0.9661	0.6772	9.5802
0.9511	0.6766	9.5617
0.9482	0.6921	9.5718
0.9547	0.6903	9.5659
0.9583	0.6945	9.5659
0.9667	0.6975	9.5898
0.9661	0.6963	9.5898
0.9583	0.6831	9.5760
0.9452	0.6808	9.5862
0.9482	0.7023	9.5700
0.9541	0.6957	9.5778
0.9547	0.6963	9.5844
0.9721	0.6891	9.5958
0.9601	0.6891	9.6131
0.9595	0.6784	9.5874
0.9482	0.6778	9.5700
0.9583	0.6885	9.5922
0.9476	0.6885	9.5826
0.9511	0.6987	9.5928
0.9577	0.6855	9.6017
0.9547	0.7011	9.5922
0.9547	0.6778	9.6089
0.9535	0.6987	9.6012
0.9547	0.6891	9.5892
0.9422	0.6825	9.6012
0.9571	0.6778	9.6113
0.9428	0.6831	9.5952
0.9553	0.6706	9.5862
0.9428	0.6861	9.6006
0.9499	0.6951	9.5886
0.9637	0.6885	9.5922
0.9619	0.7029	9.5904
0.9631	0.6724	9.5910
0.9398	0.6712	9.5946
0.9428	0.6963	9.6012
0.9470	0.6849	9.5910
0.9511	0.7077	9.5880
0.9721	0.6939	9.5856
0.9709	0.7011	9.5862
0.9637	0.6903	9.5671
0.9517	0.6742	9.5904
0.9559	0.6700	9.5802
0.9547	0.7035	9.5641
0.9601	0.6814	9.5844
0.9499	0.7160	9.5898
0.9631	0.6760	9.5772
0.9613	0.6849	9.5904
0.9565	0.6760	9.5826
0.9703	0.6927	9.5790
0.9715	0.6754	9.5964
0.9601	0.6939	9.5826
0.9434	0.7053	9.5742
0.9482	0.6742	9.5629
0.9499	0.6802	9.5599
0.9541	0.6927	9.5641
0.9703	0.6754	9.5898
0.9559	0.6909	9.5892
0.9583	0.6766	9.5742
0.9487	0.6909	9.5808
0.9583	0.6855	9.5677
0.9697	0.7005	9.5647
0.9685	0.6790	9.5826
0.9721	0.6963	9.5706
0.9661	0.6682	9.5605
0.9601	0.6808	9.5856
0.9697	0.6700	9.5766
0.9553	0.6766	9.5778
0.9547	0.6891	9.5778
0.9595	0.6921	9.5760
0.9487	0.6981	9.5682
0.9565	0.6808	9.5784
0.9649	0.6927	9.5671
0.9697	0.6993	9.5910
0.9613	0.6802	9.5934
0.9661	0.6873	9.5886
0.9607	0.6808	9.5665
0.9583	0.6915	9.5754
0.9523	0.6796	9.5748
0.9655	0.6712	9.5754
0.9679	0.6843	9.5820
0.9607	0.6796	9.5605
0.9679	0.6730	9.5635
0.9643	0.6814	9.5856
0.9637	0.6796	9.5682
0.9482	0.6790	9.5808
0.9499	0.6682	9.5730
0.9583	0.6766	9.5623
0.9637	0.6760	9.5682
0.9691	0.6891	9.5736
0.9769	0.6927	9.5736
0.9769	0.6891	9.5844
0.9511	0.6837	9.5934
0.9476	0.6831	9.5802
0.9482	0.6748	9.5784
0.9631	0.6831	9.5844
0.9805	0.6706	9.5742
0.9763	0.6903	9.5940
0.9601	0.6993	9.5880
0.9482	0.6718	9.5838
0.9374	0.6873	9.5934
0.9422	0.6784	9.5808
0.9458	0.6831	9.5694
0.9667	0.6802	9.5688
0.9679	0.6897	9.5784
0.9858	0.6927	9.5856
0.9703	0.6957	9.5868
0.9751	0.6784	9.6053
0.9374	0.6873	9.5617
0.9350	0.6879	9.5874
0.9493	0.6897	9.5694
0.9870	0.6855	9.5760
1.0116	0.6784	9.5886
0.9793	0.6861	9.5850
0.9799	0.6724	9.6131
0.8806	0.6999	9.5868
0.9314	0.6814	9.5928
0.9487	0.6802	9.5736
0.9787	0.6490	9.5784
0.9966	0.6921	9.5593
0.9625	0.6802	9.5688
0.9499	0.7125	9.5886
0.9224	0.6927	9.5850
0.9206	0.6963	9.5988
0.9482	0.6814	9.5796
0.9852	0.6831	9.5976
0.9882	0.6790	9.5688
0.9745	0.6718	9.5730
0.9332	0.6861	9.5814
0.9314	0.6861	9.5647
0.9362	0.7011	9.6012
0.9912	0.6784	9.5611
0.9900	0.6700	9.5700
0.9661	0.6921	9.5563
0.9541	0.7011	9.5754
0.9386	0.6969	9.6029
0.9236	0.6754	9.5838
0.9649	0.6526	9.5796
0.9769	0.6820	9.5742
0.9661	0.6790	9.5922
0.9410	0.7388	9.5934
0.9482	0.6849	9.5742
0.9595	0.6945	9.5946
0.9876	0.6867	9.5581
0.9787	0.6796	9.5916
0.9559	0.6598	9.5641
0.9428	0.6945	9.5778
0.9398	0.6646	9.6023
0.9470	0.6861	9.5754
0.9894	0.6742	9.5479
0.9846	0.6413	9.5928
0.9176	0.6814	9.5892
0.9422	0.7346	9.5515
0.9344	0.6526	9.6131
0.9882	0.6820	9.5306
0.9882	0.6658	9.5922
0.9314	0.6867	9.5443
0.9661	0.7489	9.5688
0.8943	0.6658	9.6006
0.9852	0.6556	9.5706
0.9476	0.6748	9.5814
0.9715	0.6706	9.5389
0.9805	0.7436	9.5336
0.9117	0.6831	9.5808
1.0223	0.7005	9.5473
0.9625	0.7131	9.5946
0.9858	0.6592	9.5413
0.9912	0.7328	9.5509
0.9446	0.6867	9.5910
1.0038	0.6885	9.5671
0.9218	0.6945	9.6029
0.9529	0.6455	9.5844
1.0038	0.7489	9.5365
0.8973	0.6664	9.6257
1.0026	0.6814	9.5401
0.9290	0.6796	9.6191
0.9757	0.7190	9.5294
0.9697	0.7406	9.6023
0.9254	0.6461	9.5814
0.9954	0.6784	9.5575
0.9314	0.7011	9.5641
0.9691	0.7208	9.5503
0.9350	0.6861	9.6203
0.9482	0.6736	9.5677
0.9751	0.6646	9.5563
0.9141	0.7095	9.5796
0.9996	0.6814	9.5724
0.9721	0.7143	9.6041
0.9589	0.7065	9.5467
0.9769	0.6383	9.5527
0.9637	0.7328	9.5760
0.9817	0.6736	9.6053
0.9332	0.6754	9.6179
0.9440	0.6628	9.5563
0.9727	0.7149	9.5976
0.9470	0.6532	9.6041
1.0008	0.6957	9.6191
0.9697	0.7328	9.5371
0.9015	0.6281	9.5563
1.0044	0.7466	9.5832
0.9715	0.6760	9.6777
0.9535	0.6622	9.6006
0.9129	0.6646	9.5641
0.9858	0.7286	9.5623
0.9434	0.5994	9.6460
0.9571	0.6814	9.6095
0.9715	0.7813	9.5898
0.9111	0.6114	9.5712
1.0187	0.6766	9.5694
0.9751	0.6179	9.6514
0.9954	0.8273	9.5132
0.8662	0.7585	9.5072
1.0116	0.6963	9.5814
0.9876	0.6538	9.6705
0.9691	0.6586	9.5898
0.9320	0.7848	9.4839
0.9368	0.6293	9.5102
0.9739	0.6233	9.5838
0.9601	0.6281	9.6574
0.9739	0.7986	9.5024
0.9248	0.7741	9.4887
0.9368	0.6335	9.5826
1.0122	0.5928	9.6580
0.9834	0.7555	9.5688
0.8955	0.8070	9.5030
0.9224	0.6610	9.6239
0.9553	0.5420	9.6550
1.0403	0.6425	9.6436
0.9308	0.7932	9.5288
0.9517	0.7454	9.6155
0.9619	0.6353	9.6323
1.0104	0.6341	9.6933
0.9523	0.7705	9.5940
0.9081	0.7406	9.5264
1.0140	0.7579	9.6191
1.0253	0.6718	9.7346
1.0056	0.7501	9.6065
0.9075	0.8279	9.5144
1.0014	0.5743	9.6113
1.0247	0.7561	9.7692
1.0271	0.6586	9.6089
0.8632	0.7974	9.5772
0.9595	0.5641	9.5964
0.9302	0.6161	9.6658
0.9763	0.7035	9.5407
0.8674	0.7430	9.4977
0.9984	0.6778	9.5694
0.9410	0.7047	9.5222
1.0421	0.7059	9.4833
1.0020	0.7489	9.5491
1.0690	0.6042	9.5820
0.9440	0.6849	9.6855
0.9966	0.6628	9.5264
0.8841	0.7418	9.5581
1.0433	0.5342	9.6053
0.9607	0.6700	9.7250
0.9643	0.7172	9.5647
0.8907	0.8596	9.5521
0.9721	0.5946	9.5647
0.9918	0.6233	9.5892
0.9828	0.7382	9.5036
0.9254	0.7777	9.5001
0.9924	0.5856	9.6442
0.9356	0.5970	9.6197
0.9661	0.7681	9.5240
0.9410	0.6951	9.5114
0.9625	0.5569	9.5934
1.0080	0.7543	9.6598
0.9553	0.7765	9.5234
1.0038	0.7824	9.5694
0.9858	0.5133	9.6849
0.9697	0.7220	9.6771
0.9637	0.8112	9.5264
0.9416	0.7813	9.6311
1.0349	0.5533	9.6131
0.8829	0.6586	9.6490
0.9655	0.6909	9.4127
0.9158	0.7860	9.6131
0.9751	0.4869	9.6358
0.8907	0.6670	9.6915
0.9278	0.7765	9.5748
1.0038	0.7184	9.5431
0.9649	0.6299	9.6125
0.9152	0.7244	9.5820
0.9595	0.7382	9.4851
0.9930	0.6359	9.6251
0.9571	0.6108	9.6089
0.9613	0.7328	9.5904
0.9458	0.7370	9.6376
0.9565	0.6293	9.5102
0.9254	0.7071	9.6299
0.9619	0.7896	9.5425
0.9362	0.6981	9.4785
0.9721	0.6437	9.6107
1.0343	0.6562	9.5252
0.9787	0.8094	9.4881
0.9595	0.8028	9.5611
0.9589	0.6173	9.5826
0.9404	0.7292	9.6508
0.9386	0.6652	9.5934
0.9338	0.6712	9.5838
1.0235	0.6610	9.5856
0.9511	0.6646	9.5688
0.9320	0.8195	9.4612
0.9727	0.6604	9.5958
0.9936	0.6197	9.5413
0.9721	0.7908	9.5694
0.9811	0.7561	9.5078
0.9763	0.6138	9.5712
0.9386	0.7280	9.6484
0.9254	0.7172	9.4875
0.9607	0.6754	9.4426
1.0283	0.6443	9.5868
0.9876	0.6951	9.5078
0.9464	0.8471	9.3427
0.9416	0.7543	9.5353
0.9637	0.6090	9.5688
0.8871	0.6867	9.6693
0.8973	0.6658	9.5629
0.9912	0.6831	9.6149
1.0098	0.5468	9.5437
0.8758	0.8477	9.5013
0.9075	0.8471	9.4354
0.9440	0.5701	9.7011
0.9123	0.5701	9.6424
0.9799	0.7986	9.6765
0.9924	0.5803	9.6131
1.1145	0.5198	9.5700
0.9278	0.7478	9.2351
1.0110	0.8794	9.1788
1.0403	0.7101	9.1968
0.9565	0.7424	9.2476
0.9081	0.7789	9.2961
0.9326	0.6245	9.2542
1.0014	0.5145	9.5228
0.9535	0.6239	9.2422
1.0008	0.9129	9.0448
0.9649	0.6915	9.0622
0.9057	0.6191	9.2494
0.8494	0.7914	9.1728
0.9105	0.6574	9.2285
1.0355	0.4983	9.4049
0.9625	0.6927	9.3003
1.0439	0.9284	9.2482
0.9858	0.7597	9.3990
0.9834	0.5121	9.5886
0.8411	0.7017	9.3224
0.9290	0.6401	9.1830
1.0181	0.4708	9.4217
1.0032	0.7394	9.3104
0.9553	0.8423	9.2141
1.0140	0.6873	9.4163
0.9033	0.5324	9.3732
0.9141	0.6754	9.4133
0.9511	0.8028	9.3553
1.0175	0.5581	9.3690
0.8877	0.7077	9.5802
1.0319	0.7292	9.2841
0.9619	0.6173	9.3774
0.9721	0.5862	9.2865
0.9924	0.7172	9.4672
0.9308	0.7017	9.3517
0.9278	0.7729	9.5036
0.9858	0.5145	9.5312
0.9535	0.7214	9.5078
0.9517	0.7280	9.3954
1.0600	0.7101	9.4145
1.0391	0.7400	9.4211
0.9697	0.8572	9.3361
1.0008	0.7160	9.4253
1.0116	0.6532	9.5018
1.0199	0.7478	9.4689
0.9811	0.7484	9.4402
1.0092	0.7119	9.4749
1.0056	0.7346	9.5060
0.9589	0.7256	9.4707
0.9152	0.6251	9.5042
0.9440	0.6293	9.6329
0.9811	0.6066	9.7543
0.9404	0.6682	9.5910
0.9984	0.7298	9.5198
1.0379	0.5934	9.4648
0.8650	0.6508	9.4977
0.8500	0.7071	9.5210
0.9254	0.6580	9.5581
0.9129	0.5396	9.5551
0.9332	0.8471	9.5126
1.0331	0.6197	9.5904
1.0983	0.6993	9.5790
0.9404	0.7585	9.5629
1.0134	0.7322	9.3936
0.9763	0.6389	9.4528
0.9637	0.6772	9.2859
0.8931	0.9344	9.2452
1.1031	0.6586	9.4684
1.0379	0.7944	9.5892
0.9924	0.6688	9.4713
1.0020	0.6490	9.2225
1.0821	0.5330	9.2715
0.9888	0.6030	8.9048
1.0588	1.0289	8.7744
0.9458	0.9727	8.9605
1.0187	0.6670	9.1531
0.8889	0.8118	9.1501
0.8764	0.6084	9.0717
0.9374	0.4463	9.2177
0.8734	0.5821	9.0634
0.9296	0.9715	8.6656
1.1761	0.6419	8.8695
1.0271	0.5868	9.0640
0.9105	0.9081	9.0693
0.9302	0.6323	9.0454
0.9302	0.3823	9.1238
0.8124	0.6167	8.9880
0.9870	0.8064	8.9976
1.0510	0.5785	9.2799
1.0642	0.7639	9.0993
0.9565	0.7621	9.0269
0.9882	0.6144	8.9617
0.9194	0.5809	9.1005
0.9368	0.5186	8.7924
1.0594	0.9685	8.7308
1.0092	0.7208	8.7786
0.9733	0.7286	8.8941
0.9015	0.7023	8.7541
0.9164	0.6814	8.8199
1.1677	0.4977	8.9629
0.9535	0.6532	8.6273
0.9882	0.9254	8.5040
0.9787	0.7071	8.6135
0.9745	0.7406	8.6674
0.9493	0.8453	8.7577
0.9517	0.6712	8.8606
1.0959	0.6622	9.0323
0.8979	0.5898	8.9395
1.0140	0.6586	8.8474
1.0977	0.6939	8.8510
0.9248	0.7591	8.7613
0.9182	0.8249	8.7738
0.8369	0.8309	8.6452
0.9852	0.5503	9.0520
0.8261	0.7166	8.9838
0.7723	0.8154	8.9515
0.9493	0.5474	8.9306
0.8847	0.6024	8.7906
0.8644	0.8584	8.8414
0.9972	0.8417	9.0550
1.1264	0.5755	9.1166
0.9757	0.7645	9.0466
1.0995	0.8267	8.8654
1.0157	0.6592	9.2261
0.9984	0.6090	9.2129
0.8991	1.0433	8.8911
1.0630	0.7196	9.0544
0.9918	0.6221	9.1531
0.8818	0.6945	9.2392
1.0044	0.6897	8.8833
1.0869	0.4582	9.0430
0.8303	0.6120	8.8630
0.9751	0.9775	8.6237
0.9601	0.9236	8.8049
0.9188	0.5001	8.9270
0.7747	0.8955	8.9994
0.8662	0.7519	8.8049
1.0307	0.4002	8.8085
0.8901	0.6538	8.7086
0.8907	0.8429	8.5196
1.0032	0.6311	8.9413
0.9799	0.4606	8.7882
0.9344	0.8447	8.6303
1.1426	0.6694	8.6656
0.9799	0.5539	8.6530
0.9649	0.7729	8.6919
0.9948	0.8590	8.6931
1.0983	0.5563	8.9413
0.9547	0.8728	8.9395
0.8901	0.7220	8.9826
0.9547	0.5432	9.0047
0.9828	0.4654	9.1501
0.7729	0.7854	8.7894
0.9344	0.7699	8.7744
0.8471	0.6550	8.9994
0.9254	0.8046	8.8959
0.8339	0.7280	8.7260
1.0134	0.5103	8.9814
1.0247	0.6239	8.9539
0.8919	0.7149	8.7224
0.9643	0.6616	8.8349
1.0624	0.5480	8.8839
1.0002	0.9386	8.7607
1.0911	0.8231	8.7750
1.0558	0.6616	8.9401
0.9918	0.7208	9.0335
0.8907	0.8608	8.8492
1.0630	0.6730	9.0520
0.9410	0.6652	9.2189
0.9123	0.8010	9.0849
0.9374	0.8859	9.0963
0.8913	0.5623	9.1381
0.9416	0.7196	9.1854
1.0205	0.8183	9.1220
0.9960	0.6712	9.2584
1.0971	0.6389	9.2536
0.9206	0.7370	9.0412
1.0786	0.8500	9.0131
1.0301	0.6945	9.0723
0.8542	0.8189	9.1232
0.9308	0.6766	9.2045
0.9416	0.4128	9.2087
1.0403	0.7609	9.4181
1.0439	0.6999	9.1872
1.0636	0.6072	9.2937
0.9924	0.7759	9.2099
0.8770	0.8321	9.2733
1.0014	0.7448	9.2147
0.8339	0.7507	9.3397
0.8566	0.7346	9.2967
0.8722	0.7549	9.1274
0.9176	0.5073	9.1704
0.9464	0.7585	9.1441
1.0241	0.8716	8.9491
0.8542	0.5779	9.0628
0.9607	0.6090	8.9294
1.0409	0.8638	9.0436
1.0391	0.4899	9.1292
1.0863	0.6425	9.0945
1.0134	0.8261	9.2105
1.1892	0.5850	9.0382
1.0816	0.7484	9.1687
0.9487	0.8542	9.0388
1.1103	0.7232	9.2237
0.9745	0.6706	9.3086
0.9972	0.8028	9.0634
1.0301	0.8016	9.0861
0.8788	0.4744	9.2177
0.9643	0.8901	9.1112
1.0319	0.8895	8.9970
0.9936	0.6467	8.9952
0.9673	0.9057	9.0921
1.0349	0.7813	9.0693
1.0768	0.6191	9.2877
1.0271	0.7842	9.2967
0.9147	0.5408	9.1561
1.1378	0.5797	9.2494
1.0654	0.6843	9.0167
1.0241	0.8225	8.9174
1.0146	0.6138	9.0813
1.0941	0.7017	9.0825
0.9613	0.9236	9.1046
0.9218	0.7125	9.0957
0.9595	0.4582	9.3068
0.9284	0.7238	9.1782
0.9099	0.7214	8.9856
0.9978	0.5456	9.1214
0.8835	0.7591	8.8277
0.9326	0.9075	8.6374
0.9368	0.6550	9.0801
0.7741	0.8136	8.7786
0.7687	0.8052	8.7685
1.1952	0.6508	9.0191
1.0457	0.7424	9.0484
0.8411	0.6634	8.8833
1.1210	0.6036	9.0496
0.9051	0.6144	8.8995
0.7968	0.5797	8.7248
1.0062	0.6365	8.9120
0.8309	0.4702	8.9401
0.8782	0.7005	8.9318
0.9912	0.9571	8.7553
0.9320	0.4241	9.1675
0.9739	0.6401	9.2004
0.9763	0.8542	8.9730
0.9212	0.5623	8.9778
1.0038	0.6353	9.0574
0.8369	0.8088	9.0305
1.1085	0.6778	8.8827
0.9739	0.6909	8.9539
0.8734	0.8566	9.0239
1.1587	0.5844	8.9934
0.9272	0.7406	9.1555
0.8590	0.8483	9.0753
1.0002	0.6126	9.0239
0.8967	0.4929	9.2345
0.9272	0.7190	9.1328
1.0289	0.8213	8.9222
0.9852	0.4869	9.1507
1.0026	0.7890	8.9449
1.0911	0.9015	8.8767
0.9619	0.5180	9.1214
1.0486	0.7687	8.9778
1.1121	0.9942	9.1268
1.0439	0.7280	9.3350
1.0481	0.7513	9.2775
0.9757	0.8806	9.1639
0.9709	0.6221	9.0939
0.9781	0.7166	9.1722
0.8620	0.7495	9.2069
0.9918	0.6772	9.1764
0.9900	0.7735	9.2697
0.8518	0.6831	9.2769
1.0187	0.6580	9.1352
0.9643	0.9003	9.1166
0.8812	0.6550	9.1112
1.1797	0.6664	9.3601
0.9828	0.6790	9.0580
0.9147	0.6987	9.0341
1.0265	0.6024	9.2177
0.9769	0.6855	8.9922
0.9930	0.7513	9.0388
0.9846	0.7495	9.1124
1.0887	0.6622	9.1423
0.9458	0.8405	9.0903
0.9882	0.7513	9.0245
0.9679	0.5952	9.1698
0.9272	0.7561	9.0287
0.9308	0.6359	8.9593
0.9936	0.4827	9.1710
0.9290	0.7543	8.9689
1.0163	0.7286	9.0574
0.9529	0.5486	9.1399
0.8644	0.8483	9.1310
1.0660	0.7256	9.0263
0.9769	0.6233	9.3816
0.8770	0.8638	9.2189
0.8632	0.7639	9.0400
1.0642	0.5976	9.2524
0.9386	0.7771	9.3565
0.9649	0.6311	9.1148
1.0271	0.7125	9.0478
1.0223	0.6574	9.2841
0.8913	0.7322	8.9647
1.0732	0.7286	9.0406
0.9733	0.6927	9.0849
0.9422	0.8100	9.0897
1.0654	0.8818	9.0741
1.0175	0.6915	9.2799
1.0098	0.7926	9.2123
1.0038	0.7609	9.2440
1.1019	0.5659	9.2949
1.0427	0.7495	9.2644
1.0271	0.7615	9.2171
1.0014	0.5653	9.4073
0.8620	0.7460	9.2165
0.8620	0.7358	9.2195
0.8973	0.4343	9.3930
0.8100	0.7400	9.3421
0.9290	0.8177	9.2261
0.9158	0.7430	9.2566
0.8859	0.7250	9.3236
0.9422	0.8106	9.2219
0.8369	0.5761	9.4761
0.9003	0.7029	9.2027
0.9416	0.7896	9.3092
0.8339	0.6036	9.1154
1.0367	0.6790	9.1166
0.9649	0.7699	9.0867
0.9003	0.6389	9.2099
0.9218	0.7771	9.2297
0.9117	0.7962	9.1555
0.8608	0.6933	9.0000
1.0983	0.7759	8.8719
0.9912	0.7597	9.0376
0.9434	0.6419	9.1561
1.1354	0.8512	9.0909
1.0349	0.7280	9.0879
0.9882	0.7472	9.0454
0.9805	0.8979	9.1136
1.0074	0.7131	9.1387
1.0062	0.5832	8.9533
0.9679	0.9123	8.9419
0.8608	0.7065	8.9844
1.1288	0.5450	8.9712
0.9781	0.9649	9.1328
0.8818	0.6227	9.1794
1.0427	0.6754	9.1232
0.9864	0.7956	9.2632
0.8201	0.6987	9.0287
1.1109	0.5934	9.0777
0.9105	0.5958	9.1142
0.8393	0.7137	8.8701
1.1581	0.5707	9.0628
0.8871	0.4905	9.0682
0.7190	0.8351	8.8797
0.9470	0.5222	8.9754
0.9260	0.4750	9.0574
0.7436	0.8381	8.9264
0.9876	0.7986	9.0227
1.0181	0.5252	9.1011
0.8806	0.8871	9.0502
1.0373	0.8076	8.8965
1.0343	0.5444	9.1561
0.9392	0.7083	9.0903
0.9733	0.9344	8.8349
0.9715	0.6138	9.0424
0.8949	0.7561	8.9264
1.0457	0.9757	8.7643
0.9141	0.6909	8.8773
0.9661	0.6305	8.8959
1.0451	1.0169	8.8618
0.9781	0.7166	9.0586
0.9739	0.7023	9.0251
1.0253	0.8566	9.1196
0.9045	0.5838	9.2327
1.0068	0.7783	9.0801
0.8961	0.7783	9.0909
0.8829	0.5157	9.0723
0.9787	0.7992	8.9258
0.9661	0.6802	9.0532
0.8943	0.5749	9.0149
0.9099	0.7262	8.7613
0.9033	0.7011	8.9336
0.9799	0.5821	9.1322
0.9954	0.7543	9.0987
1.0510	0.7166	9.0699
1.0427	0.6646	9.3170
0.9619	0.7998	9.1698
0.9918	0.8142	9.1226
0.9230	0.7507	9.1465
0.9176	0.8483	9.2733
0.9954	0.8201	9.0705
0.9039	0.6299	9.1675
0.7783	0.9123	9.1477
0.9619	0.7226	9.1381
0.9386	0.5575	9.1692
1.0002	0.7537	9.2345
0.9888	0.6311	9.2285
0.9158	0.5521	9.2081
1.0624	0.7549	9.4660
1.0678	0.6814	9.2129
1.0780	0.6885	9.1226
1.0696	0.7489	9.0508
1.0582	0.8267	9.1555
1.0421	0.7448	9.0658
0.9643	0.7848	9.1011
0.9972	0.8494	9.1070
1.0151	0.7735	8.9946
0.9565	0.7160	9.0155
0.9547	0.6718	9.2021
1.0516	0.7298	9.0831
0.9900	0.7388	9.4085
0.9320	0.6658	9.1956
0.9781	0.8423	9.1238
1.0457	0.7340	9.0993
0.9141	0.7220	9.1495
0.9858	0.8447	8.8857
1.0469	0.7687	9.0185
0.9936	0.7478	9.0568
1.0433	0.6251	9.1178
1.0337	0.6963	9.0903
0.9918	0.7041	9.2129
1.0726	0.6179	9.3355
1.0690	0.7998	9.0795
0.9817	0.7938	9.2231
1.0385	0.6825	9.3505
1.0415	0.8112	9.2416
0.8812	0.7705	9.0879
1.0295	0.7669	9.2548
0.9691	0.8776	9.4600
0.9027	0.6556	9.1393
1.0498	0.6658	9.1782
1.1198	0.8500	9.1800
0.9434	0.7059	8.9922
1.0301	0.7220	8.9461
1.0355	0.8859	9.1423
0.8997	0.5587	8.9946
1.0379	0.6544	8.8313
0.8560	0.7944	9.1525
0.9236	0.6574	9.0568
1.0283	0.6981	8.8456
0.9075	0.7591	8.8833
0.9912	0.6849	9.0394
1.1450	0.6885	9.0089
1.0026	0.7896	9.1621
1.0163	0.6407	9.0598
1.1324	0.6825	9.1914
1.0486	0.7196	9.0921
0.8572	0.6634	9.2027
1.1838	0.6299	9.2458
0.9380	0.9147	9.1202
0.7938	0.5838	9.2093
1.1055	0.6796	9.1728
0.9948	0.8973	9.1495
0.9212	0.5922	9.0544
1.2257	0.7436	9.1106
1.0774	0.9308	9.2345
0.9057	0.7143	9.0047
1.1198	0.7155	8.8959
0.8614	0.8686	9.1645
0.8339	0.6275	8.9407
0.9230	0.6580	9.1561
0.7358	0.8291	9.2662
0.8506	0.5593	9.1262
0.9248	0.4857	9.1764
0.8782	0.6933	9.2045
1.0355	0.5946	9.0173
1.0116	0.6628	9.0023
0.8572	0.6281	8.9264
1.0427	0.7573	8.7517
1.0564	0.6598	8.6937
0.8028	0.7280	8.6769
1.0768	0.7579	8.8660
1.1258	0.6939	8.8474
0.9027	0.7364	9.0071
0.9368	0.8118	8.9976
1.0989	0.7196	8.7667
0.9003	0.7274	9.0179
1.0151	0.6688	9.1172
1.0068	0.8483	9.0783
0.9996	0.6054	9.0353
0.9464	0.6496	9.1609
0.9470	0.7334	9.1208
1.1324	0.6341	9.1860
0.9703	0.6054	9.1914
0.7819	0.7639	9.3044
0.9152	0.6473	9.2410
0.9607	0.4732	9.4151
0.6628	0.7011	9.1046
0.9230	0.6652	8.8510
0.9589	0.5252	8.8935
0.8704	0.6885	8.9090
0.9476	0.8219	8.7984
1.0439	0.5312	8.9587
0.9416	0.7723	8.8510
0.9027	0.9476	8.5011
1.1312	0.7454	8.4807
0.9876	0.8333	8.2863
1.0475	0.7729	8.3156
1.1904	0.6706	8.4131
1.0498	0.7035	8.3611
1.0181	0.7777	8.5752
1.0546	0.8381	8.5017
1.0169	0.7370	8.6022
1.0534	0.7531	8.8331
0.9529	0.7789	8.7272
0.8602	0.5809	8.9025
1.0911	0.6431	8.9946
0.9158	0.6843	8.8785
0.9111	0.7448	8.8163
1.0044	0.4929	9.0155
0.9099	0.7352	8.8349
0.8363	0.8333	8.5058
1.0128	0.5874	8.7403
0.9176	0.9182	8.5794
0.9547	0.7675	8.6488
1.0271	0.5234	8.7098
0.9942	0.6933	8.6536
0.9446	0.7896	8.4287
0.8734	0.5031	8.4227
0.9697	0.6927	8.3419
0.9015	0.5964	8.3342
0.8800	0.5061	8.3814
0.8315	0.8776	8.1918
0.9643	0.7160	8.4819
1.0092	0.6939	8.4239
0.8243	0.8566	8.5417
1.0762	0.6969	8.7846
1.1007	0.7591	8.7050
0.7902	0.7208	8.7774
1.0941	0.5545	8.9808
1.0672	0.7478	8.8612
0.7807	0.5438	8.8492
1.0780	0.5503	8.9617
1.0606	0.8405	8.9419
0.8548	0.7244	8.9192
0.9326	0.7322	8.9706
1.0253	0.9260	9.0281
0.9386	0.7202	8.9013
0.9117	0.6173	8.9916
0.9643	0.8806	8.9473
0.9188	0.7711	8.7314
0.9003	0.4953	8.7972
0.8159	0.6843	8.9342
0.8614	0.7501	8.7792
0.8363	0.5103	8.8265
0.7675	0.8423	8.7397
0.7902	0.5551	8.8313
0.9182	0.4122	8.7960
0.9069	0.7747	8.6931
0.9272	0.6664	8.7942
1.1665	0.6018	8.9940
0.8136	0.8004	8.8582
0.9739	0.7573	8.8558
1.1145	0.7615	8.8331
0.9350	0.6389	8.9264
1.0193	0.7525	9.0245
1.0451	0.8686	8.8307
0.9392	0.7735	8.8851
1.1904	0.6915	9.0993
0.9434	0.9733	9.0771
1.0373	0.7436	9.1507
1.1156	0.6975	9.3332
0.9248	0.8435	9.0873
0.9942	0.7119	9.2183
0.9464	0.6096	9.3152
0.9356	0.8100	9.1687
0.8554	0.6485	9.1896
1.0887	0.5767	9.1818
1.0397	0.6975	9.1017
0.8889	0.7448	9.1716
1.0469	0.5342	9.2231
1.1767	0.6233	9.2691
0.6975	0.6658	9.0723
1.0935	0.6018	9.0939
1.0540	0.6933	9.1088
0.8082	0.6802	8.9013
1.0283	0.7137	8.9389
0.9649	0.5629	9.0616
0.9045	0.6562	9.0263
0.8776	0.7226	8.5591
0.9864	0.6323	8.2097
1.0056	0.7627	8.0692
0.9589	0.8124	7.8030
1.0893	0.7190	7.7683
1.1814	0.7466	7.8933
0.9876	0.7801	8.0303
1.0564	0.7579	8.1146
1.0498	0.8034	8.2983
0.9470	0.8207	8.2205
0.9505	0.7729	8.3186
1.0110	0.7597	8.5860
1.0247	0.6903	8.4855
0.8136	0.8788	8.4927
1.0576	0.7071	8.8660
1.0002	0.6413	8.8863
0.9266	0.9170	8.8815
1.0935	0.6132	8.9246
1.0983	0.6736	9.1040
0.8674	0.8536	9.0197
1.0492	0.6449	8.9850
1.0935	0.6915	9.1746
0.8590	0.7591	8.8851
1.1354	0.6395	9.0789
1.0259	0.5737	9.1453
0.8871	0.7639	9.1352
1.1186	0.6688	9.2147
0.9404	0.7328	9.3110
1.0187	0.8381	9.2524
1.1139	0.7489	9.2362
1.0684	0.7406	9.3720
1.0403	0.7513	9.4480
1.0469	0.6616	9.3445
0.9422	0.8201	9.2315
0.8590	0.7489	9.2171
0.9643	0.6287	9.2321
0.9224	0.7507	9.1250
0.8345	0.6909	9.1938
0.9864	0.6329	9.3266
0.9697	0.7579	9.2398
0.9583	0.6443	9.3846
0.9918	0.6066	9.5078
0.9763	0.7041	9.4701
0.9643	0.7208	9.3164
0.9559	0.6012	9.3840
0.8435	0.7089	9.3308
1.0086	0.5408	9.3679
0.9637	0.5617	9.4301
0.8782	0.8136	9.1645
1.0146	0.6778	9.1417
1.0259	0.5952	9.2757
0.9158	0.9260	9.0538
0.9828	0.6754	9.2159
1.1587	0.6419	9.2159
0.9553	0.9619	9.2153
1.0151	0.7238	9.3673
1.1067	0.6999	9.3164
0.9117	0.6652	9.3858
1.0229	0.5378	9.2644
0.9583	0.7466	9.2285
0.7848	0.6532	9.3990
1.0169	0.5497	9.2111
0.9404	0.7729	9.2590
0.8632	0.5288	9.2339
1.0887	0.6718	9.2668
0.9577	0.8494	9.3828
0.8231	0.5605	9.3732
1.0068	0.7430	9.2709
0.8859	0.8064	9.3134
0.9015	0.6281	9.2428
1.0235	0.6963	9.3098
1.0678	0.7436	9.2961
1.0349	0.7286	9.2817
1.0492	0.7268	9.3996
1.0696	0.7059	9.4295
0.9733	0.7627	9.4313
0.9541	0.6496	9.4085
0.9320	0.8770	9.2973
1.0636	0.7035	9.2859
1.0337	0.5515	9.5120
0.9787	0.7771	9.3667
1.0140	0.7543	9.2715
1.0600	0.5689	9.5718
0.9410	0.7484	9.3966
0.8853	0.8620	9.2177
0.8375	0.5037	9.5952
0.8279	0.7597	9.5054
0.9727	0.6957	9.3726
0.9745	0.6353	9.5671
0.8865	0.8207	9.6418
0.9254	0.6556	9.6203
0.9236	0.5294	9.4737
0.8794	0.7836	9.3613
0.9063	0.7334	9.5389
0.9362	0.6676	9.3254
0.8255	0.7023	9.4067
1.0768	0.6837	9.3499
1.0576	0.8094	9.3242
0.9051	0.6407	9.4079
1.0175	0.6969	9.4618
1.0606	0.9326	9.3445
0.8171	0.6048	9.4343
1.0481	0.6933	9.4528
1.0193	0.8949	9.3822
1.0134	0.5001	9.4749
1.0762	0.7753	9.4833
0.9900	0.9021	9.3589
0.9182	0.6185	9.4301
1.0271	0.7041	9.4917
0.8710	0.8165	9.4121
0.9637	0.5390	9.3906
0.9434	0.6407	9.5234
0.9194	0.7669	9.4803
0.9822	0.6383	9.4462
0.8973	0.6072	9.3583
0.8650	0.7789	9.3397
0.9619	0.6897	9.2632
0.9123	0.6221	9.4331
0.8321	0.8303	9.3559
0.9727	0.7388	9.3254
1.0624	0.5737	9.4061
0.9242	0.7938	9.2937
0.9607	0.8010	9.1657
1.0211	0.6078	9.4366
0.8494	0.7771	9.5198
1.0307	0.7753	9.3661
0.9559	0.5647	9.5371
1.0110	0.7669	9.3559
0.9763	0.9224	9.3708
0.9260	0.7041	9.3619
0.9111	0.8704	9.4241
0.9200	0.6455	9.4935
0.9948	0.4690	9.4289
0.9799	0.7705	9.3852
1.0349	0.6245	9.4767
1.0379	0.6760	9.2919
0.8782	0.6790	9.2721
1.0516	0.6562	9.3559
0.9769	0.8213	9.2446
0.8716	0.6060	9.3320
1.0947	0.7077	9.4073
1.0367	0.8518	9.3439
0.9272	0.6820	9.4558
1.0923	0.7651	9.5342
0.9021	0.8925	9.4426
0.8327	0.6502	9.5120
0.9356	0.7860	9.5431
0.9021	0.7950	9.3930
0.8823	0.4881	9.4666
0.9559	0.6766	9.5581
1.0002	0.7854	9.4043
0.8488	0.4702	9.5108
1.0798	0.6574	9.4103
0.9356	0.7729	9.4175
0.8668	0.4552	9.4283
1.0624	0.6018	9.4719
0.9553	0.7304	9.3918
0.9745	0.5306	9.2877
1.0008	0.7848	9.3696
0.9864	0.7262	9.4917
0.9236	0.6383	9.2901
0.9709	0.7220	9.3912
0.9655	0.7382	9.4223
1.0307	0.6706	9.4343
0.8686	0.5886	9.5126
0.9727	0.8722	9.4725
0.9063	0.8189	9.1621
0.9087	0.5228	9.2787
1.0199	0.8028	9.3547
0.9476	0.7866	9.2189
1.0044	0.5336	9.3667
1.0038	0.8309	9.3684
0.9828	0.6951	9.1782
0.9954	0.5384	9.2644
0.8417	0.7364	9.3918
0.9182	0.6377	9.0095
0.9625	0.5450	9.2422
0.8381	0.7424	9.2207
0.9805	0.7238	9.1268
0.9858	0.5312	9.2153
0.9326	0.7974	9.2345
0.8919	0.8608	9.1501
0.9769	0.5569	9.4019
0.9218	0.7848	9.3942
0.9787	0.8895	9.2703
1.0504	0.5486	9.3373
1.0026	0.7902	9.4145
1.0744	0.9236	9.1268
1.0104	0.6138	9.1316
0.9057	0.7579	9.2602
0.9984	0.8387	9.0394
0.8483	0.5533	9.1196
1.0110	0.5832	9.2620
1.0648	1.0301	9.0753
0.9039	0.5629	9.2386
0.9757	0.7789	9.1812
0.9254	0.8548	8.9808
0.9386	0.4684	9.1112
1.0289	0.8357	9.2422
0.8770	0.8249	9.0729
0.8847	0.4193	9.2907
0.9607	0.7107	9.4211
0.9290	0.7340	9.2339
0.8680	0.4851	9.2889
0.8895	0.6981	9.3116
1.0618	0.7382	9.1130
0.9033	0.5318	9.4163
0.9158	0.7011	9.3403
1.0516	0.8369	9.0568
0.8979	0.5079	9.2536
0.9493	0.7047	9.1866
0.9559	0.8291	9.1184
0.9517	0.5007	9.2027
0.8764	0.8357	9.4313
0.9703	0.8267	9.2057
0.8889	0.5234	9.3445
1.0343	0.6694	9.2374
0.9972	0.8829	9.0077
0.8734	0.6305	8.9856
0.9745	0.6490	9.0598
1.0798	0.8159	8.9754
0.8764	0.4014	9.0490
0.8674	0.6891	8.9461
1.0672	0.9021	8.9449
0.8925	0.7418	9.1178
0.9721	0.6736	8.8438
1.0295	0.7214	8.9270
1.0104	0.4481	8.8474
1.0307	0.5832	8.6578
0.9278	0.6987	7.9872
1.0929	0.4463	7.8843
0.9129	0.7771	7.5056
0.8554	0.6634	7.2281
0.8303	0.7113	7.1198
0.9936	0.5192	7.5074
0.8572	0.7035	7.4225
0.9350	0.5767	7.7449
1.0875	0.5450	7.8741
0.9679	0.7657	7.9334
1.0056	0.6568	7.6325
0.9601	0.8243	7.3238
0.8728	0.6156	7.3220
1.0534	0.6718	7.5445
0.9643	0.7633	7.2945
0.9003	0.6490	7.4016
1.2149	0.5976	7.2137
0.9822	0.6688	7.1964
0.8943	0.7460	6.8566
1.2138	0.6281	6.9870
1.0612	0.6849	6.7693
0.8273	0.8171	6.6383
0.9631	0.7484	6.4654
0.9476	0.6437	6.7585
0.8542	0.8632	6.4115
1.0451	0.7777	6.6945
0.9679	0.7531	7.1832
0.9260	0.7998	6.9649
0.9834	0.6514	7.0259
1.0570	0.6891	7.0887
0.9888	0.7543	7.3208
1.0528	0.6754	7.5068
0.9966	0.6437	7.4165
0.9194	0.7998	7.3914
1.1007	0.5826	7.6917
1.0774	0.4887	7.7988
0.9236	0.7196	7.9023
1.0020	0.5940	7.9417
1.0295	0.5797	8.2061
0.8130	0.6335	8.2037
0.9523	0.7406	8.1583
0.8494	0.6814	8.3958
0.8979	0.6652	8.4622
1.0181	0.8650	8.4723
0.8698	0.7304	8.6279
0.8692	0.7059	8.8492
0.9817	0.8710	8.6536
0.8243	0.6365	8.5716
0.9320	0.5988	8.7038
0.9356	0.6538	8.6392
0.9619	0.6335	8.7762
0.9386	0.5665	8.8025
0.8518	0.7131	8.8582
0.9589	0.7472	8.7667
0.9499	0.7466	8.9180
0.9948	0.7519	8.7655
1.1294	0.6885	9.0341
1.1952	0.7472	9.0209
0.9493	0.7101	8.8725
1.0504	0.6455	8.9904
1.0923	0.7872	9.0251
0.8847	0.7178	8.9449
1.0475	0.6251	8.9509
1.0618	0.6969	9.1220
0.8883	0.6126	8.9294
1.0235	0.7071	8.9772
0.8841	0.6909	9.1160
0.9152	0.8327	8.8366
0.9493	0.7047	8.9527
0.9123	0.5294	9.0574
0.9194	0.7998	9.1088
1.0074	0.9314	8.8295
1.0140	0.6556	9.0885
0.8189	0.7561	9.0658
0.8411	0.9015	8.5776
0.9320	0.7166	8.6261
0.8883	0.6526	8.6004
0.8381	0.8010	8.5585
0.9846	0.7549	8.7074
0.9948	0.7274	8.9030
0.9230	0.6514	8.7439
1.0157	0.7220	8.7930
0.9900	0.8955	8.7625
0.8429	0.6018	8.8008
1.0732	0.6401	8.9060
0.9057	0.6831	8.9294
0.9673	0.6473	8.9312
0.9799	0.7651	8.9467
0.8794	0.6538	8.9066
0.9410	0.7747	8.7804
1.0265	0.7890	9.0777
0.9314	0.4074	9.1627
0.9643	0.8201	9.0077
0.9440	0.9033	8.8678
0.9900	0.4696	9.0903
0.9308	0.7262	8.9533
0.9308	0.9051	8.8307
1.0570	0.4696	9.2506
0.9888	0.7334	9.0717
0.9613	0.8764	9.0717
1.0241	0.5432	9.3379
0.9984	0.7902	9.2793
1.0564	0.6796	9.1591
1.1719	0.6897	9.1375
0.9793	0.8273	9.0412
0.9822	0.6867	9.0819
1.1701	0.7202	9.1100
0.9577	0.7424	8.9324
0.8770	0.7286	8.8504
1.2024	0.7244	9.0891
0.9493	0.6784	9.1537
0.9541	0.6951	8.8983
1.0175	0.8070	9.0221
1.0026	0.4905	8.9754
0.9368	0.6951	8.9270
0.9452	0.8285	8.7930
0.9858	0.5773	8.8211
1.0343	0.5994	8.9635
0.9936	0.8728	8.7332
0.8752	0.5629	9.1292
0.9996	0.8028	8.8869
0.8680	0.8255	8.8845
0.9631	0.5683	8.7457
1.0534	0.8435	8.7200
0.9182	0.8506	8.7762
1.1001	0.6197	8.8905
0.9152	0.8770	8.9258
0.8363	0.6891	8.8253
1.0684	0.6138	8.7481
0.9505	0.5803	8.8097
0.8465	0.7585	8.4628
1.1330	0.7178	8.8349
0.9757	0.5097	8.8528
0.9763	0.7460	8.6674
1.0134	0.9093	8.7027
0.9727	0.5755	8.9054
0.9805	0.7238	8.8917
1.0379	0.9505	8.8516
0.9787	0.5838	9.1579
0.9703	0.7579	9.2021
0.8895	0.7627	9.2374
0.8668	0.5916	9.0544
0.9021	0.5803	9.1046
0.7753	0.7041	9.1076
1.0104	0.5456	9.3098
0.9224	0.5180	9.2925
0.7603	0.6855	9.1142
0.9721	0.4959	9.2410
0.8548	0.6042	9.2386
0.8022	0.7406	8.9647
0.9828	0.6233	9.1352
1.0020	0.6263	9.2315
0.8034	0.7723	8.9551
0.9290	0.7807	8.7685
0.9176	0.6221	8.8582
0.7549	0.7543	8.6608
1.0481	0.6646	8.6967
0.8542	0.6090	8.7882
0.9003	0.7621	8.8755
1.0259	0.8979	8.8522
0.9033	0.6825	8.9120
0.8650	0.7609	8.6578
0.8488	0.6544	8.8510
0.9320	0.6508	8.9527
0.8632	0.5976	9.0592
0.8171	0.7430	9.0484
1.0827	0.6167	9.1866
0.9763	0.3529	9.3110
0.8758	0.6461	8.9156
0.9487	0.6927	9.0131
1.0349	0.4516	9.1770
0.7830	0.7777	8.9126
0.8530	0.8070	8.9036
0.8800	0.4750	8.9922
0.7669	0.7489	8.8965
0.9739	0.7184	8.7397
0.9182	0.5689	8.8785
0.9135	0.7824	8.8151
0.9817	0.7071	9.0747
0.8823	0.5384	9.0610
0.8572	0.7101	8.8845
0.8411	0.6825	9.0825
1.0247	0.6957	9.0885
0.9320	0.6778	9.1519
0.8901	0.7914	9.0269
0.9081	0.6676	9.1070
0.9374	0.4905	9.2171
0.7669	0.6885	9.2045
0.9129	0.7346	9.1130
1.0307	0.4301	9.3870
0.9362	0.7460	9.0520
1.0253	0.8124	8.9856
1.0295	0.4630	9.3056
0.9440	0.7166	9.1728
0.9440	0.7639	9.0400
1.0235	0.6670	8.9473
0.8572	0.8530	8.9497
0.9852	0.7202	8.9892
1.1791	0.5695	9.0664
0.9787	0.7220	9.1537
0.9368	0.8285	9.1495
1.0062	0.8154	9.1256
0.9152	0.5970	9.1435
0.9272	0.7208	9.1292
0.8459	0.8040	9.0107
0.9242	0.4726	9.1800
0.9440	0.7507	9.2129
0.8477	0.7783	8.9425
0.8925	0.5797	9.2404
0.9709	0.5097	9.2452
0.8291	0.7137	9.1675
1.0289	0.4493	9.1005
0.8596	0.6814	9.0711
0.8644	0.6825	8.9144
1.1055	0.4947	8.9078
0.9607	0.6712	8.7529
0.7184	0.7059	8.7080
1.0744	0.6849	8.8899
0.8399	0.5378	9.0640
0.7872	0.6610	9.0789
0.8303	0.8094	8.8564
0.9099	0.5486	9.0101
1.0672	0.5898	9.1070
0.8357	0.9296	8.7888
1.0134	0.7394	8.8935
1.0307	0.7143	8.7529
0.8668	0.8189	8.6877
0.9613	0.5288	8.7607
1.0445	0.6790	8.7655
0.8363	0.8136	8.5657
1.0642	0.6221	8.6392
0.8895	0.4869	8.5669
0.8602	0.6951	8.5214
1.0283	0.6520	8.5681
0.9619	0.6784	8.6069
0.8028	0.6317	8.8175
1.0199	1.0409	8.6877
1.0050	0.6490	8.7248
0.9224	0.6814	8.5758
0.8584	0.8602	8.4341
1.0008	0.6532	8.6787
0.8554	0.5474	8.8564
0.7890	0.6915	8.6512
0.7448	0.7460	8.7786
0.9649	0.3308	9.0478
0.9033	0.6796	8.9180
0.9117	0.7166	8.4568
1.1545	0.6150	8.5316
0.9607	0.8040	8.2020
0.8142	0.8088	8.2636
1.0810	0.8159	8.2528
0.8728	0.6377	8.5196
0.9960	0.6371	8.3629
1.0923	0.6473	8.3677
0.9278	0.4905	8.4382
1.0995	0.9164	8.5268
0.8494	0.6891	8.4275
0.9021	0.5761	8.5645
0.8841	0.6969	8.5657
0.8237	0.8853	8.3832
1.1491	0.5234	8.5704
0.9811	0.6323	8.7284
0.9733	0.6760	8.6129
1.1091	0.4558	8.7439
0.9428	0.4331	8.7948
0.6407	0.6132	8.7218
1.0080	0.6120	8.6129
0.8100	0.5689	8.6919
0.7507	0.6718	8.6135
0.7759	1.0421	8.3623
0.9392	0.6724	8.4735
1.0193	0.6461	8.7188
0.8806	1.0169	8.6279
0.8614	0.7053	8.7571
1.0893	0.4020	8.9491
0.7747	0.6915	8.7009
0.7424	0.5934	8.5842
1.1085	0.4965	8.4676
0.9272	0.7101	8.4448
0.9464	0.5701	8.2277
1.0403	0.6802	8.2402
0.9039	0.6574	8.2797
0.8901	0.6724	8.3545
0.9625	0.8321	8.1828
0.8674	0.4576	8.2965
1.0582	0.8183	8.3635
0.9236	0.7807	8.3617
0.9015	0.5318	8.5573
1.0905	0.8506	8.8247
0.7101	0.8273	8.7655
0.9123	0.5886	8.9700
0.7472	0.5850	8.8229
0.9105	0.7262	8.8145
1.0277	0.5049	8.9617
0.8548	0.5928	8.8624
0.9446	0.7777	8.8151
1.0199	0.7107	8.9377
0.9517	0.6640	8.9766
0.9314	0.5462	9.0424
1.0762	0.8429	9.1525
1.0181	0.5186	8.9742
0.9523	0.4367	8.9383
0.7388	0.8064	8.4963
0.8201	0.5695	8.4442
0.8542	0.6461	8.1888
0.7346	0.8812	8.1415
0.9619	0.8255	8.3240
1.0469	0.6969	8.6189
0.8494	0.7310	8.6291
0.9972	0.8327	8.7529
1.0839	0.7172	8.7080
0.9320	0.7274	8.7080
0.8656	0.7878	8.5675
1.0427	0.7651	8.5244
0.9649	0.4582	8.6680
1.0187	0.6431	8.7481
0.8812	0.7830	8.5447
1.1773	0.5025	8.9419
0.9069	0.6843	8.7403
0.7495	0.8823	8.4634
0.8548	0.6215	8.6692
0.8267	0.6018	8.7738
0.8596	0.8243	8.6847
0.8967	0.8130	8.7661
1.0068	0.7292	8.8929
1.0068	0.6479	9.1435
0.8225	0.6909	8.9647
0.8662	0.6574	9.0532
0.7878	0.5025	9.2027
0.8052	0.7735	9.0191
0.9912	0.7591	8.8701
1.0756	0.5294	9.0143
1.0989	0.7334	8.9001
1.0756	0.7765	9.0335
1.1097	0.5850	9.1328
1.0235	0.5719	9.1842
0.9996	0.9075	9.0664
0.8680	0.8106	9.0185
0.9015	0.5545	9.1669
0.9703	0.8112	9.1932
0.7472	0.7830	9.2219
0.9511	0.6550	9.3122
0.7519	0.6407	9.4325
0.9093	0.6736	9.3248
0.9595	0.6664	9.4773
0.7992	0.4630	9.3667
1.0618	0.8267	9.1411
1.0110	0.7747	9.2333
0.9595	0.7149	9.2153
1.0606	0.6431	9.4887
0.9793	0.8070	9.3954
1.0522	0.5049	9.3278
0.9942	0.4403	9.2829
0.6987	0.7436	9.1633
0.9344	0.7328	8.9521
0.9200	0.6556	9.0018
0.7645	0.6479	8.8630
0.9164	0.8321	9.0921
0.9954	0.5773	9.1423
0.7747	0.7232	9.0101
0.9176	0.9117	8.8695
0.8590	0.7597	8.9383
0.9607	0.6341	9.0993
1.0965	0.8542	8.9377
0.8405	0.8345	8.9760
1.1946	0.5761	9.0472
0.9446	0.6754	9.0125
0.8662	0.5797	8.7750
0.9793	0.6341	8.7816
0.7729	0.4851	8.9102
0.9499	0.6365	8.6871
0.9882	0.7687	8.6051
0.8130	0.5414	8.8618
1.1091	0.6933	8.9479
0.8806	0.7914	8.5023
0.9081	0.5737	8.4705
0.9655	0.6586	8.5609
0.7352	0.8716	8.5220
0.9858	0.6508	8.5106
0.8692	0.6173	8.5740
0.7950	0.7262	8.4753
1.0205	0.7819	8.7547
1.0104	0.6670	8.7409
0.7627	0.5886	8.8672
0.9559	0.7585	8.8025
0.8369	0.6975	8.7918
1.0409	0.3577	8.9342
0.8518	0.8441	8.6662
0.8973	0.7089	8.7936
1.1180	0.6401	8.7362
0.8046	0.7603	8.6853
0.8207	0.6467	8.6410
0.8937	0.4594	8.9473
0.7382	0.3709	8.8684
0.9224	0.6814	8.9994
0.8130	0.8566	8.8947
0.8524	0.5767	8.8965
1.0839	0.8279	9.0508
0.7842	0.9123	8.9090
1.0469	0.5791	9.1106
0.9398	0.7549	9.0556
0.8165	0.6849	8.9216
0.9410	0.5569	8.9210
0.8411	0.6502	8.8366
0.8668	0.6700	8.9078
0.7729	0.6760	8.9354
0.8512	0.5264	9.0466
0.8806	0.5761	9.2327
0.8949	0.7358	8.8612
0.8985	0.6126	9.0514
1.0259	0.4929	9.0825
0.7208	0.8632	8.9677
1.0247	0.6927	9.0394
0.9422	0.5575	9.1208
0.7472	0.7274	8.9856
0.8518	0.8136	9.0789
0.9667	0.6520	9.2267
0.9822	0.5551	9.4139
0.8985	0.8387	9.4331
0.9410	0.8213	9.1764
1.0397	0.4965	9.2506
0.8979	0.6508	8.9964
0.9141	0.8303	8.6709
1.1294	0.5503	8.9246
0.8800	0.4355	8.9036
0.9876	0.5940	8.8600
0.9045	0.7202	8.7756
0.8165	0.4594	8.8947
1.0032	0.7615	8.9401
0.8357	0.7902	8.8767
1.1426	0.6778	9.0933
0.8782	0.6688	9.1938
0.9188	0.7507	9.1142
1.0325	0.6520	9.1615
0.8548	0.5575	9.0466
0.9296	0.8764	9.0227
0.9607	0.9087	9.0729
0.9386	0.6772	9.1172
1.0265	0.6191	9.2309
0.8788	0.7394	8.9904
0.9930	0.6724	8.9922
0.9733	0.4786	9.0550
0.7890	0.7639	8.8947
1.0708	0.5934	9.1519
0.9637	0.5623	9.1172
0.8853	0.5318	9.0951
0.8405	0.8752	8.9844
0.8231	0.6144	9.1621
0.9440	0.5192	9.3535
0.9033	0.8674	9.0993
0.8040	0.7155	9.1154
0.9284	0.6173	9.2057
0.8273	0.6808	9.2763
0.9434	0.7537	9.1220
0.9811	0.5539	9.3696
0.7801	0.5264	9.3684
1.0122	0.6335	9.2638
0.8429	0.7220	9.2608
0.9499	0.4498	9.3804
1.0313	0.8847	9.4839
0.8040	0.6670	9.3092
1.0839	0.7071	9.2021
0.9099	0.6407	9.1579
0.9613	0.6012	9.2356
0.9422	0.7860	9.2291
0.8722	0.6144	9.3170
1.0869	0.7591	9.2650
0.8560	0.8710	9.0095
0.9152	0.4546	9.2739
0.9332	0.4989	9.3332
0.7759	0.7436	9.1136
1.0211	0.6257	9.1776
0.8578	0.5605	9.0053
0.8393	0.7364	8.9952
0.9817	0.7202	9.0682
0.9069	0.6048	9.0388
0.9236	0.6556	9.4002
0.8829	0.8435	9.1148
0.8303	0.6461	9.1226
1.0068	0.4002	9.1932
0.9099	0.7256	9.0981
1.0576	0.6778	9.2171
1.0157	0.6915	9.1830
0.7789	0.6293	9.1770
0.9422	0.6688	9.0131
0.7669	0.6215	9.1806
0.9691	0.4253	9.3050
0.7693	0.9188	9.2967
0.7860	0.7597	9.2955
0.9763	0.7591	9.0789
0.8112	0.5886	9.2321
0.9607	0.7753	9.0550
0.9093	0.6024	9.2111
0.8674	0.5061	9.1292
1.0798	0.7448	9.1567
0.8937	0.6156	9.1387
1.0463	0.5910	9.3936
0.9960	0.6694	9.3816
0.8973	0.7549	9.1142
1.0211	0.5773	9.1381
0.8381	0.6407	9.0640
0.8782	0.6108	8.9096
0.9470	0.7489	8.9001
0.7244	0.6502	8.9198
1.0439	0.7382	9.0149
0.8889	0.8189	8.8695
0.9003	0.5438	9.0029
0.9649	0.7358	9.0329
0.9332	0.6317	8.9467
1.1079	0.6706	8.9617
0.8106	0.6413	8.5740
0.9242	0.8231	8.6004
1.1097	0.7047	8.7092
0.9972	0.6508	8.8402
0.9338	0.5629	8.9940
0.7525	0.8758	8.6458
0.7735	0.7101	8.6392
0.9487	0.5438	8.3569
0.7633	0.6903	8.2893
0.9673	0.5958	8.2624
1.0265	0.7160	8.2468
0.7795	0.5659	8.4221
1.0768	0.6431	8.2474
0.8823	0.6772	8.4041
1.1025	0.3105	8.7314
0.9709	0.8016	8.5621
0.8130	0.8207	8.4975
1.1043	0.6676	8.6189
0.9948	0.5880	8.7523
1.0056	0.5450	8.4676
0.9380	0.5665	8.3701
0.8447	0.5300	8.2229
1.0014	0.6891	8.2684
0.8028	0.6413	8.4347
1.0319	0.5085	8.4795
0.7466	0.7035	8.5776
0.6987	0.6736	8.4646
0.8560	0.6855	8.5477
0.7603	0.4205	8.5878
1.0283	0.6191	8.8283
0.9852	0.7029	8.7421
0.9978	0.5115	8.6183
1.0570	0.7023	8.6859
0.8291	0.6909	8.8002
1.0959	0.5426	8.9204
0.9380	0.5862	8.9090
0.8004	0.8058	8.6309
1.0128	0.9386	8.6775
0.8692	0.6281	8.8480
0.9936	0.4869	9.0921
0.8871	0.8345	8.8205
0.6138	0.5515	8.8540
1.0421	0.5922	8.9473
0.7597	0.6891	9.0185
0.9332	0.6598	8.9437
0.9846	0.6042	8.9964
0.8459	0.5934	8.9790
1.0923	0.6706	9.0831
0.8291	0.6993	9.0185
0.9697	0.5168	9.2775
0.9811	0.6305	9.2757
0.9105	0.6173	9.0765
1.0403	0.5486	9.1878
0.8626	0.6658	9.0293
1.0750	0.6490	9.0598
0.8913	0.7029	9.0167
0.8566	0.6485	8.9132
1.0259	0.7669	8.9186
0.8883	0.6849	9.1830
1.0128	0.6078	9.2464
0.7143	0.7591	8.9784
0.8901	0.6431	8.8887
0.9751	0.6718	8.9318
0.7998	0.5288	9.0113
1.0253	0.6939	8.7607
0.8387	0.7795	8.7451
0.9984	0.4487	8.7996
1.0708	0.4660	8.7936
0.7789	0.6431	8.6596
0.9775	0.7274	8.7224
0.8806	0.6562	8.5860
0.9589	0.6347	8.6781
1.0038	1.0026	8.6057
0.8237	0.6670	8.6757
1.1384	0.6197	8.9150
0.8656	0.7974	8.8797
0.9757	0.5749	8.7583
1.0062	0.6831	8.6739
0.7591	0.6311	8.6865
1.0552	0.7442	8.2875
0.8213	0.6437	8.4903
1.0457	0.4493	8.6620
1.0810	0.7549	8.6853
0.8159	0.7454	8.3766
1.1073	0.6861	8.6434
0.8991	0.7543	8.6177
0.9978	0.5258	8.7565
0.8806	0.6796	8.6727
0.7352	0.6544	8.6033
1.0887	0.7549	8.6327
0.7376	0.6066	8.7098
1.0283	0.5892	8.6937
0.8207	0.8339	8.8002
0.8447	0.6802	8.5573
0.9350	0.7041	8.6249
0.6951	0.4463	8.7708
1.0851	0.5982	8.9216
0.8518	0.6670	8.9276
0.8417	0.5372	8.6961
1.0169	0.7166	8.7290
0.7681	0.7029	8.7840
1.0630	0.5210	8.9108
0.8788	0.5976	8.8366
0.8237	0.6748	8.8067
1.0594	0.8459	8.8360
0.9350	0.6185	9.0861
1.0409	0.5677	9.1621
0.8494	0.9452	8.8014
0.7693	0.5468	8.9934
1.0570	0.5061	9.0317
0.7232	0.6760	8.9485
0.9727	0.6263	8.8857
0.9290	0.7125	8.7798
1.0516	0.5497	8.9126
1.0546	0.6622	8.6428
0.8405	0.8165	8.7912
1.1659	0.4839	8.8331
0.8901	0.8584	8.6554
1.0253	0.7298	8.7200
1.1521	0.5821	8.9473
1.0469	0.5832	8.9874
0.9906	0.7537	8.8755
0.8159	0.7352	8.6769
0.9254	0.4116	8.8043
0.9482	0.6508	8.7691
0.7071	0.6455	8.7391
1.0092	0.8016	8.5064
0.7717	0.7083	8.7834
1.0080	0.7101	8.9545
0.9105	0.7974	8.9605
0.7549	0.4923	8.8690
0.9236	0.8746	8.7708
0.7388	0.7836	8.9569
1.0187	0.5826	9.0358
0.9224	0.7113	9.0257
0.7801	0.6897	8.9994
0.9751	0.5486	8.9994
0.7555	0.5587	8.6967
0.9811	0.6610	8.9354
0.9595	1.0199	8.7128
0.9404	0.5623	8.8779
1.1515	0.5635	8.9389
0.9069	0.6796	8.7350
1.0008	0.5755	8.9013
0.9787	0.6347	8.7894
0.9434	0.6903	8.8845
1.0325	0.6556	9.0287
0.8321	0.5049	8.9138
0.9996	0.6395	9.0909
0.8010	0.7573	9.0370
0.9164	0.6167	9.1519
0.8608	0.5569	9.0771
0.8459	0.7830	8.8546
0.9625	0.7669	8.7810
0.8566	0.6132	9.0364
0.8931	0.5815	8.9940
0.8339	0.6784	8.9036
0.6933	0.6012	8.8977
1.0421	0.4516	8.9509
0.7944	0.7412	8.9659
1.0498	0.6742	9.0502
0.9374	0.7388	8.9712
0.8405	0.5312	9.1208
1.1085	0.6610	9.0556
0.7741	0.5844	8.9880
1.0134	0.5707	8.9916
0.8734	0.8327	8.8929
0.8453	0.6233	9.1585
1.0732	0.5916	9.1555
0.6891	0.7866	9.0993
0.8961	0.7190	9.1938
0.7795	0.7795	9.1094
0.9194	0.6042	9.3086
0.9828	0.8118	9.3188
0.7256	0.8812	8.9760
1.0445	0.5988	9.2440
0.8327	0.5803	9.1058
1.0062	0.4816	9.1573
0.9452	0.5755	9.1166
0.8183	0.5426	8.9485
1.0588	0.4684	9.1286
0.8608	0.5755	9.1064
1.1031	0.5432	9.2769
0.8494	0.6467	9.3086
0.9805	0.6616	9.1017
1.0762	0.7352	9.2201
0.8207	0.6616	9.2745
1.0169	0.8494	8.8899
0.7430	0.9009	8.7338
0.8770	0.5174	9.0610
0.9476	0.7298	8.9425
0.7029	0.7460	8.9318
0.9589	0.7388	8.7780
0.7196	0.7549	8.9593
0.8488	0.4678	9.1519
0.7944	0.8542	9.0281
0.7190	0.5599	8.9527
1.1174	0.5103	9.0281
0.8070	0.6185	8.9318
1.0169	0.6048	9.0951
1.0277	0.7394	8.9856
0.8477	0.5671	9.2327
1.0989	0.7418	9.0723
0.9206	0.7358	9.0053
1.1150	0.6353	9.2297
0.8518	0.8094	9.0215
0.8979	0.8016	9.1011
1.0953	0.6120	9.1411
0.8333	0.7430	8.9760
1.1079	0.7041	9.0430
0.8070	0.6784	8.9976
1.0457	0.5767	9.1082
0.9661	0.8225	9.0353
0.6927	0.7424	8.6883
1.0098	0.7017	8.9030
0.7184	0.6138	9.0789
0.9523	0.5306	9.0879
0.9105	0.6987	8.8450
0.8752	0.4875	8.9114
1.1749	0.7107	9.0018
0.9081	0.6419	9.0490
1.0397	0.6993	8.7882
0.8154	0.7627	8.6033
1.0151	0.5970	8.6853
1.0451	0.7322	8.6584
0.8512	0.5725	8.6572
0.9906	0.8524	8.5411
0.8159	0.6664	8.6470
0.9009	0.5109	8.7212
0.8291	0.5581	8.6638
0.7424	0.6855	8.7218
0.9164	0.6221	8.6123
0.6449	0.5958	8.5914
0.8614	0.4768	8.8444
0.9452	0.5587	8.4263
0.7448	0.6144	8.4167
0.9338	0.8106	8.2707
0.8130	0.8291	8.3264
1.1216	0.6640	8.5884
0.9691	0.7256	8.6051
0.7926	0.7579	8.5525
1.0738	0.8674	8.7152
0.8118	0.6658	8.5106
1.0600	0.6048	8.5064
0.8931	0.7567	8.2803
0.8782	0.7202	8.3527
0.9314	0.6329	8.5555
0.7591	0.6090	8.5866
0.9589	0.5767	8.7356
0.8865	0.7466	8.6099
1.0026	0.6102	8.6823
1.0564	0.6945	8.7649
0.9117	0.7400	8.6153
1.0403	0.6156	8.6668
0.7842	0.5330	8.8480
0.9793	0.6508	8.7469
0.8399	0.7603	8.8504
0.8806	0.7274	8.7924
0.9840	0.6867	8.9455
0.7017	0.6251	9.0113
0.9924	0.5103	8.7320
0.8901	0.5234	8.8259
0.7639	0.7023	8.5818
0.9679	0.8877	8.5998
0.9182	0.6401	8.7439
0.9733	0.4774	9.0012
0.8243	0.7789	8.5938
0.8255	0.6993	8.6386
1.1402	0.6820	8.6512
0.7711	0.5928	8.8091
0.8967	0.6215	8.5082
0.9152	0.6347	8.4293
1.0068	0.5001	8.6368
1.0726	0.7783	8.6632
0.8130	0.8136	8.6428
1.1162	0.7519	8.5704
0.8405	0.6658	8.5017
0.9817	0.7023	8.3593
1.0008	0.6144	8.3180
0.8698	0.5288	8.4622
0.9637	0.7525	8.4825
0.7059	0.6790	8.4861
1.0833	0.5450	8.7403
0.8584	0.5551	8.7379
0.7334	0.7316	8.6452
0.9924	0.7238	8.6877
0.8417	0.6197	8.7421
1.1342	0.5791	8.9796
0.9769	0.9135	8.9665
0.8913	0.5354	8.9371
1.0863	0.6939	9.0969
0.7699	0.6706	9.0664
1.0235	0.5671	9.2895
1.0433	0.6156	9.0323
0.8542	0.6550	9.0951
1.1432	0.7561	9.0963
0.8859	0.7250	9.0999
1.1067	0.4714	9.3224
1.0295	0.6849	9.2464
0.8261	0.8165	9.0083
1.0887	0.6090	9.2159
0.8656	0.5635	9.3296
0.9930	0.5886	9.2883
0.9248	0.5797	9.0173
0.8064	0.5617	9.0018
0.9212	0.6084	9.1746
0.7866	0.6610	9.1657
1.0379	0.5486	9.2841
0.9099	0.5844	9.2482
0.9117	0.6855	9.0418
1.0271	0.7513	9.1441
0.9272	0.6120	9.3224
0.9924	0.6329	9.3996
0.6586	0.7603	9.2913
0.8333	0.6161	9.2644
0.9733	0.6179	9.3972
0.7657	0.7454	9.4181
0.9715	0.7011	9.3912
0.8405	0.6993	9.2847
0.8548	0.5809	9.4145
1.0570	0.7406	9.3050
0.8698	0.6778	9.3146
1.1874	0.5605	9.3355
0.8692	0.6742	9.2464
0.9422	0.6365	9.3134
1.0163	0.6275	9.2697
0.9063	0.5115	9.2757
1.0295	0.5821	9.3254
0.7472	0.6598	9.2327
0.7836	0.6772	9.3236
0.9290	0.6126	9.3469
0.9284	0.7208	9.4630
1.1001	0.6987	9.3409
0.8040	0.6921	9.3607
0.8608	0.7178	9.1681
1.0187	0.7029	9.2991
0.8835	0.6395	9.3978
0.9410	0.6879	9.4265
0.8812	0.7196	9.2010
0.8447	0.6293	9.2016
0.8955	0.7980	9.1178
0.7639	0.5940	9.1956
1.1533	0.6203	9.3158
0.8399	0.7627	9.1525
0.8136	0.7729	9.0963
1.1581	0.7334	9.0789
0.8961	0.6395	9.1393
0.9470	0.7232	8.9383
0.9314	0.6831	8.9132
1.0606	0.5856	8.7631
0.9386	0.6066	8.7888
0.6921	0.7166	8.6524
0.9954	0.4983	8.8462
0.9637	0.4403	8.8785
0.6371	0.7651	8.4227
0.9715	0.6921	8.2570
0.9105	0.6293	8.0793
0.8662	0.6203	8.2037
0.8686	0.8471	8.1583
0.9410	0.6167	8.3401
1.0600	0.6371	8.4365
0.7358	0.6921	8.4921
1.0205	0.6778	8.4945
1.0175	0.5761	8.6626
0.8578	0.5964	8.6321
1.0570	0.6144	8.5411
0.9170	0.7430	8.6410
0.9541	0.5862	8.3467
0.8566	0.7813	8.4897
0.8674	0.7436	8.4293
1.0534	0.6066	8.6889
0.9362	0.7519	8.6075
0.9093	0.6239	8.6751
1.1252	0.6897	8.8390
0.7962	0.6556	8.8851
0.8823	0.5677	8.9880
1.0558	0.5282	8.9647
0.9111	0.6401	8.6398
0.8901	0.6138	8.4939
0.9787	0.6407	8.5704
0.9960	0.6383	8.6016
0.8662	0.6814	8.6590
0.9212	0.8148	8.7015
1.1306	0.6407	8.9120
0.9063	0.7466	8.8761
0.9344	0.7765	8.9186
1.1222	0.6054	9.0747
0.9039	0.6496	8.9683
0.9589	0.5886	9.0006
1.0062	0.7095	8.9970
0.8471	0.5007	9.0233
0.8716	0.6311	9.0556
0.8943	0.6993	8.9910
0.8800	0.6347	8.9820
0.8991	0.7848	8.9778
0.9105	0.6329	8.9850
1.0433	0.7412	9.1567
0.7920	0.8459	9.0221
0.9990	0.7005	9.0071
1.1378	0.6467	8.9294
0.8698	0.8189	8.8420
1.0989	0.6987	8.9234
1.0475	0.6825	8.9641
0.8148	0.6227	8.8283
0.9081	0.6473	8.8103
0.8752	0.7639	8.6572
0.8548	0.6347	8.7912
0.7747	0.6700	8.7278
0.8548	0.5246	8.8845
0.9960	0.7238	8.8205
0.6861	0.6532	9.0023
0.9775	0.5946	8.9013
0.9715	0.8076	8.9383
0.6604	0.6102	9.0849
1.1079	0.6209	9.1363
0.9482	0.5246	9.1334
0.8255	0.6688	9.0723
0.9326	0.6640	9.0382
0.9135	0.6461	8.9282
0.8949	0.5198	8.9635
1.0534	0.6437	9.0933
0.9039	0.7507	9.0993
1.0229	0.5611	9.1346
0.8548	0.7238	9.1340
0.9960	0.5964	9.0861
0.9505	0.7645	9.0520
0.8124	0.6377	9.0717
1.1348	0.6066	9.2183
0.9039	0.7603	9.1148
0.8100	0.7436	9.1304
1.0690	0.5791	9.3236
0.9170	0.5862	9.1005
0.8375	0.7388	8.8402
1.0068	0.8303	8.9168
0.8219	0.6879	8.9096
1.0271	0.6748	9.0508
1.0534	0.7382	9.0604
0.9763	0.6742	8.7942
0.9236	0.7454	8.8193
0.9858	0.7035	8.8067
1.0020	0.5641	8.7206
0.9452	0.7765	8.6787
1.0062	0.6849	8.8690
1.0774	0.5952	8.9150
0.8602	0.8518	8.7786
0.9769	0.6586	8.9683
0.9332	0.7962	8.7732
0.7394	0.6628	8.8923
1.0325	0.7166	8.8791
0.7962	0.6688	8.7481
0.8130	0.8004	8.8552
1.1139	0.5797	8.9922
0.7914	0.9111	8.7050
0.8255	0.7914	8.5202
0.9284	0.7029	8.7750
0.8895	0.6233	8.8307
1.0140	0.6490	8.6458
1.0271	0.7573	8.9114
1.0271	0.6161	8.9120
1.1958	0.5085	9.0789
1.0110	0.6790	8.9551
0.8907	0.5922	8.7996
0.9721	0.8076	8.6039
0.9386	0.5886	8.7027
0.8477	0.6281	8.7888
0.8794	0.8016	8.7804
0.8925	0.6042	8.7990
0.9631	0.5635	9.0610
0.8309	0.5832	9.0508
0.9631	0.6496	9.0317
0.8632	0.5575	8.9617
0.9523	0.7442	9.0622
0.9117	0.6455	8.9856
0.8393	0.7083	9.0987
0.9470	0.7956	9.0933
0.9805	0.4995	9.1603
0.9834	0.6048	9.2817
0.9799	0.8189	9.1615
0.9793	0.7119	9.1495
0.8267	0.6084	9.2404
0.9870	0.6203	9.3427
0.8608	0.8165	9.2410
0.8148	0.6724	9.2255
0.9733	0.6969	9.2428
0.9697	0.7759	9.2793
1.0044	0.5569	9.2398
1.0271	0.8022	9.3708
0.8955	0.7250	9.2799
0.9930	0.5701	9.3248
1.0068	0.5204	9.3475
0.6784	0.7860	9.2703
0.9212	0.6604	9.3332
0.9332	0.5240	9.3445
0.7495	0.5354	9.3840
0.9559	0.5779	9.3529
0.9452	0.7214	9.2668
0.8506	0.6825	9.2255
1.1150	0.7286	9.4899
0.8076	0.6461	9.3714
1.0080	0.7322	9.2345
1.0857	0.8237	9.3810
0.8548	0.6329	8.9730
0.9105	0.6915	9.0466
1.0325	0.6233	9.1663
0.8614	0.5647	9.2751
0.9272	0.6628	9.1238
0.9164	0.6359	9.0496
0.8004	0.5611	9.1148
0.9619	0.6831	9.1322
0.8704	0.8142	9.1573
0.9942	0.4947	9.1441
1.0104	0.7316	9.3469
0.8106	0.8064	9.2691
0.9625	0.6359	9.2351
0.9840	0.6215	9.3326
0.7645	0.6538	9.3708
1.0301	0.6473	9.3732
0.8596	0.6120	9.3451
0.8483	0.6664	9.3481
1.0062	0.6730	9.5934
0.8865	0.5773	9.5312
0.8853	0.7244	9.3493
1.0283	0.6712	9.2482
0.9386	0.5892	9.4684
1.0486	0.7854	9.3613
0.9428	0.6993	9.3457
0.9846	0.6760	9.2739
0.9194	0.6688	9.3230
0.8142	0.5946	9.2680
0.9284	0.5892	9.3631
0.9158	0.7083	9.3720
0.7663	0.6263	9.2925
0.9565	0.7340	9.4564
0.8710	0.6837	9.3481
0.9434	0.5456	9.3344
0.9966	0.8698	9.3978
0.9033	0.6855	9.3726
0.9541	0.8106	9.6358
0.8973	0.7573	9.4636
0.9511	0.5886	9.4731
0.9679	0.7902	9.5527
0.8315	0.6712	9.4701
0.9392	0.6736	9.6466
0.8812	0.5462	9.5102
0.8686	0.5755	9.4480
0.9589	0.6879	9.5001
0.8823	0.4702	9.5593
1.0062	0.6825	9.5617
0.9517	0.6556	9.4851
1.0080	0.6036	9.5635
1.0068	0.8315	9.6137
0.8548	0.6724	9.5054
1.0720	0.5749	9.5736
0.9715	0.6969	9.5288
0.8171	0.6646	9.4349
1.0492	0.8028	9.4953
0.7783	0.6245	9.4390
0.9745	0.4953	9.4169
0.8692	0.7202	9.5347
0.8339	0.5749	9.4229
0.9703	0.7376	9.3786
0.9673	0.6209	9.6263
1.0612	0.5073	9.6532
0.9631	0.7202	9.6113
1.0594	0.6485	9.5048
0.9960	0.8052	9.5252
0.9170	0.6263	9.5677
0.9972	0.6873	9.5132
0.8183	0.7101	9.5066
0.9350	0.5533	9.5300
0.9709	0.8369	9.6514
0.9152	0.5725	9.5515
1.0696	0.6185	9.5234
0.8465	0.6353	9.4971
0.9302	0.6634	9.4552
0.8315	0.7262	9.5216
0.9290	0.4074	9.4743
0.9589	0.6706	9.6382
0.8841	0.6239	9.6335
0.9278	0.6628	9.3511
0.8758	0.7854	9.4666
0.9637	0.6652	9.3409
0.9834	0.6138	9.4923
1.0062	0.6323	9.5700
0.9039	0.8345	9.4851
0.8303	0.7149	9.4977
0.9727	0.7184	9.6394
0.8740	0.6831	9.4959
0.9577	0.6784	9.4965
0.8644	0.6712	9.7046
0.9033	0.6802	9.3607
0.9087	0.7232	9.5186
1.0134	0.5480	9.4151
0.9757	0.6066	9.2297
0.9655	0.7448	9.2309
1.0140	0.7394	9.2010
0.9194	0.7549	9.2171
0.9338	0.6604	9.2123
0.8746	0.5773	9.2309
0.9625	0.5976	9.2069
1.0313	0.7238	8.8995
0.8608	0.5539	8.9348
0.9751	0.6760	9.2123
0.9643	0.6389	9.2004
0.9930	0.5109	9.2464
0.9499	0.6365	9.3332
0.9338	0.7890	9.0538
0.9308	0.7352	9.1286
1.0588	0.6951	9.1986
0.9063	0.7759	9.3613
0.9188	0.7119	9.2362
0.9135	0.7424	9.2877
0.8148	0.6700	9.4061
0.9380	0.7442	9.1716
0.9111	0.6042	9.3714
0.9565	0.5503	9.3200
1.0187	0.7065	9.1728
0.9123	0.8130	9.2578
1.0098	0.6120	9.2315
0.9613	0.8560	9.1728
0.9679	0.7089	9.0807
0.9685	0.7352	9.2883
0.9822	0.6514	9.4546
1.0146	0.6544	9.1968
1.0277	0.7735	9.2823
0.9535	0.6341	9.0029
1.0343	0.7352	9.1567
0.9129	0.7633	9.0903
0.9888	0.5641	9.3361
0.9374	0.6030	9.2835
0.9398	0.7214	9.0873
0.9422	0.5306	9.2039
1.0199	0.5480	9.0191
1.0086	0.7196	8.9874
0.9781	0.7561	9.0957
0.9978	0.7316	9.1752
0.8835	0.7059	9.3559
0.9583	0.6197	9.1304
0.9176	0.6150	9.1914
0.9918	0.4361	8.9019
0.9817	0.7998	9.1100
0.7872	0.6688	9.0263
1.0193	0.5934	9.0580
0.9164	0.5647	9.1423
0.9194	0.6413	9.0705
0.9888	0.6622	9.0693
1.0181	0.6490	9.1549
1.0576	0.7448	9.1220
1.0475	0.7370	9.1220
0.9517	0.6987	9.2799
1.0337	0.5031	9.2093
1.0457	0.8070	9.0610
0.9966	0.8219	9.1471
1.0056	0.7549	9.1034
1.0349	0.7896	9.2069
0.9081	0.8082	9.1836
1.0732	0.7023	9.1986
0.9954	0.6843	9.1136
0.9739	0.7597	9.2554
0.8584	0.7579	9.0729
0.9811	0.7489	9.4265
0.8159	0.5737	9.2063
0.9482	0.7848	9.2165
0.8183	0.7597	9.2506
1.0457	0.6096	9.3984
0.8363	0.7238	9.5336
0.9661	0.6185	9.3589
0.9416	0.7172	9.4486
1.0086	0.5695	9.3469
0.9338	0.7364	9.5724
0.9793	0.5067	9.3613
1.0271	0.7705	9.6107
0.9673	0.4684	9.3499
1.0421	0.8064	9.4426
0.9505	0.6640	9.3840
1.1115	0.7460	9.5898
0.8823	0.6562	9.4935
0.9314	0.6975	9.3391
0.8883	0.7346	9.4002
1.0271	0.6269	9.4779
0.8201	0.6395	9.6532
1.0002	0.5587	9.3798
0.8806	0.7693	9.4989
0.8985	0.5545	9.2763
0.9224	0.7795	9.3840
1.0708	0.6066	9.3379
1.0869	0.6377	9.5497
0.9075	0.5821	9.4169
1.0498	0.7747	9.4169
0.8800	0.6395	9.2279
0.9930	0.6873	9.5682
0.8859	0.5815	9.4271
1.0708	0.6802	9.5282
0.8895	0.9087	9.4600
0.8740	0.6449	9.4319
0.9266	0.6407	9.4654
0.9631	0.6179	9.4510
0.9290	0.7759	9.5401
0.9308	0.5563	9.4941
0.9003	0.7729	9.4552
0.9368	0.6054	9.4630
0.9230	0.7478	9.4366
0.9356	0.6927	9.4600
1.0122	0.6508	9.4408
0.9236	0.8273	9.4372
0.9057	0.6120	9.5186
1.0175	0.6622	9.5090
0.9326	0.6060	9.5904
0.7693	0.7771	9.4576
0.9601	0.5916	9.6012
0.9727	0.6700	9.5551
0.9063	0.6610	9.6311
0.9422	0.6646	9.5419
0.9709	0.7178	9.6143
0.9428	0.5767	9.6239
0.9613	0.7693	9.4821
0.9428	0.6144	9.4791
1.0110	0.6796	9.4845
0.9380	0.6215	9.6173
0.9218	0.7436	9.6149
0.9721	0.7047	9.4372
0.8644	0.6796	9.5443
1.0355	0.6185	9.5395
0.8823	0.5988	9.5551
0.9398	0.7830	9.4929
0.8656	0.6365	9.5294
0.9410	0.5791	9.5766
0.9320	0.6473	9.5988
0.9374	0.6634	9.5724
0.9990	0.7495	9.6095
0.9482	0.6317	9.6364
0.9781	0.7232	9.5653
0.9266	0.6538	9.6466
0.9565	0.7442	9.5587
0.9290	0.6706	9.6460
0.9739	0.6407	9.5365
0.9170	0.7765	9.5228
0.8985	0.6209	9.6012
1.0175	0.6724	9.5413
0.9356	0.6969	9.5940
0.9631	0.6873	9.5473
0.9021	0.6640	9.5455
0.9021	0.6514	9.6131
1.0229	0.6694	9.5443
0.8584	0.6712	9.5778
0.9793	0.7334	9.5048
0.9428	0.5587	9.6472
0.9769	0.6287	9.5282
0.9332	0.7741	9.4815
0.8794	0.6473	9.5736
0.9828	0.7280	9.4755
0.9607	0.5695	9.6197
0.9858	0.6508	9.5228
0.8901	0.7926	9.5078
0.8859	0.6455	9.6167
0.9888	0.5940	9.5383
0.8758	0.6323	9.6436
0.9123	0.7208	9.5347
0.9033	0.6903	9.5868
0.8991	0.6239	9.6424
1.0068	0.6544	9.5569
0.9015	0.6257	9.6215
0.9661	0.7214	9.5736
0.9374	0.7089	9.6376
0.9888	0.5934	9.6837
0.9709	0.7328	9.5036
0.9123	0.6287	9.5922
0.9649	0.6748	9.5575
0.9984	0.7226	9.5503
0.9206	0.6371	9.6382
1.0056	0.7316	9.5557
0.9158	0.6389	9.6681
0.9362	0.6981	9.6352
0.9715	0.7214	9.5694
0.9081	0.6760	9.5886
0.9655	0.7334	9.5389
0.9517	0.6179	9.6915
1.0205	0.6473	9.6131
0.9398	0.7513	9.5581
0.9446	0.6562	9.6281
0.9613	0.7418	9.5581
0.9775	0.6419	9.6975
1.0193	0.6700	9.6460
0.9559	0.7579	9.4875
0.9308	0.6646	9.5958
0.9655	0.6903	9.6017
0.9763	0.6742	9.6311
0.9470	0.6532	9.6430
0.9147	0.6999	9.5617
0.8991	0.6897	9.6017
0.9368	0.6461	9.6311
0.9661	0.6706	9.6179
0.9589	0.7035	9.5946
0.9075	0.6640	9.5910
0.9517	0.7089	9.6071
0.9601	0.6389	9.6412
0.9739	0.6999	9.7980
0.9763	0.6754	9.5700
0.9535	0.6556	9.6358
0.9817	0.6760	9.6083
0.9787	0.6179	9.6293
0.9266	0.6867	9.4947
0.9200	0.6915	9.5772
0.9547	0.6317	9.6406
0.9314	0.7268	9.5754
0.9386	0.7065	9.5856
0.9248	0.6628	9.6233
0.9410	0.7202	9.5330
0.9224	0.6144	9.6436
0.9170	0.6257	9.6514
0.9565	0.7172	9.5575
0.9529	0.6676	9.5665
0.9224	0.6784	9.6077
0.9422	0.6544	9.6185
1.0074	0.6455	9.5688
0.9482	0.6532	9.5563
0.9069	0.6831	9.5682
0.9487	0.6772	9.5778
0.9416	0.6496	9.5563
0.9535	0.6778	9.5730
0.9493	0.7519	9.5647
0.9499	0.6191	9.5180
0.9242	0.6610	9.5718
0.9087	0.6849	9.5808
0.9781	0.6365	9.5545
0.9422	0.7071	9.5437
0.9601	0.6820	9.5479
0.9715	0.6742	9.5856
0.9440	0.6861	9.5736
0.9505	0.6945	9.5886
1.0074	0.6843	9.5934
0.9906	0.6742	9.5712
0.9649	0.6700	9.6000
0.9553	0.6742	9.6071
0.9565	0.6736	9.5994
0.9607	0.7023	9.6131
0.9667	0.6736	9.6233
0.9900	0.6395	9.5629
0.9278	0.6814	9.6191
0.9523	0.6700	9.5880
0.9613	0.6431	9.5491
0.9266	0.6873	9.5826
0.9733	0.6987	9.5347
0.9517	0.6496	9.5330
0.9284	0.7029	9.5712
0.9374	0.6933	9.5563
0.9691	0.6395	9.5342
0.9296	0.6969	9.5587
0.9428	0.6407	9.5425
0.9392	0.6808	9.5617
0.9320	0.6670	9.5898
0.9912	0.6700	9.5778
0.9679	0.7149	9.6006
1.0086	0.6652	9.5796
0.9476	0.7196	9.5910
0.9912	0.6981	9.5688
0.9565	0.6496	9.5856
0.9721	0.6790	9.5216
0.9709	0.7017	9.5832
0.9404	0.6401	9.5431
0.9242	0.7208	9.5796
0.9511	0.6849	9.5904
0.9870	0.6897	9.5850
0.9553	0.6927	9.5766
0.9793	0.6431	9.5784
0.9499	0.7023	9.6358
0.9428	0.6060	9.5952
1.0612	0.7017	9.6029
0.9493	0.6885	9.5766
0.9505	0.6377	9.5443
0.9296	0.6598	9.5647
0.8931	0.7137	9.6041
0.8985	0.6371	9.5611
0.9284	0.7286	9.5910
0.9673	0.6921	9.5982
1.0050	0.6610	9.5521
0.9410	0.7328	9.5910
0.9775	0.6975	9.6035
0.9589	0.7208	9.6059
0.9733	0.6652	9.6149
0.9822	0.6712	9.6173
0.9972	0.6401	9.5527
0.9691	0.6413	9.5748
0.9081	0.6526	9.5928
0.9254	0.6831	9.6029
0.9392	0.6502	9.5694
0.9452	0.7244	9.5635
0.9733	0.7178	9.5880
0.9870	0.7059	9.5599
0.9009	0.6957	9.5862
0.9332	0.6772	9.5826
0.9398	0.6772	9.5760
0.9661	0.6383	9.5347
0.9631	0.6772	9.5706
0.9625	0.6670	9.5647
0.9027	0.6778	9.5671
0.8973	0.6634	9.6053
0.9446	0.6742	9.5940
0.9787	0.6461	9.5700
0.9613	0.6927	9.5940
0.9733	0.6927	9.5868
0.9673	0.7131	9.5617
0.9386	0.6861	9.6149
0.9422	0.7214	9.5497
0.9781	0.6903	9.5844
0.9476	0.6514	9.5515
0.9541	0.6915	9.5425
0.9553	0.6622	9.5808
0.9517	0.6622	9.6041
0.9123	0.7005	9.5814
0.9930	0.7196	9.5599
0.9888	0.6975	9.5778
0.9799	0.6808	9.5665
0.9811	0.7430	9.5892
0.9601	0.6891	9.6000
0.9428	0.6718	9.5952
0.9356	0.6676	9.5575
0.9565	0.6395	9.5760
0.9242	0.6287	9.5688
0.8542	0.6419	9.5910
0.9045	0.6544	9.6000
0.9081	0.6550	9.6227
0.9499	0.6586	9.5898
1.0229	0.7065	9.5581
1.0301	0.7412	9.5557
0.9828	0.6939	9.5581
0.9236	0.7250	9.5611
0.9637	0.6736	9.6041
0.9571	0.6676	9.5892
0.9721	0.6957	9.5820
0.9954	0.6592	9.5802
0.9523	0.6825	9.5718
0.9308	0.6161	9.5712
0.9033	0.6772	9.5796
0.9553	0.6508	9.5916
0.9476	0.6658	9.5772
0.9769	0.6921	9.5736
1.0020	0.7077	9.5671
0.9655	0.7107	9.5862
0.9254	0.7017	9.5826
0.8991	0.6843	9.5772
0.9182	0.6520	9.5946
0.9266	0.6598	9.5712
0.9631	0.6562	9.5665
0.9864	0.6957	9.5575
0.9523	0.6772	9.5760
0.9356	0.6802	9.5754
0.9260	0.6706	9.5982
0.9529	0.6778	9.6113
0.9727	0.6825	9.5832
0.9918	0.6754	9.5736
0.9739	0.6975	9.5688
0.9589	0.6634	9.5736
0.9200	0.6814	9.5838
0.9374	0.6688	9.5778
0.9164	0.6820	9.5928
0.9446	0.6820	9.5910
0.9715	0.6837	9.5742
0.9673	0.6999	9.5874
0.9733	0.6485	9.5659
0.9338	0.6963	9.5898
0.9380	0.6550	9.6053
0.9147	0.6778	9.5802
0.9511	0.6742	9.5844
0.9828	0.6652	9.5539
0.9703	0.7125	9.5970
0.9799	0.6610	9.5694
0.9476	0.6981	9.6071
0.9398	0.6526	9.5856
0.9087	0.6843	9.6059
0.9326	0.6556	9.5850
0.9571	0.6921	9.5515
0.9912	0.6987	9.5629
0.9595	0.6754	9.5443
0.9631	0.6957	9.5850
0.9236	0.6820	9.5928
0.9224	0.6694	9.5850
0.9266	0.6670	9.5778
0.9882	0.6562	9.5922
0.9667	0.6861	9.5617
0.9601	0.6748	9.5467
0.9583	0.6772	9.5706
0.9152	0.7119	9.5826
0.9188	0.6485	9.5886
0.9224	0.6808	9.5988
0.9649	0.6449	9.5653
0.9673	0.7083	9.6029
0.9751	0.6544	9.5748
0.9410	0.7011	9.5880
0.9595	0.6706	9.5671
1.0510	0.6760	9.6035
0.9685	0.6526	9.5784
0.9535	0.6754	9.5946
0.9912	0.6808	9.5826
0.9691	0.6778	9.5700
0.9523	0.6808	9.5886
0.9487	0.6622	9.5796
0.8997	0.6825	9.5910
0.9314	0.6311	9.5563
0.9362	0.6903	9.5832
0.9822	0.6766	9.5778
0.9697	0.7071	9.5922
0.9637	0.6652	9.5874
0.9553	0.6712	9.5712
0.9236	0.6766	9.6053
0.9206	0.6413	9.5647
0.9206	0.6676	9.5766
0.9541	0.6712	9.5557
0.9828	0.6957	9.5796
0.9817	0.6969	9.5802
0.9822	0.6933	9.5844
0.9356	0.7059	9.5778
0.9236	0.6544	9.5790
0.9248	0.6419	9.5838
0.9398	0.6490	9.5772
0.9458	0.6760	9.5706
0.9805	0.6646	9.5772
0.9793	0.6921	9.5952
0.9499	0.6855	9.6065
0.9242	0.6760	9.5934
0.9194	0.6610	9.5910
0.9356	0.6610	9.5623
0.9218	0.7023	9.5736
0.9691	0.6652	9.5581
0.9416	0.7059	9.5808
0.9721	0.6718	9.5587
0.9404	0.7029	9.6251
0.9440	0.6550	9.5868
0.9386	0.6796	9.6023
0.9583	0.6556	9.6006
0.9529	0.6646	9.5952
0.9763	0.6730	9.6006
0.9685	0.6873	9.5958
0.9493	0.6849	9.5862
0.9344	0.6754	9.5706
0.9338	0.6604	9.5850
0.9523	0.6556	9.5724
0.9404	0.6814	9.5856
0.9476	0.6598	9.5593
0.9685	0.6766	9.5880
0.9625	0.6814	9.5700
0.9428	0.6891	9.5958
0.9422	0.6616	9.5850
0.9410	0.6736	9.5796
0.9308	0.6622	9.5724
0.9458	0.6760	9.6023
0.9613	0.6682	9.5796
0.9476	0.6730	9.5820
0.9416	0.6814	9.5832
0.9344	0.6831	9.5934
0.9308	0.6496	9.6017
0.9434	0.6873	9.5856
0.9458	0.6802	9.5712
0.9470	0.6820	9.5850
0.9637	0.6796	9.5772
0.9619	0.6610	9.5623
0.9362	0.6760	9.5862
0.9493	0.6742	9.5796
0.9517	0.6706	9.5994
0.9625	0.6574	9.5880
0.9499	0.6652	9.5898
0.9637	0.6825	9.5730
0.9595	0.6837	9.5826
0.9553	0.6802	9.6017
0.9511	0.6927	9.5766
0.9464	0.6867	9.5874
0.9505	0.6933	9.5820
0.9487	0.6622	9.5886
0.9482	0.6670	9.5856
0.9428	0.6634	9.5730
0.9194	0.6676	9.5832
0.9577	0.6718	9.5706
0.9464	0.6820	9.5940
0.9589	0.6921	9.5946
0.9440	0.6754	9.5766
0.9416	0.6885	9.5886
0.9511	0.6754	9.5742
0.9505	0.6664	9.5886
0.9529	0.6712	9.5814
0.9326	0.6520	9.5677
0.9212	0.6778	9.5706
0.9434	0.6652	9.5754
0.9487	0.6820	9.5772
0.9870	0.7160	9.5784
0.9811	0.6784	9.5880
0.9793	0.7095	9.5772
0.9661	0.6873	9.5934
0.9499	0.6586	9.5976
0.9446	0.6778	9.5700
0.9308	0.6407	9.5862
0.9200	0.6616	9.5772
0.9248	0.6634	9.5724
0.9314	0.6694	9.5916
0.9565	0.7011	9.5886
0.9751	0.7005	9.5892
0.9924	0.7029	9.5838
0.9697	0.7119	9.5784
0.9559	0.6885	9.5916
0.9452	0.6802	9.5730
0.9320	0.6628	9.5808
0.9380	0.6377	9.5796
0.9152	0.6652	9.5742
0.9290	0.6449	9.5700
0.9344	0.6808	9.5832
0.9517	0.6927	9.5671
0.9745	0.7005	9.5832
0.9870	0.7101	9.5838
0.9811	0.7077	9.5778
0.9649	0.6957	9.5886
0.9326	0.6682	9.5934
0.9105	0.6550	9.5736
0.9236	0.6461	9.5826
0.9236	0.6538	9.5802
0.9344	0.6556	9.5766
0.9505	0.6754	9.5742
0.9535	0.6885	9.5868
0.9613	0.7011	9.5742
0.9643	0.7137	9.5844
0.9667	0.6921	9.5784
0.9613	0.6903	9.5856
0.9452	0.6718	9.5832
0.9260	0.6610	9.5898
0.9212	0.6502	9.5802
0.9135	0.6586	9.5826
0.9320	0.6592	9.5928
0.9464	0.6784	9.5886
0.9655	0.6742	9.5820
0.9709	0.6903	9.5844
0.9667	0.6837	9.5832
0.9643	0.7047	9.5682
0.9571	0.6933	9.5814
0.9565	0.6730	9.5790
0.9523	0.6760	9.5724
0.9535	0.6508	9.5856
0.9398	0.6628	9.5892
0.9266	0.6598	9.5790
0.9314	0.6754	9.5790
0.9374	0.6652	9.5844
0.9535	0.6676	9.5623
0.9607	0.6808	9.5730
0.9613	0.6849	9.5832
0.9583	0.6909	9.5694
0.9523	0.6999	9.5850
0.9577	0.6831	9.5874
0.9410	0.6700	9.5802
0.9464	0.6646	9.5736
0.9470	0.6580	9.5892
0.9368	0.6580	9.5796
0.9440	0.6640	9.5832
0.9422	0.6736	9.6012
0.9553	0.6808	9.5826
0.9458	0.6796	9.5970
0.9631	0.6808	9.5826
0.9565	0.6778	9.5880
0.9482	0.6814	9.5826
0.9565	0.6730	9.5802
0.9541	0.6802	9.5886
0.9535	0.6664	9.5946
0.9452	0.6664	9.5946
0.9476	0.6616	9.5928
0.9338	0.6730	9.5928
0.9482	0.6784	9.5784
0.9487	0.6736	9.5856
0.9595	0.6837	9.5904
0.9625	0.6808	9.5844
0.9559	0.6820	9.5868
0.9505	0.6766	9.5856
0.9440	0.6820	9.5844
0.9428	0.6748	9.5838
0.9452	0.6682	9.5808
0.9493	0.6676	9.5844
0.9529	0.6640	9.5784
0.9440	0.6706	9.5826
0.9422	0.6700	9.5868
0.9356	0.6754	9.5832
0.9547	0.6796	9.5880
0.9493	0.6861	9.5796
0.9619	0.6820	9.5862
0.9541	0.6724	9.5832
0.9505	0.6772	9.5802
0.9476	0.6682	9.5934
0.9505	0.6658	9.5850
0.9553	0.6748	9.5850
0.9505	0.6676	9.5862
0.9613	0.6778	9.5838
0.9523	0.6736	9.5850
0.9476	0.6790	9.5850
0.9422	0.6855	9.5820
0.9356	0.6706	9.5862
0.9350	0.6760	9.5874
0.9517	0.6778	9.5838
0.9452	0.6742	9.5790
0.9476	0.6790	9.5886
0.9547	0.6730	9.5844
0.9505	0.6808	9.5898
0.9476	0.6861	9.5862
0.9559	0.6742	9.5808
0.9613	0.6784	9.5784
0.9553	0.6652	9.5802
0.9565	0.6760	9.5772
0.9523	0.6724	9.5802
0.9499	0.6784	9.5796
0.9511	0.6754	9.5814
0.9493	0.6760	9.5784
0.9505	0.6820	9.5784
0.9452	0.6778	9.5886
0.9493	0.6796	9.5844
0.9386	0.6808	9.5880
0.9338	0.6700	9.5874
0.9410	0.6784	9.5916
0.9392	0.6736	9.5820
0.9499	0.6784	9.5886
0.9517	0.6772	9.5790
0.9619	0.6730	9.5802
0.9571	0.6730	9.5808
0.9541	0.6772	9.5802
0.9625	0.6742	9.5778
0.9529	0.6724	9.5832
0.9482	0.6867	9.5814
0.9476	0.6796	9.5754
0.9547	0.6760	9.5796
0.9428	0.6736	9.5862
0.9416	0.6718	9.5826
0.9452	0.6820	9.5826
0.9350	0.6790	9.5850
0.9398	0.6700	9.5808
0.9499	0.6909	9.5838
0.9547	0.6718	9.5808
0.9410	0.6837	9.5814
0.9452	0.6754	9.5904
0.9482	0.6742	9.5724
0.9440	0.6694	9.5790
0.9505	0.6784	9.5736
0.9643	0.6670	9.5772
0.9547	0.6808	9.5784
0.9601	0.6772	9.5796
0.9541	0.6772	9.5784
0.9482	0.6766	9.5856
0.9553	0.6748	9.5754
0.9517	0.6700	9.5730
0.9523	0.6724	9.5880
0.9511	0.6802	9.5754
0.9422	0.6718	9.5862
0.9493	0.6772	9.5808
0.9404	0.6694	9.5886
0.9529	0.6730	9.5856
0.9428	0.6790	9.5832
0.9529	0.6700	9.5724
0.9410	0.6825	9.5844
0.9482	0.6658	9.5880
0.9464	0.6724	9.5814
0.9476	0.6718	9.5922
0.9505	0.6814	9.5820
0.9440	0.6676	9.5790
0.9601	0.6694	9.5826
0.9511	0.6784	9.5778
0.9583	0.6628	9.5892
0.9577	0.6820	9.5826
0.9529	0.6652	9.5874
0.9655	0.6796	9.5796
0.9535	0.6784	9.5910
0.9625	0.6724	9.5778
0.9571	0.6700	9.5778
0.9470	0.6586	9.5922
0.9529	0.6873	9.5730
0.9464	0.6688	9.5892
0.9643	0.6742	9.5904
0.9529	0.6808	9.5814
0.9470	0.6790	9.5880
0.9487	0.6796	9.5886
0.9476	0.6772	9.5754
0.9476	0.6718	9.5952
0.9476	0.6820	9.5802
0.9517	0.6712	9.5718
0.9541	0.6760	9.5952
0.9559	0.6754	9.5677
0.9505	0.6712	9.5898
0.9595	0.6796	9.5874
0.9589	0.6706	9.5730
0.9553	0.6772	9.5880
0.9553	0.6790	9.5802
0.9541	0.6592	9.5742
0.9631	0.6796	9.5838
0.9517	0.6640	9.5814
0.9464	0.6730	9.5748
0.9529	0.6748	9.5790
0.9416	0.6646	9.5850
0.9517	0.6796	9.5700
0.9511	0.6802	9.5844
0.9505	0.6712	9.5838
0.9547	0.6891	9.5677
0.9446	0.6790	9.5802
0.9434	0.6748	9.5814
0.9476	0.6831	9.5820
0.9482	0.6658	9.5952
0.9464	0.6825	9.5820
0.9517	0.6712	9.5760
0.9392	0.6772	9.5934
0.9541	0.6784	9.5826
0.9541	0.6724	9.5850
0.9511	0.6748	9.5850
0.9565	0.6742	9.5766
0.9529	0.6736	9.5808
0.9547	0.6754	9.5802
0.9505	0.6790	9.5778
0.9470	0.6724	9.5904
0.9464	0.6676	9.5868
0.9517	0.6706	9.5814
0.9559	0.6754	9.5880
0.9493	0.6706	9.5916
0.9529	0.6790	9.5838
0.9517	0.6706	9.5826
0.9517	0.6760	9.5904
0.9529	0.6736	9.5796
0.9476	0.6843	9.5808
0.9577	0.6670	9.5724
0.9511	0.6820	9.5838
0.9505	0.6682	9.5814
0.9559	0.6760	9.5790
0.9529	0.6694	9.5784
0.9446	0.6700	9.5886
0.9517	0.6766	9.5874
0.9499	0.6772	9.5856
0.9487	0.6772	9.5796
0.9547	0.6766	9.5826
0.9547	0.6748	9.5874
0.9547	0.6790	9.5826
0.9535	0.6760	9.5766
0.9535	0.6760	9.5868
0.9535	0.6670	9.5886
0.9547	0.6766	9.5802
0.9571	0.6736	9.5844
0.9523	0.6712	9.5802
0.9470	0.6778	9.5814
0.9553	0.6730	9.5802
0.9493	0.6814	9.5832
0.9511	0.6820	9.5784
0.9487	0.6784	9.5856
0.9499	0.6670	9.5898
0.9529	0.6831	9.5814
0.9392	0.6760	9.5874
0.9499	0.6748	9.5868
0.9499	0.6712	9.5868
0.9553	0.6682	9.5862
0.9470	0.6796	9.5844
0.9505	0.6736	9.5802
0.9553	0.6718	9.5868
0.9511	0.6706	9.5820
0.9505	0.6760	9.5886
0.9493	0.6736	9.5838
0.9529	0.6760	9.5820
0.9470	0.6730	9.5862
0.9565	0.6706	9.5868
0.9493	0.6808	9.5814
0.9482	0.6760	9.5868
0.9499	0.6778	9.5868
0.9470	0.6736	9.5868
0.9517	0.6736	9.5832
0.9505	0.6808	9.5862
0.9476	0.6730	9.5820
0.9499	0.6802	9.5850
0.9487	0.6712	9.5898
0.9511	0.6796	9.5856
0.9440	0.6802	9.5910
0.9559	0.6670	9.5808
0.9511	0.6802	9.5880
0.9577	0.6670	9.5898
0.9517	0.6843	9.5772
0.9547	0.6718	9.5856
0.9529	0.6736	9.5820
0.9559	0.6742	9.5826
0.9541	0.6742	9.5862
0.9517	0.6700	9.5808
0.9499	0.6670	9.5850
0.9547	0.6748	9.5868
0.9458	0.6766	9.5832
0.9553	0.6688	9.5886
0.9505	0.6784	9.5874
0.9482	0.6730	9.5808
0.9535	0.6754	9.5862
0.9464	0.6712	9.5874
0.9523	0.6748	9.5868
0.9440	0.6808	9.5874
0.9523	0.6628	9.5916
0.9440	0.6825	9.5838
0.9517	0.6718	9.5880
0.9470	0.6754	9.5922
0.9559	0.6754	9.5820
0.9535	0.6742	9.5868
0.9505	0.6814	9.5880
0.9571	0.6706	9.5838
0.9523	0.6742	9.5910
0.9505	0.6772	9.5832
0.9541	0.6754	9.5868
0.9511	0.6766	9.5928
0.9559	0.6742	9.5802
0.9547	0.6784	9.5850
0.9523	0.6778	9.5886
0.9505	0.6778	9.5844
0.9505	0.6784	9.5850
0.9499	0.6736	9.5898
0.9505	0.6742	9.5814
0.9553	0.6718	9.5856
0.9482	0.6760	9.5910
0.9505	0.6772	9.5802
0.9499	0.6754	9.5874
0.9476	0.6754	9.5886
0.9535	0.6784	9.5796
0.9523	0.6730	9.5862
0.9517	0.6718	9.5886
0.9541	0.6760	9.5832
0.9517	0.6760	9.5862
0.9535	0.6724	9.5856
0.9523	0.6742	9.5838
0.9517	0.6766	9.5844
0.9511	0.6760	9.5856
0.9517	0.6742	9.5868
0.9511	0.6772	9.5832
0.9517	0.6754	9.5838
0.9529	0.6778	9.5880
0.9482	0.6766	9.5856
0.9464	0.6730	9.5880
0.9470	0.6820	9.5856
0.9511	0.6760	9.5850
0.9535	0.6718	9.5838
0.9553	0.6748	9.5838
0.9535	0.6754	9.5862
0.9523	0.6772	9.5820
0.9529	0.6766	9.5832
0.9541	0.6736	9.5886
0.9553	0.6742	9.5826
0.9553	0.6760	9.5832
0.9541	0.6718	9.5904
0.9541	0.6760	9.5814
0.9499	0.6754	9.5856
0.9517	0.6766	9.5880
0.9493	0.6790	9.5772
0.9517	0.6766	9.5844
0.9482	0.6766	9.5874
0.9487	0.6778	9.5778
0.9440	0.6766	9.5856
0.9446	0.6766	9.5862
0.9493	0.6748	9.5802
0.9493	0.6724	9.5868
0.9482	0.6748	9.5832
0.9505	0.6784	9.5790
0.9482	0.6760	9.5868
0.9482	0.6736	9.5868
0.9523	0.6772	9.5808
0.9505	0.6766	9.5862
0.9511	0.6760	9.5850
0.9535	0.6754	9.5832
0.9529	0.6742	9.5868
0.9541	0.6748	9.5832
0.9553	0.6760	9.5820
0.9547	0.6724	9.5844
0.9523	0.6736	9.5832
0.9529	0.6760	9.5820
0.9499	0.6766	9.5832
0.9505	0.6760	9.5838
0.9493	0.6742	9.5844
0.9464	0.6760	9.5832
0.9464	0.6778	9.5820
0.9440	0.6790	9.5850
0.9440	0.6772	9.5826
0.9476	0.6754	9.5850
0.9476	0.6772	9.5850
0.9505	0.6778	9.5802
0.9523	0.6760	9.5820
0.9523	0.6718	9.5850
0.9541	0.6742	9.5814
0.9553	0.6760	9.5790
0.9577	0.6742	9.5862
0.9595	0.6706	9.5844
0.9583	0.6730	9.5832
0.9565	0.6736	9.5850
0.9535	0.6754	9.5844
0.9547	0.6730	9.5814
0.9529	0.6742	9.5892
0.9505	0.6754	9.5856
0.9499	0.6778	9.5802
0.9464	0.6778	9.5868
0.9476	0.6748	9.5862
0.9452	0.6760	9.5850
0.9452	0.6754	9.5850
0.9440	0.6778	9.5862
0.9476	0.6760	9.5820
0.9470	0.6736	9.5862
0.9499	0.6766	9.5844
0.9511	0.6772	9.5796
0.9511	0.6778	9.5862
0.9547	0.6736	9.5838
0.9547	0.6754	9.5838
0.9553	0.6760	9.5838
0.9553	0.6754	9.5832
0.9571	0.6730	9.5820
0.9571	0.6736	9.5832
0.9547	0.6736	9.5826
0.9529	0.6766	9.5820
0.9529	0.6778	9.5826
0.9511	0.6754	9.5844
0.9529	0.6772	9.5826
0.9517	0.6766	9.5826
0.9476	0.6784	9.5850
0.9493	0.6778	9.5838
0.9452	0.6760	9.5862
0.9464	0.6766	9.5838
0.9470	0.6778	9.5838
0.9505	0.6754	9.5826
0.9511	0.6754	9.5826
0.9529	0.6742	9.5838
0.9541	0.6742	9.5802
0.9547	0.6754	9.5808
0.9571	0.6706	9.5838
0.9589	0.6718	9.5802
0.9577	0.6718	9.5802
0.9577	0.6736	9.5844
0.9571	0.6730	9.5832
0.9547	0.6730	9.5844
0.9541	0.6748	9.5856
0.9529	0.6742	9.5844
0.9505	0.6748	9.5844
0.9493	0.6754	9.5862
0.9464	0.6736	9.5856
0.9458	0.6760	9.5856
0.9446	0.6766	9.5886
0.9470	0.6748	9.5868
0.9482	0.6748	9.5844
0.9487	0.6766	9.5886
0.9493	0.6760	9.5856
0.9511	0.6760	9.5832
0.9511	0.6748	9.5874
0.9511	0.6742	9.5868
0.9535	0.6742	9.5820
0.9547	0.6736	9.5862
0.9547	0.6736	9.5844
0.9547	0.6748	9.5814
0.9547	0.6748	9.5850
0.9535	0.6754	9.5850
0.9535	0.6754	9.5808
0.9523	0.6754	9.5850
0.9505	0.6748	9.5844
0.9505	0.6760	9.5820
0.9482	0.6772	9.5862
0.9470	0.6766	9.5886
0.9482	0.6766	9.5856
0.9487	0.6772	9.5880
0.9487	0.6766	9.5886
0.9487	0.6766	9.5856
0.9493	0.6772	9.5862
0.9493	0.6766	9.5874
0.9511	0.6766	9.5838
0.9523	0.6748	9.5844
0.9529	0.6742	9.5850
0.9541	0.6748	9.5820
0.9529	0.6748	9.5832
0.9523	0.6754	9.5844
0.9517	0.6760	9.5838
0.9511	0.6748	9.5838
0.9511	0.6760	9.5856
0.9505	0.6760	9.5850
0.9482	0.6760	9.5850
0.9476	0.6772	9.5868
0.9464	0.6778	9.5874
0.9470	0.6778	9.5862
0.9464	0.6778	9.5862
0.9458	0.6766	9.5868
0.9452	0.6760	9.5850
0.9440	0.6766	9.5856
0.9458	0.6766	9.5856
0.9476	0.6754	9.5832
0.9499	0.6748	9.5832
0.9517	0.6748	9.5838
0.9517	0.6742	9.5832
0.9517	0.6748	9.5832
0.9523	0.6748	9.5838
0.9535	0.6736	9.5832
0.9541	0.6736	9.5838
0.9535	0.6730	9.5844
0.9535	0.6730	9.5856
0.9523	0.6736	9.5850
0.9505	0.6748	9.5856
0.9505	0.6748	9.5844
0.9505	0.6754	9.5838
0.9493	0.6760	9.5838
0.9487	0.6754	9.5826
0.9482	0.6754	9.5826
0.9476	0.6754	9.5826
0.9476	0.6754	9.5820
0.9487	0.6748	9.5814
0.9487	0.6754	9.5820
0.9487	0.6748	9.5808
0.9505	0.6748	9.5808
0.9505	0.6748	9.5820
0.9511	0.6742	9.5820
0.9523	0.6736	9.5820
0.9529	0.6730	9.5826
0.9529	0.6736	9.5826
0.9529	0.6736	9.5826
0.9523	0.6748	9.5832
0.9529	0.6754	9.5838
0.9529	0.6748	9.5838
0.9523	0.6748	9.5838
0.9517	0.6754	9.5844
0.9505	0.6748	9.5844
0.9493	0.6748	9.5844
0.9482	0.6754	9.5862
0.9482	0.6760	9.5856
0.9482	0.6760	9.5850
0.9482	0.6760	9.5856
0.9493	0.6754	9.5850
0.9505	0.6760	9.5844
0.9505	0.6760	9.5832
0.9505	0.6748	9.5826
0.9523	0.6748	9.5826
0.9529	0.6742	9.5832
0.9541	0.6736	9.5838
0.9541	0.6736	9.5832
0.9541	0.6736	9.5844
0.9547	0.6748	9.5850
0.9535	0.6742	9.5844
0.9535	0.6748	9.5838
0.9523	0.6736	9.5832
0.9517	0.6736	9.5838
0.9505	0.6736	9.5844
0.9493	0.6730	9.5844
0.9499	0.6736	9.5850
0.9493	0.6736	9.5850
0.9487	0.6736	9.5850
0.9493	0.6730	9.5838
0.9499	0.6742	9.5844
0.9499	0.6748	9.5838
0.9499	0.6748	9.5838
0.9505	0.6742	9.5838
0.9517	0.6736	9.5850
0.9529	0.6730	9.5850
0.9529	0.6736	9.5862
0.9535	0.6736	9.5862
0.9541	0.6736	9.5862
0.9547	0.6742	9.5850
0.9547	0.6742	9.5856
0.9535	0.6742	9.5862
0.9535	0.6748	9.5868
0.9529	0.6754	9.5856
0.9517	0.6748	9.5862
0.9511	0.6748	9.5868
0.9493	0.6754	9.5862
0.9487	0.6760	9.5862
0.9482	0.6760	9.5862
0.9476	0.6760	9.5868
0.9482	0.6754	9.5862
0.9487	0.6742	9.5838
0.9493	0.6742	9.5838
0.9487	0.6736	9.5832
0.9499	0.6730	9.5832
0.9505	0.6730	9.5838
0.9517	0.6730	9.5856
0.9523	0.6724	9.5862
0.9529	0.6724	9.5862
0.9535	0.6730	9.5862
0.9541	0.6730	9.5862
0.9535	0.6742	9.5862
0.9535	0.6742	9.5886
0.9529	0.6748	9.5880
0.9523	0.6748	9.5874
0.9517	0.6754	9.5874
0.9517	0.6754	9.5868
0.9511	0.6760	9.5880
0.9505	0.6766	9.5886
0.9505	0.6760	9.5874
0.9511	0.6772	9.5880
0.9511	0.6772	9.5880
0.9511	0.6772	9.5874
0.9511	0.6766	9.5874
0.9517	0.6772	9.5874
0.9529	0.6772	9.5868
0.9529	0.6766	9.5868
0.9547	0.6754	9.5868
0.9553	0.6748	9.5868
0.9535	0.6748	9.5862
0.9535	0.6748	9.5862
0.9535	0.6748	9.5862
0.9535	0.6748	9.5868
0.9535	0.6748	9.5862
0.9523	0.6742	9.5862
0.9517	0.6748	9.5868
0.9511	0.6754	9.5880
0.9499	0.6754	9.5880
0.9499	0.6754	9.5880
0.9505	0.6754	9.5874
0.9493	0.6760	9.5874
0.9493	0.6760	9.5874
0.9493	0.6760	9.5868
0.9505	0.6760	9.5880
0.9511	0.6754	9.5880
0.9523	0.6754	9.5874
0.9523	0.6748	9.5874
0.9535	0.6748	9.5880
0.9547	0.6748	9.5880
0.9547	0.6742	9.5880
0.9541	0.6742	9.5880
0.9547	0.6736	9.5880
0.9547	0.6742	9.5880
0.9547	0.6742	9.5874
0.9535	0.6742	9.5874
0.9523	0.6736	9.5886
0.9511	0.6736	9.5886
0.9505	0.6742	9.5886
0.9493	0.6748	9.5886
0.9482	0.6748	9.5886
0.9493	0.6748	9.5892
0.9505	0.6754	9.5886
0.9499	0.6742	9.5880
0.9511	0.6742	9.5874
0.9511	0.6748	9.5880
0.9517	0.6748	9.5874
0.9529	0.6742	9.5856
0.9535	0.6748	9.5850
0.9535	0.6748	9.5850
0.9535	0.6748	9.5850
0.9529	0.6754	9.5850
0.9529	0.6748	9.5838
0.9535	0.6754	9.5838
0.9529	0.6754	9.5838
0.9523	0.6748	9.5832
0.9517	0.6748	9.5838
0.9511	0.6748	9.5832
0.9505	0.6748	9.5832
0.9499	0.6748	9.5820
0.9493	0.6754	9.5808
0.9487	0.6754	9.5814
0.9487	0.6754	9.5814
0.9487	0.6760	9.5808
0.9505	0.6754	9.5796
0.9505	0.6754	9.5796
0.9505	0.6754	9.5802
0.9511	0.6760	9.5814
0.9517	0.6754	9.5820
0.9523	0.6748	9.5820
0.9523	0.6748	9.5820
0.9529	0.6742	9.5820
0.9535	0.6736	9.5820
0.9529	0.6742	9.5826
0.9523	0.6748	9.5826
0.9517	0.6748	9.5826
0.9517	0.6748	9.5826
0.9511	0.6754	9.5832
0.9499	0.6754	9.5832
0.9493	0.6760	9.5832
0.9487	0.6754	9.5844
0.9482	0.6754	9.5832
0.9487	0.6754	9.5838
0.9482	0.6760	9.5838
0.9487	0.6760	9.5832
0.9487	0.6754	9.5826
0.9493	0.6754	9.5820
0.9511	0.6760	9.5832
0.9511	0.6760	9.5832
0.9523	0.6754	9.5844
0.9523	0.6760	9.5850
0.9523	0.6760	9.5844
0.9517	0.6766	9.5844
0.9523	0.6766	9.5832
0.9523	0.6766	9.5838
0.9523	0.6772	9.5838
0.9517	0.6766	9.5832
0.9511	0.6772	9.5838
0.9511	0.6766	9.5850
0.9517	0.6772	9.5850
0.9505	0.6772	9.5856
0.9505	0.6778	9.5850
0.9499	0.6772	9.5850
0.9499	0.6772	9.5844
0.9505	0.6772	9.5850
0.9499	0.6778	9.5844
0.9505	0.6772	9.5844
0.9511	0.6772	9.5838
0.9523	0.6772	9.5826
0.9523	0.6772	9.5826
0.9523	0.6778	9.5814
0.9517	0.6772	9.5814
0.9517	0.6766	9.5814
0.9523	0.6760	9.5820
0.9529	0.6760	9.5826
0.9529	0.6754	9.5832
0.9529	0.6760	9.5838
0.9523	0.6760	9.5838
0.9523	0.6760	9.5850
0.9523	0.6760	9.5856
0.9517	0.6754	9.5862
0.9523	0.6748	9.5856
0.9523	0.6754	9.5850
0.9517	0.6754	9.5856
0.9517	0.6760	9.5844
0.9523	0.6760	9.5856
0.9517	0.6754	9.5850
0.9511	0.6754	9.5850
0.9511	0.6748	9.5838
0.9505	0.6748	9.5838
0.9517	0.6748	9.5838
0.9517	0.6742	9.5838
0.9523	0.6742	9.5832
0.9523	0.6742	9.5832
0.9517	0.6742	9.5832
0.9517	0.6742	9.5826
0.9511	0.6742	9.5826
0.9511	0.6736	9.5820
0.9511	0.6736	9.5820
0.9511	0.6742	9.5832
0.9499	0.6742	9.5832
0.9499	0.6748	9.5838
0.9499	0.6748	9.5838
0.9499	0.6748	9.5832
0.9487	0.6748	9.5838
0.9499	0.6754	9.5838
0.9493	0.6748	9.5832
0.9487	0.6748	9.5832
0.9493	0.6748	9.5832
0.9499	0.6748	9.5826
0.9505	0.6748	9.5838
0.9505	0.6742	9.5838
0.9505	0.6742	9.5838
0.9511	0.6742	9.5838
0.9511	0.6742	9.5832
0.9511	0.6742	9.5832
0.9517	0.6736	9.5838
0.9505	0.6736	9.5838
0.9505	0.6736	9.5838
0.9499	0.6736	9.5844
0.9487	0.6736	9.5844
0.9482	0.6730	9.5850
0.9493	0.6730	9.5850
0.9499	0.6736	9.5850
0.9493	0.6748	9.5838
0.9493	0.6742	9.5838
0.9493	0.6742	9.5838
0.9505	0.6742	9.5844
0.9505	0.6748	9.5838
0.9493	0.6742	9.5838
0.9487	0.6742	9.5832
0.9493	0.6742	9.5838
0.9493	0.6748	9.5844
0.9493	0.6748	9.5844
0.9493	0.6748	9.5844
0.9493	0.6754	9.5844
0.9487	0.6760	9.5838
0.9493	0.6766	9.5832
0.9493	0.6760	9.5838
0.9487	0.6760	9.5844
0.9482	0.6760	9.5850
0.9482	0.6754	9.5850
0.9476	0.6748	9.5850
0.9476	0.6754	9.5850
0.9470	0.6754	9.5850
0.9464	0.6748	9.5832
0.9464	0.6754	9.5838
0.9464	0.6754	9.5832
0.9470	0.6742	9.5838
0.9476	0.6748	9.5844
0.9476	0.6748	9.5844
0.9487	0.6736	9.5850
0.9487	0.6730	9.5856
0.9493	0.6736	9.5874
0.9493	0.6736	9.5874
0.9499	0.6736	9.5886
0.9493	0.6736	9.5886
0.9487	0.6730	9.5886
0.9482	0.6724	9.5886
0.9487	0.6724	9.5874
0.9482	0.6730	9.5880
0.9476	0.6736	9.5886
0.9476	0.6736	9.5880
0.9476	0.6742	9.5880
0.9487	0.6748	9.5874
0.9487	0.6748	9.5886
0.9482	0.6748	9.5886
0.9493	0.6748	9.5886
0.9505	0.6748	9.5880
0.9511	0.6748	9.5874
0.9517	0.6742	9.5874
0.9523	0.6736	9.5874
0.9517	0.6742	9.5868
0.9523	0.6742	9.5874
0.9529	0.6742	9.5862
0.9535	0.6742	9.5862
0.9529	0.6748	9.5862
0.9523	0.6748	9.5850
0.9517	0.6754	9.5856
0.9517	0.6754	9.5856
0.9517	0.6760	9.5850
0.9511	0.6760	9.5838
0.9505	0.6766	9.5838
0.9505	0.6772	9.5832
0.9499	0.6760	9.5844
0.9499	0.6766	9.5850
0.9499	0.6766	9.5850
0.9499	0.6760	9.5856
0.9511	0.6766	9.5850
0.9505	0.6766	9.5844
0.9499	0.6760	9.5838
0.9511	0.6754	9.5826
0.9505	0.6754	9.5826
0.9511	0.6754	9.5832
0.9517	0.6754	9.5832
0.9517	0.6760	9.5832
0.9517	0.6760	9.5844
0.9505	0.6754	9.5838
0.9505	0.6754	9.5838
0.9499	0.6760	9.5832
0.9499	0.6754	9.5832
0.9505	0.6754	9.5838
0.9505	0.6760	9.5850
0.9511	0.6760	9.5850
0.9511	0.6760	9.5862
0.9499	0.6760	9.5862
0.9499	0.6760	9.5862
0.9493	0.6766	9.5856
0.9487	0.6766	9.5856
0.9482	0.6772	9.5856
0.9482	0.6766	9.5832
0.9482	0.6766	9.5832
0.9482	0.6766	9.5844
0.9487	0.6772	9.5850
0.9487	0.6772	9.5856
0.9487	0.6766	9.5850
0.9487	0.6760	9.5850
0.9487	0.6760	9.5856
0.9487	0.6760	9.5850
0.9487	0.6748	9.5856
0.9487	0.6742	9.5862
0.9487	0.6736	9.5868
0.9487	0.6736	9.5856
0.9487	0.6736	9.5850
0.9487	0.6736	9.5850
0.9487	0.6730	9.5856
0.9493	0.6730	9.5844
0.9499	0.6736	9.5844
0.9493	0.6730	9.5844
0.9499	0.6730	9.5850
0.9499	0.6730	9.5856
0.9499	0.6730	9.5850
0.9499	0.6736	9.5844
0.9505	0.6730	9.5844
0.9511	0.6730	9.5850
0.9511	0.6736	9.5844
0.9505	0.6736	9.5850
0.9505	0.6742	9.5844
0.9511	0.6742	9.5844
0.9505	0.6742	9.5838
0.9505	0.6742	9.5838
0.9493	0.6742	9.5844
0.9493	0.6754	9.5838
0.9487	0.6754	9.5838
0.9482	0.6754	9.5832
0.9487	0.6754	9.5820
0.9493	0.6748	9.5832
0.9499	0.6754	9.5826
0.9499	0.6754	9.5820
0.9499	0.6754	9.5826
0.9499	0.6748	9.5826
0.9505	0.6754	9.5838
0.9505	0.6754	9.5838
0.9505	0.6748	9.5850
0.9499	0.6748	9.5844
0.9499	0.6754	9.5838
0.9505	0.6754	9.5838
0.9499	0.6760	9.5838
0.9505	0.6754	9.5838
0.9505	0.6748	9.5844
0.9505	0.6748	9.5832
0.9505	0.6754	9.5844
0.9505	0.6760	9.5838
0.9517	0.6748	9.5856
0.9517	0.6748	9.5856
0.9523	0.6748	9.5850
0.9523	0.6754	9.5850
0.9523	0.6748	9.5850
0.9529	0.6748	9.5850
0.9535	0.6754	9.5862
0.9541	0.6754	9.5868
0.9535	0.6754	9.5862
0.9541	0.6760	9.5856
0.9541	0.6766	9.5844
0.9547	0.6760	9.5856
0.9553	0.6754	9.5856
0.9547	0.6754	9.5862
0.9547	0.6754	9.5868
0.9547	0.6748	9.5862
0.9547	0.6748	9.5862
0.9547	0.6748	9.5856
0.9547	0.6742	9.5850
0.9541	0.6748	9.5850
0.9535	0.6748	9.5838
0.9529	0.6748	9.5838
0.9529	0.6748	9.5844
0.9529	0.6754	9.5844
0.9523	0.6754	9.5838
0.9517	0.6748	9.5832
0.9523	0.6748	9.5838
0.9529	0.6754	9.5832
0.9517	0.6760	9.5826
0.9517	0.6760	9.5832
0.9523	0.6760	9.5838
0.9517	0.6760	9.5832
0.9517	0.6754	9.5832
0.9517	0.6754	9.5826
0.9511	0.6760	9.5838
0.9517	0.6760	9.5832
0.9511	0.6748	9.5832
0.9505	0.6748	9.5832
0.9511	0.6748	9.5826
0.9517	0.6754	9.5826
0.9517	0.6760	9.5832
0.9505	0.6760	9.5826
0.9511	0.6760	9.5826
0.9523	0.6766	9.5826
0.9523	0.6766	9.5826
0.9523	0.6760	9.5832
0.9523	0.6760	9.5832
0.9529	0.6766	9.5826
0.9517	0.6766	9.5826
0.9511	0.6766	9.5826
0.9511	0.6766	9.5820
0.9511	0.6766	9.5832
0.9511	0.6772	9.5832
0.9517	0.6772	9.5832
0.9517	0.6766	9.5832
0.9523	0.6766	9.5844
0.9505	0.6766	9.5838
0.9505	0.6760	9.5850
0.9505	0.6766	9.5850
0.9505	0.6760	9.5856
0.9505	0.6766	9.5856
0.9505	0.6760	9.5850
0.9499	0.6766	9.5850
0.9493	0.6772	9.5838
0.9505	0.6772	9.5856
0.9505	0.6772	9.5862
0.9499	0.6778	9.5856
0.9499	0.6778	9.5856
0.9493	0.6778	9.5856
0.9505	0.6772	9.5856
0.9511	0.6772	9.5862
0.9517	0.6760	9.5868
0.9505	0.6760	9.5862
0.9505	0.6766	9.5862
0.9493	0.6760	9.5862
0.9499	0.6760	9.5868
0.9505	0.6754	9.5874
0.9511	0.6748	9.5886
0.9511	0.6754	9.5880
0.9511	0.6754	9.5874
0.9517	0.6748	9.5868
0.9517	0.6748	9.5874
0.9511	0.6748	9.5880
0.9505	0.6748	9.5868
0.9499	0.6748	9.5868
0.9505	0.6754	9.5862
0.9499	0.6754	9.5862
0.9499	0.6748	9.5868
0.9499	0.6748	9.5868
0.9499	0.6754	9.5856
0.9493	0.6748	9.5868
0.9499	0.6754	9.5868
0.9505	0.6748	9.5856
0.9511	0.6748	9.5868
0.9511	0.6748	9.5868
0.9517	0.6748	9.5856
0.9511	0.6748	9.5856
0.9523	0.6754	9.5850
0.9511	0.6748	9.5850
0.9505	0.6748	9.5850
0.9499	0.6748	9.5850
0.9499	0.6748	9.5856
0.9499	0.6742	9.5856
0.9517	0.6742	9.5850
0.9511	0.6742	9.5844
0.9505	0.6742	9.5838
0.9505	0.6742	9.5838
0.9505	0.6742	9.5838
0.9517	0.6742	9.5844
0.9517	0.6742	9.5838
0.9517	0.6742	9.5850
0.9523	0.6736	9.5844
0.9529	0.6742	9.5844
0.9523	0.6748	9.5838
0.9517	0.6748	9.5838
0.9523	0.6748	9.5844
0.9523	0.6748	9.5844
0.9529	0.6754	9.5838
0.9517	0.6748	9.5832
0.9523	0.6748	9.5832
0.9517	0.6754	9.5826
0.9511	0.6754	9.5826
0.9517	0.6754	9.5820
0.9511	0.6754	9.5814
0.9511	0.6754	9.5820
0.9517	0.6760	9.5820
0.9505	0.6760	9.5820
0.9499	0.6766	9.5820
0.9499	0.6754	9.5826
0.9505	0.6754	9.5826
0.9517	0.6748	9.5832
0.9523	0.6748	9.5832
0.9523	0.6748	9.5826
0.9523	0.6748	9.5826
0.9517	0.6754	9.5832
0.9511	0.6760	9.5838
0.9511	0.6760	9.5838
0.9511	0.6754	9.5844
0.9511	0.6754	9.5856
0.9523	0.6754	9.5856
0.9523	0.6754	9.5862
0.9529	0.6748	9.5868
0.9529	0.6754	9.5868
0.9517	0.6748	9.5868
0.9517	0.6748	9.5862
0.9511	0.6748	9.5856
0.9511	0.6754	9.5850
0.9511	0.6754	9.5856
0.9511	0.6760	9.5856
0.9511	0.6760	9.5862
0.9511	0.6760	9.5862
0.9511	0.6766	9.5850
0.9517	0.6766	9.5850
0.9523	0.6772	9.5850
0.9523	0.6766	9.5856
0.9529	0.6766	9.5856
0.9517	0.6766	9.5862
0.9511	0.6766	9.5844
0.9523	0.6760	9.5850
0.9517	0.6760	9.5862
0.9517	0.6760	9.5868
0.9523	0.6760	9.5862
0.9517	0.6754	9.5874
0.9529	0.6754	9.5868
0.9529	0.6754	9.5868
0.9529	0.6754	9.5862
0.9535	0.6754	9.5862
0.9541	0.6748	9.5868
0.9541	0.6754	9.5868
0.9547	0.6754	9.5862
0.9541	0.6748	9.5862
0.9547	0.6748	9.5862
0.9547	0.6748	9.5874
0.9553	0.6754	9.5874
0.9547	0.6754	9.5862
0.9541	0.6754	9.5862
0.9535	0.6754	9.5856
0.9535	0.6748	9.5850
0.9529	0.6754	9.5856
0.9529	0.6754	9.5838
0.9535	0.6754	9.5838
0.9523	0.6754	9.5844
0.9517	0.6760	9.5856
0.9511	0.6760	9.5862
0.9505	0.6760	9.5856
0.9511	0.6754	9.5856
0.9511	0.6754	9.5856
0.9511	0.6760	9.5856
0.9517	0.6760	9.5850
0.9511	0.6754	9.5850
0.9511	0.6754	9.5856
0.9511	0.6748	9.5856
0.9523	0.6736	9.5862
0.9523	0.6736	9.5868
0.9523	0.6730	9.5862
0.9523	0.6736	9.5862
0.9511	0.6736	9.5862
0.9505	0.6736	9.5862
0.9505	0.6736	9.5868
0.9511	0.6748	9.5868
0.9505	0.6742	9.5874
0.9505	0.6748	9.5874
0.9505	0.6754	9.5868
0.9511	0.6754	9.5862
0.9517	0.6760	9.5868
0.9517	0.6760	9.5868
0.9511	0.6766	9.5868
0.9511	0.6766	9.5862
0.9511	0.6766	9.5868
0.9499	0.6760	9.5868
0.9499	0.6760	9.5862
0.9499	0.6766	9.5868
0.9505	0.6766	9.5868
0.9499	0.6766	9.5874
0.9505	0.6760	9.5874
0.9499	0.6760	9.5868

